target intercept intra juxta.15 para.100 p.intercept p.intra p.juxta.15 p.para.100
MT2A 0.00366587501944349 0.277701188155328 0.0258868291802458 0.148922337235837 7.38974299125282e-05 3.15829007147979e-10 0.563484813661121 1.27011560823504e-06
CD19 0.00693589587828191 0.306265037476015 0.0179823889853553 -0.0532415409710748 1.59926290236195e-09 2.12827576629013e-15 0.676205043735927 0.0646912988174486
EFNA5 0.0115219589657689 0.406195840862525 -0.0221105715573207 0.0861705890294185 6.88628950549742e-09 1.04228471075251e-28 0.552932416586829 0.00251068913545386
PTPRC 0.00412978635001257 0.829012351877681 0.0712795074318198 -0.0443526401011342 0.0287844827660669 2.77587403410995e-166 0.0453426362426541 0.115673293582299
LILRB1 -0.0130244318328588 1.04453646495413 0.109681952900438 0.0598153529861306 0.000707570884398891 0 0.000776949972824925 0.00739279918980412
HLA.DRB1 0.00199567440562775 0.977100096421112 0.0307371884283079 -0.0248749133042641 0.574132380549448 0 0.39360498414711 0.295704274989626
COBL -0.00301653527171404 0.936834476647651 0.000196461756885992 0.108598481473912 0.459906392620465 0 0.995049875820244 1.32068707416007e-05
ACTA2 -0.0920482670112331 1.06297174014009 0.0978212519252156 0.166236334745019 2.47292113813541e-24 0 0.000121317605650177 3.19875852827333e-17
SNAI2 0.0109034439295482 0.729953948783157 0.0478521823205357 0.0984690044011046 0.0551538223472363 1.98541650069811e-138 0.177308532944245 9.56996881733608e-05
NR3C1 0.0193765872647179 0.663553993929286 0.0894471172122616 0.0418478752365966 0.000263148062781561 3.37817873048712e-101 0.0172886805569044 0.101439938561578
THY1 -0.0245509004788144 0.954553111972783 0.101639752787866 0.12092683513908 0.00041057462009411 0 0.00189800385944543 2.33741724647879e-07
CD2 -0.0213231029938922 1.21094170223212 0.040645864096255 0.0358800710852152 1.26074988266522e-06 0 0.136681729136735 0.055843405604298
BGN -0.51903385524557 1.11189064833966 0.0403358214436642 0.126711806042795 1.94394000670651e-20 0 0.0940920005164402 1.62092212329912e-13
JUNB -0.504343118542376 1.02215129787252 0.103713055938568 0.243478836339814 1.26347261355578e-21 0 0.00112323515452233 1.14269063401987e-34
FN1 -1.10819863829653 0.991295472579011 -0.0266262392954873 0.325161545424615 2.52163914951437e-13 0 0.415887299361082 1.2142797400029e-61
CD74 -0.521239584839057 1.21200514320595 -0.0179932596877286 0.074605870565631 8.9922538195676e-24 0 0.302592746363448 8.60701354219936e-11
PTTG1 -0.00206255659069118 1.14964235077476 -0.0344456190909121 -0.00804026465997932 0.301590552267532 0 0.329442692332587 0.776365843938164
LRP2 0.00960019501240842 0.600056599667305 -0.0136778992100972 0.0646921920310361 9.59473708684123e-05 1.61106514066625e-80 0.729421302898794 0.0230249926695599
ACTG2 -0.0181585135711308 1.17207703246585 0.145950379484037 0.0825684618417867 1.45673977088934e-14 0 1.05059533397179e-07 1.86040349815429e-05
NUF2 0.00540063419747381 0.40425155240611 -0.0191661448260434 -0.000968729583027732 3.65025733537896e-07 1.19762384753669e-31 0.611898371100617 0.975514864713107
HLA.DRB5 0.00925651346789817 0.452536965922515 -0.0137571705112329 0.0507544616702184 8.77996313326388e-08 5.8661700101531e-36 0.719919467550805 0.0664110697955661
MUC1 -0.265530113219861 1.11624250906812 -0.0994294889684539 0.0979375839334754 7.85365009596127e-05 0 5.26219046669134e-09 9.50271144720659e-11
EGFR 0.018791513602398 0.728344162211116 0.0375812460644186 0.0626224115962982 0.00837218065159007 2.53993609028144e-143 0.337613938384332 0.0128194050808516
SOX10 -0.00537818745323773 1.13358512140458 0.0759912314234359 0.102912313905741 0.00970069256448175 1.62895709120052e-179 0.0918173472190798 3.94919452913263e-05
CD24 -0.0206139643266599 1.05219093139704 -0.0460280105792069 0.120172953439987 0.0061715493558456 0 0.0662088959523365 1.31538456533799e-10
CD79A 0.00835697128814369 0.700678053005425 -0.0240370817056911 0.0103700753058711 0.000119358384528314 5.92912100849328e-131 0.542388252930646 0.709272166670807
KIF23 -0.000608938713670109 1.04595220748106 -0.0441769000211378 0.0395653467890727 0.781097655082076 0 0.189615610525557 0.127226363149597
OBP2B 0.00272094076518519 0.104785167950437 0.289931593890265 -0.0151191000731883 0.000230850004788041 0.0191972639269382 1.0693618440771e-14 0.618672653862437
LST1 0.00964390073719775 0.309062980563482 0.101344326411622 0.0234536444575533 2.88719996309253e-08 8.15837666221958e-16 0.0282319758241417 0.418986258641494
BICC1 0.0124276287147622 0.748918748213074 -0.0264352866314958 0.0602341331265239 0.0026649736817819 1.70309260507454e-158 0.519268403056507 0.0203474060877557
COL1A1 -2.63594966908935 1.13802048906731 0.0330403925835646 0.123246618905027 1.67582592312949e-69 0 0.0299442651699907 3.84994953529706e-31
TIMP1 -0.167865605023639 1.04176026246996 0.0545930999531591 0.233142883382022 1.46461569351617e-12 0 0.105661269367171 2.72615812300087e-26
MYB -0.0205163648467346 1.36825028078711 -0.0453420798422416 0.00141626852498498 1.76028133175325e-05 0 0.103021837052281 0.948069432536278
RAMP2 0.00719970045740986 0.733550451373752 0.0484074781608348 0.00800422283444244 0.00408762290728187 3.75182726305945e-146 0.160263135506975 0.759832122427853
FOS -0.750095418071144 0.869112511982912 -0.00935734678918945 0.630534419001627 1.17234647271812e-36 8.62590527223504e-305 0.761968016881044 5.62549309750111e-284
CD274 0.00375943685369079 0.495828319087245 -0.0293146096298667 0.0345481176532753 0.000169005804939163 2.70485088761014e-35 0.447700546193112 0.220674601691788
SOX18 -0.00393545935063121 0.954899971305595 0.0982926742749562 0.0424304348622033 0.20367601386901 0 0.0022889584604334 0.0874972032461278
EIF3E 0.0149696600673738 0.660569799118284 0.0405287294788385 0.0310025294375644 3.15768159443298e-05 3.96342616051834e-118 0.270327953613892 0.24415493909119
KIT -0.0258688092761833 1.85500175797587 -0.0411942845857616 0.104091577381711 2.45493890854722e-22 0 0.24959353182256 0.000117339812735179
BIRC5 0.0054447117598207 0.61660213078985 0.0169725652082955 -0.00959435976717683 6.47533579638237e-05 4.3859289653823e-99 0.637087898883318 0.741507545597921
ACTR3B 0.0356025207437255 0.511238825366394 0.0118201993825227 -0.0157603381485988 9.86763128172202e-15 2.56924455661409e-57 0.747206241050113 0.547358116472938
CD79B 0.00886087858039866 0.698532059629545 0.0169088171799854 6.15952796938716e-05 0.000101731755244583 2.20242655600351e-105 0.63086818277109 0.998215642122296
ORC6 0.00038036300793313 0.949228741339343 0.0341475799485677 0.0189434169048753 0.859802622327023 0 0.34403068757807 0.488432844973577
HLA.E -0.188873799234583 1.16891950529918 -0.0488378767393692 0.124039196044384 4.98979409840394e-19 0 0.0186620256395484 1.55436170161082e-15
LTF 0.0121907029566111 0.66712690644398 -0.0136992203981275 0.0182832950400067 0.0036688321077513 1.07442871008005e-75 0.770267867656951 0.537356234601222
TMEM45B 0.003510762872408 0.828363154249872 0.0202015259907132 0.0279632031095787 0.116150626469271 4.38504166172005e-277 0.520898545869238 0.297225702686231
RB1 0.0147762679116489 0.395511108611258 0.102396534357679 0.0538513477423935 1.30489038389389e-08 6.4174797047988e-31 0.00613670932915019 0.0454137135103705
MYBL2 -0.0233757968842075 1.20617324590292 -0.0117648465549287 -0.0353228208131767 0.0218720970590788 0 0.639916669731288 0.113625946187359
ADGRL4 0.0046607999378791 0.600886926354198 0.0499128024845114 0.0205798201251246 0.00113974459777937 1.01981968773822e-78 0.176760852730918 0.470814762646837
COL1A2 -1.87702514386434 1.13821512153972 0.0383206425739869 0.0729631630950704 3.06363474223082e-53 0 0.00935062874131361 2.73700108059094e-12
ELF5 0.00306281450893326 0.825724812688615 0.124597318285201 -0.00721089178294445 0.259640481091409 9.21522714918661e-235 5.16314142624545e-05 0.76753828439792
CD8A 0.00490107266926475 0.598389686061134 0.0673886239468855 0.0145373151779932 0.0014473686244407 8.85413470532509e-60 0.117629060811674 0.581241290056436
FOXA1 -0.0263512009231189 1.0268121463978 0.0102209952142814 0.0444793973423468 0.0259318763340387 0 0.63745394128735 0.0156523830576469
CD34 -0.0611753387687755 1.15827546501192 0.0409996300891677 0.096621320181671 7.30397772768037e-12 0 0.0518747750437738 6.21961755440135e-07
KRAS 0.0144214600941964 0.553165164852961 0.075762549986769 0.0180014465045875 8.71664193158558e-07 1.19566407516308e-68 0.0286595599383071 0.499679905563155
BLVRA 0.0119873913460825 0.687958993823959 0.0828766141742743 0.00141630742115129 0.000315920084443985 2.35809645930169e-150 0.0172698193439527 0.955657467805747
SOX4 -0.0833634247470114 0.99056204173752 0.0110573826800633 0.153580575458539 2.6521108759845e-05 0 0.690927476864269 3.69478618368809e-13
LUM -0.0206339902097695 0.833278770612491 0.10001424579404 0.188091319659072 0.00686788348770606 4.0245909507249e-255 0.00527716784102644 1.51704047420651e-17
KRT10 0.00315153186568065 0.125185817121702 0.0499672575446682 -0.0351156643967855 6.44288424480704e-07 0.0022827760031354 0.187147298366222 0.252508317231574
PABPC1 -0.191803124831378 1.04649557148801 -0.0410309289677656 0.187946337260499 6.55437299428945e-16 0 0.0312765476934986 4.13410930840662e-33
AGR2 0.00929321093346891 0.560471734310633 0.0158247335959477 0.100830028829817 0.000250153486705864 2.44920006771045e-84 0.665257706768563 0.00012230396622977
HSPB1 -0.126631396647873 0.994708343621389 0.102686694929808 0.136812730899287 1.6951076138281e-09 0 0.000522123838814204 1.60351178978602e-10
TMSB10 -0.00707894425395899 0.959828936925093 -0.0588793068957513 0.121895372531763 0.82494422691152 0 0.0777882578655241 4.81840543809215e-08
EPCAM -0.0134923459037504 0.974755389755671 0.0519034051451611 0.0761419964441916 0.0169166563596153 0 0.0483747068936505 0.00022296771859278
MYC -0.00266386363904032 0.840696178413972 0.0888690762919391 0.0765218612217423 0.686998427338147 0 0.00301921826407094 0.0016135326567538
KRT14 0.00487188739071873 0.445883142555575 0.0292046014424342 -0.022615733092294 3.05751413403062e-06 5.09882179336699e-35 0.46734330867873 0.446657956285267
PBK 0.00293576989184987 0.298938561430666 0.0893563236983494 0.174256876213404 0.00208032097545512 2.42398499266218e-14 0.02074506071607 3.25791937241216e-09
BRAF 0.0103847180060553 0.442375626753642 0.0085527199991323 -0.00826376223451182 5.0887790747985e-10 4.64603949927743e-39 0.818130139402236 0.7625221418492
RPL13 0.0583731571249807 0.581402685387153 -0.0481623914724393 -0.0138576375985515 1.76301566480422e-17 2.77695214653166e-89 0.189450318434173 0.588829677462767
CD9 0.00834832968235375 0.815150159221816 0.0232800047670713 0.0642823418500683 0.0672676317437804 4.63219447019336e-311 0.479743812121021 0.00867743411862624
CD36 -0.0291167531538522 0.870746475398494 -0.0513095683339722 0.39383995862419 0.000395185343232748 9.5445458178856e-232 0.10621097889222 6.44655835017907e-63
COL3A1 -0.7287958906126 1.10877718517506 -0.0130225855257719 0.154386974938012 4.38581249272961e-24 0 0.552961373189232 1.74188386427001e-27
FOXC1 -0.0177530571631408 0.766284855804245 0.169940722798562 0.227535053547048 0.00011226689907755 1.23693401024291e-167 1.15543717186126e-07 1.84351929171556e-23
LYPD6B 0.00390282436022457 0.785975550513977 0.0291475148895882 0.0242265565370391 0.0629274923364389 6.97617803472959e-164 0.441476686268522 0.350551491899777
SPDEF -0.0477776208429484 1.06855758696651 -0.0390317920457319 0.0657020823978246 0.000789617290457956 0 0.0282159407659179 1.53636765575688e-05
PDCD1 0.00741629004715325 0.40512961365359 0.0459744499959629 -0.0328330899263909 3.37201113522126e-08 4.90510558808468e-32 0.240093834195307 0.253054944035916
AHR 0.0169748403997617 0.636933839524547 0.0497041873919356 0.0496463598633941 6.93276431890424e-05 5.69665018476712e-104 0.170253503742293 0.0474959724469127
CD96 -0.00301518994222755 1.06847674643605 -0.0273752289386367 0.0603238901063111 0.222752288958262 0 0.437150030211916 0.0111017259817976
KRT15 0.00345696016349661 0.806106356111734 0.0690787303050513 0.0252379465701098 0.188546903697863 1.02639587123353e-287 0.0344450689428962 0.345806907306834
C1QA -0.00176031511962173 1.08108551242355 -0.0490494175942857 0.0297261076968483 0.612765904326099 0 0.179107864318054 0.219877127459308
CD38 0.00665934640452422 0.677985079546477 -0.0115060183831696 -0.0631414692114193 2.53559810809735e-05 2.13908077808859e-93 0.778973484384034 0.0308852386545055
SPP1 0.00156491771972729 0.747357238735885 0.0266577189706656 0.134226301583018 0.38137989824945 1.6178045025254e-111 0.529295159338393 7.77438850318153e-06
HSPG2 -0.0539290152118565 1.16001131692328 -0.00189491989427365 0.0141680664855303 7.66569951285575e-05 0 0.939361605695245 0.467370523287715
KRT17 0.0030474588818352 0.226141798934347 -0.0407288142487924 -0.037658775191444 2.04163746308374e-05 1.51669910496946e-06 0.403388801060487 0.308593758268109
FOXP3 -0.0257234713684618 1.33698579633882 0.00566529968301887 0.0066922885996155 3.40211224693101e-05 0 0.864968678200279 0.800400060324325
ERBB2 -0.0182494131915458 0.993267367310847 0.0131592608664524 0.0678197104897848 0.0764323208654376 0 0.591256243863532 0.00107655331475174
RPL18 0.019958263930221 0.592141096019789 0.0588528884801311 0.0411199136491947 2.16221760982737e-06 6.22788866596668e-98 0.0847169507349625 0.105718898933536
LYZ -0.000202617245036188 0.735784697403514 0.183766335647418 0.0551871822357634 0.940862699680611 1.26007189878961e-151 1.74459469016574e-07 0.0341270208126403
PDPN 0.00821345289781605 0.337839028237692 -0.0479391032620433 0.0105982003894579 5.18546776045045e-10 4.11777061289091e-16 0.285680644471284 0.714630230214209
TP53 0.0116315316154757 0.943614049492403 -0.00373596106194921 0.0458314295368255 0.412924307883281 0 0.905448224720555 0.0461817864553046
MYL6 -0.221622932374989 1.07008069401665 0.050231762501164 0.104848117324643 1.00547411815576e-09 0 0.0783337605146201 1.60695565720979e-07
AIF1 0.0077110701368958 0.337342906413333 0.0104924244744922 0.0515110809618728 2.24767626496595e-08 3.89860908366407e-17 0.800066449181444 0.0776624154638535
COL4A1 -0.299243896023664 1.19800090459838 0.00439683038661298 0.110786585504521 4.06773909304319e-34 0 0.814803456065236 5.80079095530978e-11
CDC20 -0.0183353303056831 1.27542431366705 -0.0564923561974132 0.0699080684052412 3.97200330080504e-05 0 0.0539074966326289 0.002348009194815
C1QB -0.00536106579964285 1.08675557488978 0.00742076053136622 0.0233812566185278 0.095097484844546 0 0.815686649543079 0.313662643012555
CD3D 0.00570180937951732 0.89555645895043 -0.0293316878346105 0.00637549795305772 0.0695265996398949 2.20766837224637e-257 0.449405157260188 0.804056638981526
STAT5A 0.0177722505662204 0.490182656507736 -0.0591464141562143 0.0129967615976182 3.13162052031035e-12 1.78445349554767e-45 0.14592413165556 0.627080069869773
FXYD3 0.00107058064298727 0.95483906549858 -0.0689819815187714 0.103894778261168 0.83761748799413 0 0.00729100644162797 2.10462877726829e-06
ERBB3 -0.0182453651551946 1.04896190659687 0.00406842775581195 0.0489731609272587 0.00965999320946372 0 0.853899617672411 0.00864040550184575
ICAM1 -0.0321414501869847 0.656808394148948 0.245755959782546 0.537484079256925 7.2878042006624e-11 1.49050097768378e-76 6.87033736476721e-11 1.04186330935066e-108
PDZK1IP1 0.0214930379277157 0.481412181840691 0.045223231601613 0.0310764464082252 9.62701035238362e-10 4.04552408969301e-47 0.246706088307924 0.238295712976788
KRT18 -0.0705932212114363 1.06893960869899 -0.017274608087763 0.0789666804510167 1.47492924675997e-05 0 0.397888362896341 1.15015011844421e-06
MAPK13 0.0197877034436426 0.702120950558086 0.0893061884147238 0.0543149077015526 0.00478437172652001 1.08349508814257e-152 0.0115871067014476 0.0323945896529497
TPM2 -0.165706995225349 1.0537455510597 0.0655602019572095 0.10931267482646 1.42202360943069e-11 0 0.023215902096089 1.96042240364998e-08
RPSA 0.0213545873282586 0.831063844268876 0.0373214629937774 0.0401191623912778 0.0230557503311495 3.99251563829183e-268 0.256915576334593 0.101424330832854
CALCRL 0.014567159457784 0.48503841511154 0.0367075685919022 0.0158833640975655 2.57691579337577e-08 2.1289567808078e-46 0.356942982011235 0.570762309576714
AKT1 0.000657855702707515 0.903567204570055 0.0833282333052638 0.0238107145621334 0.933142735258984 0 0.00313903598637884 0.302281254951385
CDC6 0.0103875240283168 0.685002160282695 0.0596557354170879 0.00612100770251451 0.000551177559456545 5.3802336321718e-102 0.121633725406765 0.815289555512607
MYL9 -0.228694005124118 1.12220160395255 0.0714576677505576 0.145347841734077 9.32527824378341e-47 0 0.0015845856537365 5.07406123486242e-17
CD3E -0.0155649781345714 1.20845777348829 -0.0100657841486565 0.0482397540728305 6.70745190241434e-06 0 0.710659534234293 0.00750545741066105
ICOS 0.00436194218195031 0.71014639790081 0.0371181055892252 -0.017520096904352 0.00535601482502369 1.22073801785496e-95 0.324980516315008 0.521297290039424
COL4A2 -0.293928115032168 1.21450107944388 -0.0616272965863337 0.128910176154813 1.85625115657093e-33 0 0.000633243139817073 6.80055169109887e-16
STMN1 0.0174848343060907 0.777816421640336 -0.0529230362559996 -0.00770742663057944 2.93031378151138e-06 1.59354165760101e-182 0.124441911685326 0.768333043229158
ERBB4 0.0142912332292116 0.44888376396493 0.0655000677552311 -0.00994950442802608 3.13521730310321e-09 4.94412757005857e-38 0.0681080983532581 0.716857441530041
RRM2 -0.00110392013973436 1.01990810255895 -0.00993486543037863 0.0494444811443637 0.547542402587467 0 0.773852438421644 0.061711627019024
PECAM1 -0.00644420243236571 1.13072552993787 -0.0134946312426763 0.0140345115234816 0.115463899426948 0 0.658823287119793 0.538856917413015
GATA3 -0.0673036283436959 0.982752878167049 0.0252335543337816 0.122945862993699 7.03278594205645e-05 0 0.256340288252552 9.89265021996632e-11
CAPN13 0.00573567300197537 0.91138165586911 -0.025709311869505 0.0402659876500425 0.1904177259324 0 0.473792867537053 0.138893642994619
TRAC -0.00272444734844671 1.02651003564258 -0.0520153930344931 0.10499623177171 0.279826545821484 0 0.118468412658619 1.64653912852404e-05
ALDH1A3 0.02570008397212 0.570909339061141 0.00307692935907881 0.128431042766779 0.000157096483861139 9.5446571390347e-61 0.931080261453819 2.57736129896737e-07
CD3G 0.0145179545228204 0.500539301572233 0.0559746350211315 -0.0205788752585563 2.40621956521715e-09 2.37059925223203e-45 0.128389023470515 0.443838948888409
MAPK3 0.024979745483199 0.659589557505797 -0.055902236865145 0.0163407638996714 1.98228825998241e-09 9.58643205178234e-107 0.120587592088238 0.532600472989956
ESR1 0.00830424730557426 0.377155784759459 0.00641976618795224 0.0858377129119487 6.49787310108142e-08 2.51550411535222e-25 0.868059019432377 0.00316869196242093
CDH1 -0.0106571091158662 1.05389337772887 0.00284613773310482 0.0274166875208067 0.123355764546144 0 0.896077155426126 0.146178123552202
KRT19 -0.0929051917512256 1.08310176062874 -0.0686536632954322 0.0425476696053718 0.0404004252532091 0 2.49215750996629e-06 0.000621940250584358
PGR 0.00446387941361 0.0353688901753367 -0.0364635047126905 0.036140627564882 1.18806180559155e-09 0.485530365685783 0.372085310982696 0.248159370168288
MYLK -0.108285156281874 1.07922927280398 0.0287290615474067 0.144286420427618 3.2453974869409e-09 0 0.366872911008129 1.72317796595372e-12
COL4A5 0.0207148208638389 0.619492860234988 0.0196375273944905 -0.019552755162443 2.78490867527767e-09 1.75298632817282e-94 0.569415772570313 0.459627341813672
IFITM3 0.00243760594756548 0.717156891648147 0.104052009546916 0.12372612285303 0.626309644777576 5.02114362233486e-128 0.00267819155343724 2.53828709801216e-07
S100A14 0.00348866650273301 0.716547372671432 0.0644321278225034 0.0865818168702075 0.121895533482453 1.00168649090102e-166 0.0612379611746363 0.00117841101761555
CCL2 0.00574154541836631 0.370224468185569 0.0778987428835317 0.111890749218734 8.01680164316972e-05 6.30134300582727e-17 0.0678302147928765 4.14299652264475e-05
GNG11 0.00821790782265962 0.312321275695103 0.0210681785412478 0.0263400908210256 1.19080911837264e-09 8.60979959238674e-15 0.585741410600699 0.361819661124196
SULF1 0.0115588430554346 0.872634582294633 -0.0281818121816875 0.0864017799315975 0.18710986340549 6.66842650737691e-262 0.427914555527659 0.000362107709742264
TRDC 0.0100507103233273 0.3767854931453 0.0430226432931473 -0.0449080498807815 3.48326774029532e-10 6.23041436263881e-21 0.224337488602622 0.10675171290296
CR2 0.00533902855337612 0.0476535436962134 0.00504618776782494 -0.0454080973690566 3.22755646101034e-11 0.298409864623206 0.913702954030826 0.160105441747058
ANLN -0.0226230999136544 1.3290228860067 -0.0402747008166998 0.0257975494800101 2.96712579718977e-06 0 0.127639779578352 0.179361387612124
MDM2 0.0108397456721341 0.455686082245825 0.0103904813710621 0.0358854489479655 1.1769483010457e-07 4.69515705471261e-38 0.813018104471257 0.186011841458825
KRT5 0.00650569656167033 0.630364540488151 0.0375354162105102 0.0596698324243969 0.000937602097902605 1.36780883194675e-90 0.244452419713751 0.0202263874814659
CD4 0.00331441605260729 0.971004057401967 -0.0299141993603344 0.00920924675440613 0.264830021753451 0 0.40154428920196 0.706321625715967
FABP7 0.0185897554408191 0.706213739482921 0.0663574542022587 -0.0046494980837767 0.000382810308657737 3.02931501468589e-135 0.108003997274959 0.860852195205549
TSPAN1 -0.0112509996269001 1.03305237386647 -0.0731112941859307 0.234499050447405 0.00254016609219418 0 0.0148021383947746 1.27892287361449e-23
PHGDH 0.0107308319903186 0.703903781661473 0.0533591284751576 0.102251648985356 0.040069160440694 3.59881691872312e-150 0.100198066126263 0.000139831405116497
CCL3 -0.00338824714993703 1.07887294199914 -0.0406606168300795 0.0426720126545529 0.549375758794375 0 0.286832474647234 0.118265107648689
CDH11 -0.0315910878342367 1.07346006676852 -0.0320799300979951 0.0602878231728528 0.0511389459438938 0 0.303857692842526 0.00305297933956397
MYO10 -0.00854865983866092 0.954871326166322 0.0611960386735013 0.0488234682620789 0.304139845335971 7.08981183753514e-298 0.0855251723277573 0.0769796035425503
GNLY -0.0570701073021286 1.47243728251923 0.220904959339411 0.00423907142038836 3.88222700898527e-11 0 3.83827412058206e-09 0.876788068991077
IGF1R 0.0194564790504049 0.736515621872547 0.0128054349059071 0.0275243080661128 0.000186594491477447 6.74330840484141e-154 0.731260898197478 0.287766849115385
S100A4 0.0189376740483492 0.598869336587608 -0.0454931087074672 0.0778178741651861 1.58604051065443e-07 3.19370179938537e-88 0.212350422444415 0.00275910616474486
AP1M2 0.00317129114466406 0.676534022247246 0.0916379237098329 0.0460489285018909 0.0593236874947868 3.02518950138277e-147 0.00898141824826128 0.088956314475855
MELK -0.0173824851689909 1.23771637321487 -0.0502085335636878 0.124351189120598 4.05607762067186e-07 0 0.033659289991047 7.95485122847542e-11
TAGLN -0.0290593845558793 0.927839499448687 0.0280597573823307 0.197600792092225 0.000179297316727931 1.26887520175016e-317 0.407394654017353 3.20019476863802e-18
PI3 0.00663142300190388 0.16862988569882 -0.00196857943623684 -0.0414544736753966 1.0088233957049e-10 0.000316636909892232 0.968235085322514 0.177677965298323
CRABP2 0.00895900298535174 0.927062727998492 -0.0970596157995266 0.115360289186192 0.260340026327999 0 0.00140436974499634 4.76651380208561e-07
CCL4 -3.00158047607605e-06 0.693632066566842 0.126068649017484 0.166002281547448 0.998842282649115 4.09686029087753e-78 0.00413757429724155 1.36141947494583e-08
S100A8 0.00402443870636016 0.267072609526074 -0.0281298340482764 0.0931151390652409 5.13857532303697e-06 7.54308952616059e-11 0.53066472558292 0.00303320373763248
FAP 0.0128444753311399 0.601325092263668 0.0177900081830084 0.0557441516797477 1.02449695317028e-05 1.34861666444921e-69 0.625921899064557 0.0342418642635519
KRT7 -0.0604531191337148 1.08394691871878 -0.00883749866846076 0.010002785185726 0.00297192666540715 0 0.575576349667808 0.472307662382146
TTC6 -0.0181895892888865 0.981026261379721 0.0885241562801596 0.135628760858181 0.000168863554306411 0 0.00329542710489018 7.10657624414811e-09
CDH3 0.00836286108826226 0.486997834812909 0.051686699913661 0.166627322851031 0.00135480949089074 3.04717169460905e-46 0.195959708282221 9.31217565162216e-10
CD40 -0.0236107326094444 0.975707712070054 0.09167765647081 0.0966499176995626 0.00111569140705419 0 0.00268685442525717 1.78409073200753e-05
MIA 0.00727462696525744 0.123648083751549 -0.00799419173966076 0.0282114041323899 4.73621436587715e-12 0.00404195259325968 0.845242824554983 0.353812408040726
MYO5B 0.00323332786076947 0.901396212979791 0.0151361175167967 0.0448350420650871 0.407000668897916 0 0.651664562071593 0.0732433879826166
TBX21 0.00942564302448063 0.474599423873913 -0.0809346478462873 -0.0335036869033918 4.89786814341531e-11 6.89924456764764e-40 0.0253788091003479 0.239622341920265
APOC1 0.0053131513059775 0.973663278901494 -0.0411097786514378 -0.0211601571475998 0.12404498464547 0 0.258454533124382 0.40562600638057
TTYH1 -0.00213170373475511 0.724949455388507 0.00570796716233663 0.441222682226563 0.0869413648150017 5.45416192503995e-79 0.857997133938135 6.09743691738409e-69
S100A9 0.00750523643058562 0.612207839321852 -0.044250871068025 0.125163832152993 0.000990394831856102 8.75540583190908e-94 0.271058685792776 3.74238188076706e-06
CCL5 -0.00465187497178504 1.1082951033294 0.0960068011953702 -0.00651376374298652 0.0345564921015527 0 0.00916184070230755 0.798524579506183
GPNMB -0.00217941507573518 0.909681958198226 -0.0590700353058361 0.156153257948498 0.665323820479529 8.28050819256411e-254 0.13843343758728 6.96309324155809e-10
PIK3CA 0.0135669979789031 0.318277809254527 -0.0379147896238015 0.11954369280314 1.70627621556052e-11 8.23851551872349e-17 0.343692503502319 3.37942444264538e-06
IGFBP5 -0.722526409150092 0.876322368376894 0.0218310515797637 0.445308313738828 3.9185197559842e-16 1.17258086800703e-254 0.487617821851488 4.96011386410454e-89
CSRP2 0.0109273974243753 0.562225956226029 0.104669927512538 0.099059671552815 0.00103087726563504 3.42763584596129e-65 0.00118492404468519 4.30581311798394e-05
MKI67 -0.0224508672761888 1.19301636248433 -0.0301071816801504 0.0583831387248211 0.000951924379095506 0 0.237434756021409 0.0052167382008616
CD40LG 0.0133082503208533 0.409565280808068 0.0246903811914818 0.0411501184498926 1.4322106683364e-09 1.85609394826907e-28 0.513650695663249 0.140367997899732
GPR160 0.00787353512259619 0.223584173779013 0.113836688427352 0.0383863616473215 1.48612680454869e-08 2.76171831212423e-09 0.00495518469950677 0.176930863610801
FASN -0.205420744609652 1.03860958839701 -0.0439944628160618 0.111796530832571 1.4114245830443e-05 0 0.0209751211969219 2.19837409959174e-11
TYMS -0.0100626386111377 1.29811360770064 -0.0339397559435867 -0.0299222786620951 0.00504741389671991 0 0.182570442890877 0.178341937946198
MZB1 -0.0634800165130568 1.26216619249666 -0.0169412783360651 0.0895476370429765 2.96983810113793e-12 0 0.496825260320529 8.71679391177839e-07
CDK4 0.0232114022348379 0.80027370650348 0.00435754032945641 0.0356420857856405 0.000928916254318295 4.13815395028204e-230 0.892998793897125 0.144598062706812
TCF4 0.0156784020202024 0.720112365489411 0.0225344792245962 0.0293289646911094 0.000116414732091205 3.30937863719816e-138 0.522824535227835 0.23305491808509
KRT8 -0.111292589546713 1.07898568285982 -0.0413627999668455 0.0733311288344605 1.01426914835919e-05 0 0.0195014080566259 1.03220328699285e-06
CCNB1 -0.00876254745060299 1.27010185081734 -0.041020668563765 0.0361722923335469 0.00245115193072827 0 0.173607288096331 0.126317262341252
PLEK -0.00787165997718082 0.937395181429483 0.0850939314817603 0.121923048424786 0.0236702434470948 0 0.0105190237650629 3.00281642291746e-07
APOE -0.0336998426298035 1.10912449360658 0.0078001079964034 0.0594814089132399 0.00037674112668099 0 0.787796581777221 0.00420977691602178
SDC1 -0.0571971877986255 1.01072545235953 -0.0622309551457946 0.167474520633129 0.000323783724690135 0 0.0116921604977104 7.5467602902339e-18
TCL1A 0.0025552872138707 0.366543524703266 -0.0294215197319464 -0.0271324909182629 0.000162045656978184 3.7046459736129e-15 0.513238805083166 0.429219013961536
IL2RA 0.00647135986586342 0.902422210272935 -0.0253541174675681 0.0131322450104746 0.046803147153916 0 0.417455333559435 0.595641642683101
CST3 0.0182166928447925 0.472816972805773 0.0910934934673925 0.0151032776531925 7.96380156475145e-08 6.1647298587026e-39 0.0223596374875065 0.572157445784074
UBE2C 0.00448937759636752 0.773093766353778 -0.0708581586198942 0.0133033273220877 0.00245248314451283 4.3260204826191e-127 0.100957010989094 0.654892870734977
GRB7 0.00730906744880699 0.812902543330002 0.00123610514013325 -0.00139965359631649 0.00282318588933752 6.10303309309552e-253 0.970756804512287 0.956974022765733
MLPH -0.010075252759292 1.04312181139483 -0.00140838325447826 0.0136819301663665 0.277322509581668 0 0.951466191533582 0.481406445677709
CDK6 0.0088606890614176 0.23382084326222 0.0125809648010833 0.00992638338335926 1.53735392078641e-11 3.61738468640701e-09 0.748337009546509 0.735099074284485
NAT1 0.0101594471880943 0.495656995012388 -0.0201023785737126 0.0113461981313634 1.01209979682185e-08 3.63754876006727e-51 0.598612650707195 0.681061641991698
LAG3 0.0106406583798219 0.41961935788252 0.0665090875031815 -0.0025395141424765 1.48984988680683e-08 2.71794217019685e-34 0.064431655977337 0.928026959580807
TFEC 0.00299040919836571 0.19537091006154 0.0840896514827536 -0.0343909681126571 7.4461031723155e-06 3.0319292980557e-05 0.0530969215780794 0.259355689039128
CD44 0.00200683830809028 0.790512107926705 0.153072752989202 0.0155523495032044 0.634175638768228 1.10442680019562e-289 1.03511739391572e-06 0.534101618136039
FAT1 0.0103625004904072 0.765819578151198 0.0422161143255567 0.0393205512064662 0.0106326589478086 2.8217584952263e-211 0.202282994855851 0.111670990901182
PLVAP -0.0318504782447078 1.15965648503204 -0.0263679413777541 0.0812532987710219 3.07260865899705e-06 0 0.26981713717647 4.91674391900826e-05
CCND1 0.000703830325860481 0.849057690206192 0.0730894933401877 0.0760212978064543 0.920615270335952 3.22882263671121e-314 0.0256984899950286 0.00173880302432998
UBE2T 0.00123703977655426 0.935764704499434 -0.0186211433693207 0.0590473885890021 0.540187892942591 1.15112157198294e-317 0.583464680891502 0.0225939496206495
NCAM1 -0.00245849741081571 0.917196607261677 0.167698903391859 0.0411648091635813 0.114353740955185 1.15042806999595e-177 1.26915754850055e-06 0.120223784090355
AR -0.0256800133975258 1.00609438741678 -0.00341699654730321 0.109801125201183 0.0019253425789672 0 0.88665121678661 4.41116763236347e-09
SFRP1 0.000651451669181954 0.73751246452121 0.0818383192808033 0.153314229406742 0.89818799983146 3.46431908186993e-138 0.0312645233438525 4.20812222784979e-10
CSTB 0.0211760186077054 0.367152117857447 0.0239858158579495 -0.0364490174276659 4.90959129394138e-15 3.56229350299801e-24 0.571013365046239 0.180285504621811
TFF1 0.0120508089386743 0.278160723505124 -0.0464417271134547 0.0585342518942548 9.19090168071953e-13 7.20840450044924e-12 0.227113847726615 0.0502335524896943
IL32 -0.0476058900400094 1.12662050097728 -0.00200027350220361 0.125320718684668 1.54394956458492e-07 0 0.947777634605411 3.61705382909497e-09
CD5 0.00137468032110591 1.06512774025788 0.0156071062989365 -0.0537352880029942 0.597013182066893 0 0.627613501733127 0.0295127996337901
LAMA1 0.0164997053089606 0.649256801268799 -0.006572339425727 0.0551544904642086 3.91653305236863e-05 5.5339483069024e-96 0.87094840134408 0.035165498506452
CDK7 0.0082265609705426 0.815641865767383 0.0455824474697128 0.0248122068520113 0.0420463630364671 1.34080125446606e-223 0.204578360162992 0.319545893475563
NDC80 0.00476060679657994 0.559178316109822 0.0114091737185374 -0.0397500068932461 1.37846057073966e-05 5.13143806052619e-52 0.78083920094026 0.185214018342471
MMP11 -0.242552458763297 1.05084401079716 0.0843728118556489 0.272743123719863 3.81581445406521e-20 0 0.0114639518179294 1.28658033246461e-40
GSN -0.0202194303326056 0.96902803123577 -0.039787414177487 0.150549762712963 0.192981695908529 0 0.247471022561244 3.55366334596029e-11
CCNE1 0.00580928214965401 0.717687354744925 -0.0337774349188044 0.0423024609218679 0.00357090275662065 1.08191044328125e-119 0.335703867252445 0.127103480368239
POU2AF1 -0.0114390209640574 1.13195319290208 0.0251450213171247 0.0116632419606674 0.00743169216316179 0 0.419399045915433 0.626734216393478
FCGR3A 0.00989205213889146 0.745367852194191 0.0941849169374103 0.0224937791635603 0.0272722104697844 1.57445914906367e-180 0.00796071243722091 0.389789434478169
TFF2 0.00799205386578871 0.242213908897787 0.0832218760201844 0.0779406935292287 7.56383195669559e-08 9.44161741911347e-09 0.049223359446993 0.00587939830351169
MMP12 0.00684944554469178 0.0760265220216459 0.0069340270001621 -0.00321766743671938 9.86365299406771e-13 0.0766870115507142 0.862143582497294 0.919179209421654
AURKA -0.00109830512199631 1.07711604634678 -0.0149000045704141 -0.00463430178347848 0.726180965923221 0 0.63515281898523 0.862206454327532
GZMB 0.0061858044176595 0.265079761234522 0.0239656377671681 0.0216883829595268 2.10666352026782e-06 1.68633272524713e-10 0.509674605891823 0.48045239066992
SIAH2 0.00607847183461562 0.697940101989639 0.112772303479963 0.0919064480157571 0.17002485161306 6.38751440600556e-150 0.000882751500918221 0.000292123349995975
IL3RA 0.00870054429717178 0.725041211535607 0.00642674350593619 0.0253943156702397 0.000901400425398264 6.44194384909107e-154 0.857164439887732 0.312494259782476
CCNE2 0.00820876114120117 0.237878791868012 -0.0173726059549582 0.0597280737409577 4.72257713184942e-10 5.16082268838143e-08 0.697321647134583 0.03526346384378
VIM -1.18447756512271 1.15606545256437 -0.0508027516941489 0.233692446774983 2.4751205071046e-69 0 0.00499918376677763 7.39270618490638e-53
CDKN2A -0.00874462587028622 0.917056347807685 0.0396029872147524 0.137832722068492 0.0413500245861318 0 0.19800841348021 1.11460305547176e-09
FCN1 0.00825706907789333 0.363086552891289 0.000536728834141429 0.0807143829076111 8.54878477923628e-06 7.60143173867211e-17 0.990985548969944 0.00556956084383425
MMP9 0.00479437578958218 0.428126174782725 -0.0313376600271544 0.101719837685894 0.0267790373292908 2.84748286083086e-20 0.488523679529817 0.00637344251978888
CTCF 0.00169006412691422 0.942470864054886 0.062250847356318 0.00906481055905541 0.876508343841395 0 0.0370594017880853 0.694897081935983
LAMC1 -0.01402514792836 0.928263336690164 0.0772937649022217 0.0907758905420665 0.0505613191784129 0 0.0133366957460922 7.7818877310963e-05
CD63 0.0260847234642338 0.795368547597258 0.00872933883161015 0.0978108529729215 0.0382518626693292 1.32161703774217e-191 0.820677477617766 4.98163202307446e-05
TFF3 0.00870859538462281 0.661104854154815 0.0366013499547874 -0.00166939727214298 5.04436301587052e-05 7.6192306264293e-124 0.334530372173283 0.950347358837612
NDRG2 -0.0826393735937748 1.00863444260358 0.0960103665323546 0.117285572708995 3.02160159926975e-07 0 0.00223367075298255 4.05110876684542e-08
PRLR -0.0315584747770384 0.993446606094356 0.010907106650865 0.231309724322163 1.11018440456018e-08 0 0.652037907880083 4.87832623866919e-31
IL7R -0.00895702228362426 1.12086412702194 -0.00137079897159326 0.0530100448830837 0.0798630946820107 0 0.96344457148079 0.0140414069401284
CD14 -0.00711514715797041 0.952690806665395 0.209683116263593 0.0466271003509138 0.00550347203707472 7.62159480730057e-298 9.69997025907233e-10 0.0733258301413821
CTLA4 0.00109844784278124 0.942578799220537 -0.0114003438426996 -0.024621452525014 0.283186459917839 2.71043640067681e-145 0.750842191189553 0.431138671153485
MS4A1 0.00660113336293619 0.227761796597384 -0.0146104952627856 -0.0291821080124313 6.90786644878552e-11 2.94827006687537e-08 0.720792137985812 0.338367055215172
CEACAM1 0.000265659295488096 0.693812694578702 0.202211943860806 0.0675705811684462 0.888186621951471 4.90904987148363e-113 2.71557541568979e-09 0.00850284493895362
SKAP1 0.000661681518704338 1.02240894409951 -0.00798552195398556 -0.0161688111931323 0.830972838651741 0 0.812424103736577 0.503309996832252
FCRL5 -0.0198572216200088 1.28072594265214 -0.00261392069364067 0.0453038783668676 1.93799470528727e-06 0 0.926612787024738 0.0273567425064043
VSIR 0.0198328053857134 0.743698303409494 0.0735273790962778 -0.0550529130415773 8.10546194008533e-05 2.66197607259393e-139 0.0545043318270689 0.0338567918568697
HIF1A 0.00681128935608724 0.743968651749583 0.0893085125818937 0.094887639927612 0.240723168386642 2.32218415820384e-163 0.0104775952813875 6.76146822779003e-05
AZGP1 -0.136444172481594 1.05106202141543 -0.0680687586064218 0.265772190478817 6.88559890837475e-14 0 0.00192291512149333 3.86498489399823e-49
CD68 0.00664992542695596 0.762120889323821 -0.0449861972317346 0.0226162322807251 0.000705994508159985 7.90181615033658e-130 0.223569892705262 0.40114956537974
TFRC 0.00940695685255003 0.608257984282595 0.134125756558503 -0.0264733217306397 0.000149945642835271 5.43455765408968e-93 0.000132991314645899 0.315842300489424
PTEN 0.0112578034553031 0.43390551500175 0.0302900447319336 0.0440657615098867 1.22758995224243e-08 8.09734118209369e-35 0.430376699434377 0.11046790286716
LDB2 -0.0749810490139794 1.05205096778401 0.0319482633952135 0.178186427040388 2.26807738558126e-12 0 0.250023544556998 1.04292952840078e-18
MSR1 0.000979859456884165 0.887603506842427 -0.00199956061444562 0.082988798181915 0.622303436296539 3.32687691633453e-262 0.95757009665851 0.00103797663450695
CD163 -0.0188657703708907 1.16448735807133 -0.032158472987108 0.108787552759956 0.000738215120397224 0 0.337631270137961 1.74992678095762e-06
SLC2A1 0.00536212557588837 0.660742633344137 0.0560004965887785 0.0799845749124316 0.0315797095652952 8.26212243426882e-137 0.131861151981453 0.00183751092652502
CENPF -0.0467757263733391 1.1182690757297 0.190175208729569 0.134809039032022 3.54599920104258e-09 0 4.17031537620314e-11 4.51265615572904e-08
NF1 0.0339583216601216 0.590263736705988 0.0746349708324511 -0.00388547475545416 4.36482972692488e-09 4.18884376479974e-92 0.0362929463597514 0.877393511879681
CTSL 0.002913425641122 0.843297386269644 0.109999015590008 0.0251484614542967 0.591359810590523 0 0.000376460499517071 0.282274414622924
ISG15 -0.0522746576223082 0.558504602341735 0.100486587133874 0.673360427873064 1.64992653141697e-12 4.82795386284602e-71 0.00284018504467636 1.0379314562869e-245
THEMIS 0.00842379737485588 0.367010813759226 -0.0439144586557416 0.00925436684761873 2.51300117059076e-09 7.39009590375814e-19 0.324129904999497 0.749380406256487
CD69 0.00225590345405943 0.553188833321341 0.121830062305355 0.133029239273473 0.171893648393138 7.88726038201723e-49 0.00076042232874444 9.87804912542212e-07
HLA.A 0.0064739528807237 0.767658764989855 0.042784275580225 0.0575205906211441 0.0460044205909102 3.13829580511038e-168 0.243729622050435 0.0250439552158625
FGFR1 -0.0277722782999014 0.959465594649431 -0.016697555692924 0.162571248029269 0.00821702172519126 0 0.587851279921992 8.57825906414164e-14
PTPRB -0.00730302158533894 1.05445585488545 0.0278844445328493 0.0484033288149834 0.0163542582003817 0 0.333165374271057 0.0354183776112134
CD7 0.00882787154824967 0.328751761184107 -0.0706307393093309 0.166738716449482 9.51584059656198e-09 6.52599419492166e-19 0.0666883439662893 9.78817095488271e-09
CEP55 -0.00141218453034103 1.13352774355387 -0.0183868959127481 -0.00508910684174256 0.464480345438915 0 0.595341070118126 0.836661527961106
XBP1 -0.169206127535968 1.09653817644759 -0.083389138152519 0.0806901014041631 0.000716581838938934 0 2.35528709501654e-06 2.47437970928526e-08
CXCR5 0.00782163945807715 0.54073592500378 -0.0409516715534726 0.0310890735798515 9.92609078322488e-07 1.17364658215287e-64 0.292342863388474 0.276890989731632
B2M -0.101112933012004 1.01583443102051 0.116255017617294 0.152438450218344 4.87284740975786e-13 0 0.000152237301373505 1.94017537584831e-13
SLC39A6 0.0108077920652259 0.798291896319061 -0.0217715034964892 0.0690504306637373 0.00788514352697824 3.38527667838568e-227 0.535315297966428 0.00488732734180115
LGALS1 0.0041737131137014 0.773851680452019 0.0189295123725024 0.190175020366066 0.7822261226828 1.83465435539027e-169 0.594209163867673 1.36414240075882e-15
NFKBIA 0.0151386297801275 0.761792299273465 0.0324141927871671 0.101897456391393 0.0331842964274749 8.18524298935785e-186 0.349695116369271 4.11662205539445e-05
ISG20 -0.0104910675184743 0.9338834671341 0.047275070580708 0.161342691715649 0.0169070603570757 0 0.14241758091477 1.23958902036828e-12
CLDN4 0.000478079228339942 0.87514315505933 -0.0386030058263122 0.148271377034098 0.877048777973773 0 0.246079568474223 3.66261007060902e-09
XCL1 0.00212826327882626 0.388475531636367 0.331452565204085 0.112073212063553 0.225656008535888 9.12167084219058e-27 1.42071832477362e-19 3.9295356542476e-05
SLPI 0.00561250638094018 0.690670576524136 0.0192520051895318 0.0185170989209063 0.00345620594767492 1.7028441763476e-112 0.598170223073335 0.511603553466729
FGFR2 -0.00646365983108287 0.928723490510334 0.0543797483051223 0.067270461488694 0.213281983360535 0 0.0723937990124216 0.00347232992044653
HLA.B -0.0375151872995441 1.05866449063168 0.0484581263143179 0.0688187907127732 4.00721357480433e-05 0 0.0846753067530598 0.000714636159572185
NKG7 -0.0124372794144174 1.2938486082042 0.0162875367370091 0.0570176103364325 2.21559066336759e-05 0 0.643464182674222 0.0170482561832768
LGALS2 0.0121559935271846 0.12690676470618 -0.0150730612941517 0.0376494887274614 5.21418382528474e-16 0.00289763161839657 0.69552991892567 0.193626864289908
CXXC5 0.0177780626658856 0.615133463209771 0.0462141178667929 0.0168875842802686 1.19872000458018e-06 1.06748635297031e-114 0.203866612715298 0.511145974239567
ITGA6 -0.0236313180069901 1.09069353805869 0.0562248156783698 0.098456377747274 8.97120221630427e-05 0 0.0675733075601598 6.49097192069862e-06
BAG1 0.0167718837084175 0.877337660689142 0.0442358057788833 -0.00385851106952658 0.0416249870307925 0 0.156781294586306 0.868861130828372
HLA.C 0.00831843287431595 0.617826589196468 0.0472753434811353 0.132036357195783 0.00694402639535498 8.92542270094388e-99 0.181945265221664 2.84262228281323e-07
FGFR4 -0.0704334925977769 0.944553622898917 0.000663971530472799 0.273871305174881 7.24068208116901e-09 0 0.980655970555204 8.06279110472542e-38
ZEB1 -0.00200879909506083 0.883853826779216 0.015847956056568 0.116788467467588 0.814298376297913 1.23193687780448e-316 0.652712485811216 5.28876388902014e-07
CLU -0.0262523368055061 0.899855321969499 -0.0649791432095276 0.271081850867672 0.0147903879483363 0 0.0322693327708084 2.44606467303717e-28
DCN 0.0104491355845913 0.741731634963455 -0.0601330926012893 0.0720636234015916 0.00164122803186826 2.25033351003856e-120 0.133342448160097 0.00570474708528533
BANK1 0.00672591894005783 0.352443236484224 0.0696315617240394 -0.0153539015063471 1.7294749422948e-07 1.19609114405243e-18 0.0975455014637361 0.603767146780249
LGMN -0.0084311305619749 0.997775548603529 -0.0308064663321289 0.0854362047129631 0.556100657774124 0 0.417667597108947 0.000964334066653866
NOTCH1 -0.114799852289726 1.10978792452739 0.0364703674021999 0.085275042724126 1.33720248346504e-10 0 0.145533883000898 3.70261440042899e-05
ITGAX -0.050148636250748 1.16892632625565 0.0342479079113303 -0.0161845813155009 0.00098580656729122 0 0.217185954186208 0.375375175726413
HLA.DPA1 -0.0229593152144768 1.14453812573424 0.0696909056298399 0.0497587973636231 1.05286150777149e-07 0 0.0134455224703598 0.00810706421705061
ZNF571 -0.00764603705421704 0.897931721238852 0.0357050648777306 0.0981370491917647 0.540511917063646 0 0.329114949630483 3.29573514166912e-05
DERL3 -0.0152720811995561 1.150026086364 -0.0343560027056926 0.00617822665386243 0.223324289182884 0 0.338991196383743 0.80590385611203
BCL2 0.0185896874181098 0.496040632057676 0.102884909420183 0.0714043866459654 4.12849681758439e-06 2.27126205306035e-54 0.00602077356773568 0.00777849873758144
JUN -0.0782421793998534 0.954838480549994 0.0263453988822722 0.175871722426357 0.000645413793952338 0 0.41341195851817 2.27452144350138e-14
HLA.DRA -0.0793481563976163 1.16205461272257 -0.0183661574284887 0.124615245416683 2.55943876626533e-15 0 0.445399988885278 9.39173983200472e-15
