target intercept intra para.100 p.intercept p.intra p.para.100
PTGDR 0.000350382626748634 -0.0142295229435309 -0.00264825263753957 0.313442920123024 0.903292332134626 0.960493426190307
ITGA4 0.00259637485027797 -0.0509581190892884 -0.0305513604675585 0.00615136986463457 0.582408442695667 0.643961143377909
TACR2 0.000347775342628074 -0.00747304505835851 -0.0040210558140757 0.31525046234447 0.9355967652306 0.956062861041074
EDNRA 0.00577792118839512 -0.0765497567136244 -0.0375711877470519 0.000311097561979635 0.402730978642763 0.490125162802187
TLR2 0.00310399473503602 0.0647810836309314 0.0414461529582276 0.0202730788039765 0.473042679507925 0.531066647053138
ITGA9 0.00530369075950648 0.0625420120454282 -0.0187433871270304 0.000699524152096122 0.500224378722069 0.776980141091663
IL20RB 0.0030492047131503 -0.079528353436183 -0.0361317395363273 0.00320386318668027 0.510949594075877 0.593037890435858
PTH2R 0.000713602112281292 -0.0246991453794764 -0.0147641396860885 0.150238465960546 0.8380397281841 0.864354694153332
TNFRSF10B 0.00716837092279893 0.121427391836023 0.0285016128897591 0.000198962406399959 0.189888388662113 0.595230478495414
GRM5 0.000348834622854009 -0.00641507197539208 -0.00902186084297946 0.314514460445911 0.944039149297547 0.929604634379114
IL2RB 0.00129186970254834 0.0485483933095684 0.011339673878336 0.0688300908979868 0.623099293452391 0.858118870788029
SCARF1 0.00186311750356429 -0.04700731139595 -0.0318110221304515 0.020372032904649 0.620627368867288 0.703566629334073
FGFRL1 0.00108812055406963 -0.036438028767716 -0.0159905093067599 0.0756148090082473 0.734511287183713 0.83735662852972
TNFRSF10A 0.00074119843419948 -0.081484576664939 -0.00943266660762892 0.142579011901153 0.720680583444835 0.876193580156422
CDON 0.00346650613489148 0.0918274471000401 -0.0246442415459797 0.00872609395782902 0.24701994433397 0.71633620062011
CCRL2 0.000350427712041183 -0.00860984929871852 -0.00439289645866178 0.313411783234866 0.910610010682753 0.944953240371219
FSHR 0.000347227676679069 -0.00604877635889639 -0.00403966603186877 0.31563187132601 0.951430561710292 0.947785316304238
CCR5 0.00223611176682599 -0.0651352765833472 -0.0155921323060695 0.0274983654560139 0.592553908100713 0.784628686089892
IL20RA 0.00082437042621614 -0.181122651075176 -0.0100261935290728 0.122016194265089 0.542852088647486 0.896207369177332
FPR1 0.00263188644004126 0.220442712630028 -0.0310069689560417 0.0281582304625709 0.0698176210356058 0.636024586994835
MC1R 0.0064836803372958 0.0460296821696034 -0.0356061234720878 0.000283646409547058 0.558580583941005 0.570455622283857
PROCR 0.00351792997410744 0.12124504441424 -0.0455175141278821 0.00371544642890495 0.186767770704058 0.49687577257197
CSF1R 0.00769513893718244 0.122788254828774 0.136032369751438 0.000777240373355214 0.182662625042537 0.0424094648922262
IL2RG 0.00628833909500027 -0.0764885120231703 -0.06968850350919 5.73392495947707e-05 0.337249444489857 0.319687959477207
TNFRSF21 0.00317212593051204 0.0163261108669976 -0.0357498928063119 0.0035178585688619 0.884034416944551 0.562001032397588
OXTR 0.00146757512785392 -0.0568027075775799 -0.0239865312109947 0.0392198121288253 0.680161301470656 0.767749319666441
IL12RB2 0.000347990146775496 -0.00808061608408594 -0.00570952270792695 0.31510103169184 0.939041277659583 0.949190183864173
DDR2 0.00308788493837513 0.308552672104645 -0.0343905049458028 0.0175185929595011 0.0038425023369793 0.572493617085872
CCR10 0.0014624319801879 -0.0592565487367566 -0.0147933211809585 0.0394025948116004 0.66625260719286 0.810789112082506
PTCH2 0.00187686316173055 0.151178383610004 -0.0302984189772938 0.0314755158065773 0.151662420308407 0.643992582452801
RET 0.0160768791546256 0.6121212936313 0.152568942096671 0.0146136147264778 1.41976614459801e-19 0.0020706571283614
ITGA5 0.00434008181516266 -0.0227367117242962 -0.0263372283950294 0.000722453330448889 0.813873594108996 0.672284969898557
FZD2 0.000702492984489223 -0.01608994942429 -0.00951733383150806 0.153452170974236 0.88515220606777 0.89136730062911
F2R 0.00769154629919663 0.0973222473695659 0.0497694681096413 0.000166242100170525 0.305722063917489 0.381569451991719
IL21R 0.000706070069096374 -0.014835888827932 -0.0173730940745382 0.152408956427189 0.872517869097214 0.875690021400764
UNC5B 0.00837862035331795 0.000305615388075451 -0.0523915631022974 9.97207919467763e-06 0.997262445170941 0.34957959231738
PLXNB2 0.00651343240974341 0.495506850972533 0.0796534088453427 0.0090560820583715 3.64009024327956e-12 0.146353548650776
NOTCH3 0.0152668269757368 0.0903390309725281 0.0343038889459615 6.11282515771343e-07 0.20108983033446 0.510689130691205
NPR2 0.00142656166023503 -0.0189869614246686 -0.0114255711564242 0.0418992631681436 0.765213966245712 0.817509866631549
ADRA2B 0.000353451686993965 -0.0164200280679012 -0.00556418704253678 0.311332538311807 0.890515256628187 0.932123671787292
TNFRSF10D 0.000349073253075542 -0.0230323834846883 -0.00362578073386526 0.314348967098446 0.917858482092624 0.958027158887044
CD47 0.0418098033618943 0.416208021701772 0.0215891200656656 1.46638067136805e-07 2.87143092967939e-10 0.660080578431057
ITGB5 0.0101978140510287 0.423721249367929 0.0429222663540051 0.00118016457160037 7.53470814841945e-08 0.455420841034464
UNC5D 0.000349597231992589 -0.00833627951586674 -0.00930133144648108 0.313985979512076 0.940030628153831 0.923285908635099
LDLR 0.00803570405224008 0.236397702762534 0.0375523631725634 0.000414504090251595 0.00497518788912061 0.468092614920102
CNR1 0.00180281747923764 -0.0227991920435989 -0.0247300388407052 0.0226209166753923 0.759813514016496 0.734242176009581
PLXND1 0.0289202853629896 0.247986058520836 0.115844689450603 2.64693455068288e-07 0.000151370441724056 0.0149309342427225
GPR39 0.00304536665767185 -0.0751513123644804 -0.0302069197968349 0.00298987227440154 0.458625978622449 0.608145361255895
HTR2C 0.00680647392399985 0.0735755919850171 -0.0413975289208213 4.85691814550853e-05 0.399555337368269 0.433916014438781
CXCR4 0.0122660961825634 -0.0595294033744441 -0.0202634694567284 4.14373022870128e-07 0.514069168825912 0.731084867951859
TNFRSF10C 0.000709259639569862 -0.0209237677185114 -0.0188892896111531 0.151485524091437 0.861161311815004 0.864476463737034
PTGIR 0.00718377247491334 -0.0484647330877645 -0.0535023703507827 5.97932502516184e-05 0.588029016638179 0.413881208268155
IFNAR1 0.0192095456961277 0.185997357474269 0.0298777569303013 2.19237353191387e-07 0.019145455387327 0.560327270019837
CELSR1 0.00395517238247479 0.141635078085273 0.142366852495363 0.0171360574277325 0.168434568289027 0.0130015115480841
ATP6AP2 0.0348100559816997 0.630559921729849 -0.0173896351354072 4.60102440195773e-05 2.91407515528012e-21 0.71342329511237
LGR4 0.00175352285306672 -0.0367163918371939 0.0169109694131816 0.0269528412750232 0.660330891958179 0.740865699933524
ITGA11 0.000373828821915238 -0.0816585499333387 -0.00378609397420694 0.29777785559915 0.775238946662075 0.951355110545686
ITGB7 0.000704987778833043 -0.0174132526174723 -0.00904477266841109 0.152723743714849 0.851806663871212 0.91361448623771
EPHA4 0.00167096524973375 -0.0177924544724871 0.0435308123484777 0.0704135783030774 0.819308472605977 0.435307884448942
S1PR1 0.00281695914253147 0.00369296022534133 -0.0262576626304142 0.0125678952393358 0.971862346877073 0.688119571345575
FZD3 0.00674015827105272 0.169249302894131 -0.0361473936320515 0.000308336631567411 0.098483544532649 0.517527793085495
IFNGR1 0.0119382158352067 0.183017635820462 0.0115942977394973 1.05239556957348e-05 0.025611861168862 0.836953435360062
PTPRB 0.00265751940970927 0.150904964794099 -0.0317410249583035 0.0272745741304561 0.10039443850731 0.617474517011459
ERBB2 0.0117628567636961 0.103445209372967 0.0365883914161831 4.63779527763132e-06 0.203127263457258 0.554026464884289
IL13RA1 0.0119341860482608 0.115067162981875 0.0241744437981477 1.18057118585104e-05 0.179045594649692 0.693333201455486
ITGAM 0.00301885755504591 -0.0555694282145844 -0.0401870291765136 0.00323571087054407 0.553352005319967 0.563524033730311
FPR3 0.01390976094259 -0.0523677788905324 -0.0687091494043747 1.22699347076941e-07 0.505100522226185 0.241022341998247
EDNRB 0.00492592142252178 0.130656910673894 -0.0206739184076185 0.00109100926257139 0.145956025772106 0.757263086770319
ITGB6 0.000349685615451496 -0.0141920584889668 -0.00341157646748414 0.313924805648554 0.917232017737007 0.947004238320783
FZD4 0.00224164322070215 0.0198150111631377 0.0512945506782323 0.0210361856021181 0.859127560014116 0.420109996599039
LHCGR 0.00582317034077779 -0.0349777321719562 0.0948757503941453 0.000282430120342034 0.708402564883369 0.100998979437569
PLXNA2 0.0163714377810942 0.103487491578021 0.167601261546902 2.70476531369717e-05 0.209027201568781 0.0015639208549004
ACVRL1 0.0074604368778053 0.0259480408874843 -0.0578156971509933 2.88482446326122e-05 0.777459998119869 0.331877157503043
PLXNA3 0.00262745238578159 -0.0530403633401795 -0.039857230727805 0.00574902556807701 0.553573389794075 0.615780831463714
CCR3 0.000350321240151011 -0.0097653893880222 -0.0116951012460129 0.313485321541339 0.926972941348877 0.92571841608968
MST1R 0.00828696213139801 0.0340428939442762 0.205978028587339 0.000752995509735319 0.71655268298844 0.000188625203371153
EPHA7 0.00135507521408867 0.0431936326222309 -0.0228729830302259 0.0553516158974747 0.697840579863511 0.782168360456889
PTPRF 0.00834544909278516 0.095594618600725 0.194206270300158 0.00083624321155425 0.374344307231044 0.000245591380814716
IL27RA 0.000349674573838086 -0.0166765844115842 -0.00783547713143658 0.313932447156913 0.933445070399828 0.927713138221643
LRP4 0.00143234555523003 -0.0364203294948214 -0.0163490973127094 0.0414857200149266 0.746351064003696 0.814478660676836
FGFR1 -0.854523401141035 1.29750238780341 0.262585219794078 6.56525437876934e-16 2.33255776871927e-195 1.68893021481576e-12
GLP2R 0.000703616517922039 -0.0230939655733902 -0.00908006657440784 0.153123636946592 0.880364700273799 0.886502373684163
PDGFRB 0.0131504392478495 -0.00454205746157634 0.145666755906227 3.79085896012121e-06 0.955544993061239 0.00682545086658442
TYRO3 0.00108773192846462 -0.032816594742754 -0.0152961836649648 0.0756670855192772 0.726999580083747 0.851802745813598
BDKRB2 0.00275844863948985 0.0245585106974481 -0.0307068607368864 0.0152649635484878 0.785130545615735 0.672575461292737
NMBR 0.000349204005521831 -0.00919283329493925 -0.00710286343034867 0.314258336730055 0.928936854082802 0.938952926820249
ACVR2A 0.00787841995309448 -0.14993781193354 -0.066713695006146 2.40151936114925e-06 0.162177829072665 0.240266392746791
ACVR1B 0.0163815864897328 0.0416007015370173 0.177180667276394 3.71570633273495e-06 0.615591143529325 0.00166557869629388
KLRC2 0.000750509011726681 -0.0696504052338062 -0.00539818218030353 0.296858243350143 0.773236129354131 0.936146361748551
PTPRG 0.00556303434968904 0.487139078025512 -0.00879891796598821 0.0117339889388085 2.88330248513039e-10 0.859496931808487
TGFBR2 0.0143706656196806 -0.0179599792338803 -0.0502468318534545 8.7808812683365e-08 0.840375724312616 0.347469188907059
ASGR2 0.000347066829988192 -0.00318363275830871 -0.00309163888182665 0.315744003885227 0.948460222047775 0.953786152971989
IL13RA2 0.000349880177568114 -0.0164547023373324 -0.0125585403749045 0.313790195965605 0.923275645376369 0.935585157236591
DCC 0.00302020974291862 -0.0665219565915086 -0.0387470044127142 0.0030741209144286 0.516530598139491 0.553650055859809
LPAR4 0.000350554145923537 -0.0112545389613696 -0.00419836388593218 0.313324486768226 0.906017292766416 0.951845248416099
EPHA2 0.000844549246817357 0.4151640311018 -0.0133310929005156 0.244821684377481 0.0110970176245043 0.845167256922246
QRFPR 0.00107270954748795 -0.024577030197994 -0.0143869204494334 0.077717909512284 0.787648291210295 0.841057848646927
IL11RA 0.00496882666314916 -0.09383426975029 0.0783718338669614 0.000440285399351745 0.33013135724497 0.295622835526323
TNFRSF4 0.00458043809251455 0.0335867161114037 0.0766799494610756 0.00170291680767934 0.756363053841187 0.161546522896799
NMUR1 0.00035016106763398 -0.0116978295899014 -0.00512053531729686 0.313595992388643 0.910872973002985 0.949112906187696
GPR1 0.000712135005695417 -0.0396453640232546 -0.00828794959888577 0.150658481949966 0.821826548370249 0.896838777712114
IL18RAP 0.000223064046752108 -0.00707308568120612 0.92870750853181 0.7010040074604 0.946265704624984 5.94582983376699e-54
PTPRM 0.00466339067206152 -0.0240573653458503 -0.019325906853741 0.000935641868444976 0.771866893564859 0.76715350341738
NTRK3 0.00524058284730826 -0.0731089250006542 -0.028225864540969 0.000126386371046168 0.377655402291937 0.680571524635101
VIPR2 0.000349100278973807 -0.00922585145773855 -0.00724337546182799 0.314330231439865 0.925926566421126 0.944390262518561
FZD5 0.00142190142477057 -0.022440988047778 -0.0157399960081644 0.0422356145323275 0.797532223470789 0.809061074895273
ITGAL 0.002342463734462 0.324604037579207 -0.033727231620528 0.0303264362021001 0.000684415892666529 0.594545591799012
NTRK1 0.000709725699270113 -0.0291749376676527 -0.0103256727351278 0.151351123177876 0.829172791603107 0.904512911907603
LPAR1 0.00542054759684242 0.13811480360374 0.0469243970280939 0.00150572302412463 0.128922004969731 0.398531752532445
TLR4 0.00372172275334739 0.398904212006773 -0.0579715496258633 0.00903853310156662 3.69804412953952e-05 0.331169495438226
SDC3 0.0181715266405143 0.0239646601248034 0.0905749650888383 1.82481235757742e-07 0.787133298050861 0.0821527067095582
ROR2 0.00769913600682565 0.0645605597448115 0.188536630711336 0.0010306973401292 0.506688716285842 0.000480965075181302
IFNGR2 0.0137637282979848 0.00605774583154959 -0.00403188511948435 7.5863534140238e-08 0.944560782311353 0.944790328519664
PTCH1 0.000350515338304407 -0.00857302779850046 -0.00948691782782507 0.313351278171669 0.913756266246406 0.93860409311989
RAMP1 0.00145371365783487 -0.0380087977119815 -0.0185504087615738 0.0399946954381905 0.706528574630873 0.783458392388567
VLDLR 0.00213941675335106 0.132016142751653 -0.000373918653836776 0.0234232664246586 0.152764372427518 0.995470358855872
CD27 0.000348898799298675 -0.00319929731383698 -0.00762615300047178 0.314469942006181 0.95314695570588 0.922542081654103
TGFBR1 0.00616396217474454 0.151410241806867 0.0843154278950021 0.0012777367608556 0.113170760150772 0.16401254534533
CD46 0.0244657476484919 0.634611866397561 0.104347153258897 0.00441689732867547 2.33717998551014e-27 0.0304396699518788
ITGAV 0.0129091041493756 0.222552392705257 -0.0123518135912062 8.48409670175515e-06 0.00547567816199938 0.831645333726338
HCRTR1 0.000350328624928118 -0.0184710523893677 -0.0116274766295856 0.313480220275635 0.924696269384915 0.927854153427046
BOC 0.0010831309827624 -0.0360386795026689 -0.0209286556028504 0.0762889475268226 0.756826287239898 0.824603467179661
ITGA7 0.0137137923125961 0.155092571441138 -0.0405282541734759 4.33915921979127e-06 0.106203505069405 0.510121274563445
CHRM3 0.00146334865408366 0.167301133568995 0.0449559809985787 0.0635514896872692 0.17139671647058 0.509235306828291
RAMP3 0.00524693460138802 0.137112018524554 -0.0142562020522976 0.000713133214969311 0.157516271909389 0.817408114282951
LRP11 0.00447760774761316 -0.0442828591495288 -0.040664931643521 0.000350414370317796 0.582906249075418 0.464277856401127
ROBO2 0.00838355427862801 0.164941506982101 -0.0450532496031303 0.000282013990208926 0.0434998794800726 0.427525832296569
APLNR 0.0197667438750315 0.227022680792689 -0.0263930084479307 1.15734711212475e-05 0.00420211234383137 0.597306439716516
ITGB2 0.0158337180056159 0.269239336275981 0.0767070288279748 8.92169442072796e-05 0.000899722235338333 0.177169695451599
RXFP1 0.000350474683652616 -0.0158550192832346 -0.00645461945297985 0.313379347908168 0.917040861712429 0.934919083774272
LRP6 0.00653082820634033 0.0325587891450893 0.0194992814874082 0.000212906324039128 0.701714293389532 0.740821659797918
KLRG1 0.00143745982230779 -0.0322547832991865 -0.0120292588804426 0.0954516163812412 0.770753560103525 0.858840585899104
FZD1 0.00209738702907128 -0.00109822199340937 -0.0177466415448058 0.0586340033326296 0.989321085222351 0.824182540074311
NOTCH2 0.00284495856005814 0.00157371285833916 -0.0350962417384636 0.00532384024693321 0.98759343983149 0.602864149278501
ACVR2B 0.0048566426362744 -0.0322851685599866 0.0219851466061593 0.000387762980918557 0.705910247176005 0.730741165485415
F2RL1 0.000732292023297486 -0.0438562795704604 -0.00872267586301135 0.145001849154694 0.743563637830122 0.891839814858369
GPR37 0.00324496616699254 0.121661168364339 0.0187899850405861 0.00762944097324845 0.212026492811624 0.758075248826265
ADORA2B 0.000350085754428167 -0.0118593942865894 -0.00807190540930853 0.313648047514071 0.92815125528099 0.927471743352073
SELL 0.00324576029240664 -0.0213875426306431 0.0816730127594542 0.00476358193225791 0.814108050629446 0.244178513866675
PTPRU 0.00210045202050594 0.670504062716564 0.0780929585286993 0.1466209996618 4.73789051585954e-15 0.182109731707833
FZD8 0.00609954563117577 0.147313907801013 -0.0275150722877182 0.000557984610671317 0.0953566062046556 0.644793504175735
KLRC1 0.000347307414056176 -0.00614877593307971 -0.00458689420193317 0.315576302581077 0.948652927092092 0.94886515917282
GFRA2 0.00302133433817236 -0.05057563024875 0.179420366620584 0.0150115081006044 0.493513718254898 0.00738343064107431
CNTFR 0.000350190178063287 -0.017294986392797 -0.0058478368024321 0.31357587480922 0.918134698174019 0.939836356952081
EDAR 0.000702277726606302 -0.0164666795319417 -0.00754591445915586 0.153515205964358 0.87623583348931 0.904328212583777
EPHB3 0.00313947988418198 -0.0971538489380109 -0.0360912949410188 0.00253211474398315 0.357817837385076 0.596090187369966
FZD6 0.0156128823779819 0.350117841667303 0.0301118716453485 3.21461253358511e-05 9.07001280969035e-07 0.568340988163551
CSF2RA 0.00177706690860507 -0.0150619349191825 -0.0182775370369463 0.0239418326413348 0.855562179583179 0.773099870175047
NPR1 0.00385511988741618 0.0179902960792138 0.116885914304495 0.00392767309349534 0.85295780542651 0.077101787621096
C5AR1 0.00212322724842987 0.342148108665107 -0.0391724071680871 0.0490854424970613 1.12614984052791e-05 0.562815011225782
NTRK2 0.016866583938857 0.453515983159707 0.197923597973098 0.00587396448217137 1.15535290815145e-10 4.18681502951453e-05
MARCO 0.000712024457875578 -0.0236418183112356 -0.0139028797810082 0.150690184288337 0.843619519254038 0.867472590188719
PLXNA4 0.00620865465569555 0.233520780697477 -0.0255201534242457 0.000649136592891333 0.00357071716010451 0.593766976844634
ITGAE 0.0203715135928639 0.0135654895306337 -0.0984058416604359 2.1071975581477e-10 0.860935044430554 0.0625959975361814
IGF2R 0.0128290389591886 0.0387935494467788 -0.0154570651272733 2.7529234961507e-06 0.657897188831147 0.798945623747913
CD36 0.0138016445025506 0.159840461337092 -0.0361035100816702 7.96731146065453e-07 0.0497386345371647 0.536248532370438
LRP2 0.0220169615659829 0.172385442635344 -0.0287436159833085 2.11448740643404e-08 0.0158338916199866 0.572554546652232
UNC5A 0.000744712637915155 -0.084420617160117 -0.0124790155870247 0.141635585353229 0.714231824334472 0.865918066372382
CCR1 0.0094029589443757 0.071280908218736 -0.0401470260371822 8.67088695211059e-06 0.373300660002311 0.490233693127777
NOTCH1 0.0018377619894382 -0.0584314171998608 -0.0166089536298669 0.0209194134582044 0.62275628744778 0.760223538964258
IL6ST 0.0161242091503271 0.0815586007685409 -0.0458746721127949 7.72242115777749e-08 0.322793796899792 0.390337387860785
ALK 0.00263922481935502 -0.0618176681147123 -0.0331941320542792 0.00566827519191664 0.506082830905052 0.651685731310983
GRM1 0.00202250675054974 0.0549583861771128 -0.0321358373752889 0.0210767868843349 0.595089764002787 0.678363440768136
GRIN2D 0.000577337434603106 -0.0139355055998122 0.192168201459145 0.240250602528426 0.881892496053246 0.00575024435975556
TACR1 0.000349850900607515 -0.0133109927348292 -0.00553834626805365 0.313810446695274 0.925942278448188 0.932926260855431
LIFR 0.00296713557468923 -0.08114983706402 -0.00781620706827713 0.00990158513161542 0.527889677581035 0.926944052048395
ITGA1 0.0151030995848715 0.0557861549810011 0.0519079000191982 1.2806152074626e-06 0.554295225561524 0.355840309231352
NOTCH4 0.00375642992441576 -0.0360168519531257 0.0492794304235412 0.00219693358913191 0.717770650613116 0.444511513635487
IFNLR1 0.0029096181083054 0.185875668986386 -0.0320403132787096 0.0200546889901434 0.040185163136154 0.613722023442676
F2RL2 0.00304442215628307 -0.0774607018093127 -0.0316197154909163 0.00321820798180514 0.510943903109385 0.609403082381659
CALCR 0.000350341605526999 -0.00985637983066499 -0.00716388758169881 0.31347125378372 0.912138599666228 0.943984062972007
IL1RAP 0.0028897924022919 -0.0347081273690567 0.103100054597776 0.00718924399129004 0.711069747508416 0.129221320035813
IL17RC 0.00504974793315597 0.142727744521871 -0.0497426708407674 0.000871861223380508 0.157072747176442 0.368145099527744
EDA2R 0.00256674222218521 -0.0371200682752302 -0.0354161587631991 0.00668456248502774 0.710342485085984 0.621145606425796
FLT4 0.00146001696253059 -0.0363713096787802 -0.019921489141684 0.0395656833541436 0.691084750039828 0.774479420931435
IGF1R 0.0168156543869692 0.281610632952315 -0.0135109083003577 5.78519244665829e-06 0.00018238258066346 0.80486641662335
ROBO4 0.00488032135166931 0.028080089517848 -0.0388995486991262 0.000593042437043775 0.793089759817099 0.520028828564543
TNFRSF12A 0.00507200301152558 -0.133902145437091 -0.00856483799595789 0.000165585103232266 0.223000840163492 0.876364030534527
EPHA1 0.00544127943008472 0.138556092633723 0.00205365453301697 0.000502201348061414 0.0701604245667296 0.972386959198408
AXL 0.010382207811536 0.102671719476602 -0.0354500266733425 6.38115070340359e-06 0.225976207204039 0.523120088927026
ROR1 0.00257148890121034 -0.0561807374119237 -0.00942803777155322 0.00714398992444902 0.552677732731209 0.896859434115104
THBD 0.00266452927671202 0.61558510231157 -0.0517931647182013 0.0570380910862256 3.11681365795297e-08 0.370726055267578
ADIPOR1 0.0381432938416529 0.328446659096332 0.0459327298910254 1.01500933469535e-07 1.87486762773756e-06 0.357466953996736
LRP1 0.00728421176580646 0.4081540014216 0.0409083699037074 0.00352056117160802 4.56760377597008e-07 0.482908173525657
ITGB1 0.0127377629571342 0.216024809335391 0.0197818598463442 1.13619218371563e-05 0.00715258357506035 0.712583163602985
EGFR 0.0153681429063204 0.00678923718740818 0.00253565942967031 9.02982168183343e-08 0.939419810565955 0.96026276357619
ITGA2B 0.00106442386509562 -0.0149828219740359 -0.0127906613012861 0.0788745634483653 0.834439189672977 0.828642630364507
ITGA2 0.00370812534016178 -0.0451140572008136 0.144816062726891 0.00357846108920383 0.649759036382907 0.0200437806248346
VIPR1 0.00180622255733391 -0.0290700543016393 -0.0180146314390577 0.0530218160421241 0.746101186647692 0.802720948131313
IL10RB 0.00995943849916495 0.261862704658827 0.0279690141975132 0.000452539395286663 0.00104199978079293 0.616436787065199
ACKR3 0.0111810269232113 0.0814537692701938 -0.0578643328660937 4.61377877274531e-06 0.415589964736156 0.318765134511995
NRXN1 0.028353399532537 0.216764703526088 0.0642110689244351 1.47593716388483e-07 0.0047163432428262 0.222423263028037
LTBR 0.0174030458806784 0.289287740307786 -0.0749783924696461 8.93408214495722e-07 9.54751113528167e-05 0.19257308146961
ADORA1 0.00142632693659037 -0.0157894629698195 -0.0174554701400441 0.0967448467479381 0.815943856074019 0.841528673860324
TNFRSF14 0.025762986797704 0.22094800800725 0.0132804991867299 3.09552838627535e-08 0.000757438421810017 0.789611009367934
RTN4R 0.00296986527539649 0.286715371981761 0.169174247128506 0.028629470255243 0.00227849903153854 0.00423920933094781
IFNAR2 0.0166467149602243 0.0674381366195976 0.00644660209898367 3.11293320979922e-06 0.428654042165218 0.90771759303603
NPR3 0.000347856099863742 -0.00846896453306891 -0.0045386290056857 0.315194271896003 0.939042085417674 0.949528218063138
IL23R 0.00106413589089115 -0.0229803154046581 -0.0105366856287282 0.0789150953593791 0.811105491567605 0.860955272839805
ITGAD 0.000706794478245207 -0.0227084836896683 -0.00705890060126545 0.152198670327079 0.849910813206312 0.899392999329112
IL12RB1 0.000723173477709022 -0.0462023141573145 -0.0107991334361733 0.147530540971156 0.782668230295878 0.876936330253737
NMUR2 0.000707420627692612 -0.022305159421556 -0.007071770827451 0.152017172300515 0.84027092487975 0.913418943839459
UNC5C 0.0138477483822743 0.203254224338614 0.0555386860179334 6.40621246682573e-05 0.0380973804419789 0.265972158673058
DRD2 0.00766361689170151 0.333610392852468 -0.0156987596379156 0.000580526126238506 0.000179625735734276 0.771127023639456
CXCR6 0.00106520543571174 -0.0129910337883208 -0.0174531401165868 0.078764671522197 0.842170695369124 0.818779358644894
ADRB2 0.00035059159360646 -0.0108195511758048 -0.00481036627395358 0.31329863705103 0.915441287880478 0.935163868483013
ACVR1 0.00663980209123855 0.0697686005455541 0.0478941798333932 0.000526160396445127 0.403738631708558 0.347699238455137
PLXNA1 0.0183969541891572 0.16881832555679 0.0298435495335888 4.82733426650771e-07 0.0344282077032141 0.573350934780379
MERTK 0.00666069390988595 0.215321530076077 -0.0260534864094551 0.00424594478060498 0.0406001678698598 0.70371616600997
IL1RAPL1 0.00642380149670775 0.142640104341795 0.0219589992034888 0.000824189221884932 0.110175416140228 0.732384042807449
PLXNC1 0.00496177861421005 0.0968929910179015 -0.0434323453224812 0.00108626661295617 0.26109404018009 0.492517803905226
CNTNAP1 0.0021592135111489 0.0411352690709217 0.058282965945407 0.0217949338638665 0.635458026685499 0.255066082735995
TIE1 0.0037332090558237 -0.0460866537588823 0.0542516802225373 0.00235518720046399 0.687022927381339 0.397701291724723
BMPR1B 0.000737896201072142 -0.0424432868031177 -0.0105346630740627 0.143471975053906 0.73414792958453 0.869973501119765
IL17RA 0.0094868354828136 0.151062457672316 -0.0407060821752337 0.000152458685042686 0.130796487563265 0.521911509335548
RAMP2 0.0043835107041866 0.0833467487974186 -0.05057399634508 0.000875946532526277 0.328320685235041 0.407463928201372
NPY1R 0.00328665272531933 -0.0242895769094413 -0.0336223658386523 0.00611570459923034 0.777644538090232 0.620313578299673
PTH1R 0.00143188559470407 -0.0273516685932993 -0.0199382562914377 0.041518449362002 0.773735880987079 0.783739843820553
HCRTR2 0.000349659198166802 -0.0103203766147826 -0.00647343664539918 0.313943088517464 0.927580928378868 0.943349429899986
EPHB1 0.00490795280427475 0.706994885289418 0.09664667717159 0.162330411588407 8.16373890961711e-16 0.0786473546265934
CD93 0.0174318725229467 0.209616946407367 -0.038353482948698 5.84021615755289e-07 0.00757679791955759 0.51757938427533
KIT 0.00647691232380241 -0.0603181308999369 0.0638377866116049 8.69444637451908e-05 0.52658268041011 0.231366196335425
FZD7 0.0209068153717893 0.352060295078673 0.016601622095184 3.8077383559282e-06 1.08802111360548e-06 0.754700855482369
NRP1 0.0238429436966551 -0.106804847089872 -0.0991904036794396 4.44419498182576e-11 0.253150217598151 0.0948830728697603
IL2RA 0.000701404343718775 -0.00993974204976512 -0.00797835572942832 0.15377126405324 0.888027036193257 0.897466768623103
INSR 0.0106122835304664 0.409178517898924 0.213748297823137 0.0171664714842904 1.67259010081628e-07 4.84725673607307e-05
SCARB1 0.00252186709768887 -0.0196728434639348 -0.024919392110508 0.00782530542198124 0.841938514861681 0.654474398050308
CD72 0.00245714731719981 -0.0261783406959741 0.00589824795105555 0.0220981216766094 0.776188990751751 0.931774379428426
ITGAX 0.00177000249115755 0.183359517681019 -0.026749164274209 0.0433773792334302 0.0625331938695974 0.703504874391975
ADIPOR2 0.0174478295415417 0.135968338816167 -0.00686330948320292 1.04937105615996e-06 0.140851790039863 0.908185575114776
EPHB2 0.00147362653259953 -0.0528828538660177 -0.0146787842005618 0.038655767925362 0.649854599157178 0.791720612546113
SDC2 0.0353643211761524 0.457061656096021 0.115035092538327 3.71035012043626e-05 9.21674653725299e-14 0.0135840496004332
OPRM1 0.00152593284829633 -0.0885775701624022 -0.0193882284263314 0.0353576077179003 0.551606803608751 0.779795357172748
TNFRSF11A 0.00161271597108383 0.103669312824335 -0.0234209311770863 0.04545124826063 0.50379589278681 0.748282379800318
C3AR1 0.00431619097567465 0.00124829638618553 -0.0453593289737536 0.000825846148195577 0.991088078363798 0.460281466561744
EPHA5 0.000347933450136742 -0.00864593019563127 -0.0027620383096513 0.315140464275099 0.92887804229576 0.963374691717393
NRP2 0.014656442475665 0.42519171375992 0.128685197346384 0.000700161036182818 2.50847082701396e-08 0.0172771874822954
CALCRL 0.00573847383218805 0.017385630359965 0.0026761979691933 0.000244668812084067 0.8584713844108 0.959965974638937
BMPR1A 0.00741501975632481 0.144066442791978 -0.0181458739357962 0.000125590980108543 0.131416685557516 0.758057126224548
BMPR2 0.0204592560000733 0.666057743991783 -0.0583035230026986 0.000657480748767329 9.37900503383825e-23 0.290291672332895
OPRD1 0.000714618475411449 -0.0269805747304816 -0.0106274177480087 0.149948268868466 0.809504458259291 0.896092668122807
ACVR1C 0.00109464316380224 -0.0405175537322029 -0.0187124167443755 0.0763475225267411 0.739754381318478 0.840476682510727
EPHA6 0.00629240830337285 0.0183158671301764 -0.0301178319066563 0.00521351736702591 0.880753843299263 0.670942383878028
ERBB4 0.0468420795452224 0.293045355128564 0.0672831000733715 9.46409707187044e-07 0.000156002534161504 0.190943473003877
KLRD1 -0.000164089053174392 1.64935962177001 -0.00264639394101546 0.779727827176446 2.4121699048186e-43 0.96482200459519
TNFRSF8 0.00144427698475003 -0.0421471863091876 -0.0136009035699062 0.0406461125664541 0.711882738926679 0.810573437444542
OPRL1 0.00107076810069207 -0.0330062468802405 -0.0150094089206844 0.0779872823652016 0.786288694392035 0.84930505671326
TNFRSF19 0.00105849712927502 -0.0127889491462027 -0.0130815599715733 0.174710571639605 0.871807147703323 0.893029089249165
LPAR2 0.00142900018478483 -0.0154089824479971 -0.0213082052844436 0.0428894746621212 0.835167985903602 0.783583649881328
TLR6 0.000351656984705806 -0.0148809862628955 -0.0123262940757222 0.312564373870029 0.905682397937125 0.933350809011876
C5AR2 0.00106979278383134 -0.0287597208365592 -0.0134219956665499 0.07812298499847 0.802080104620594 0.843138247403836
PLXNB1 0.00798906687512244 0.348532935684177 0.0323957439715742 0.00117797604590361 0.000426759929388271 0.558090630661558
FLT3 0.00542861639972016 0.0214457417580398 -0.0047136778420746 0.000358843284479247 0.831111244709304 0.940399069945008
SMO 0.00102656529356418 0.027750962802888 -0.0149337493849515 0.091393995984779 0.787864898950661 0.828153865924242
CMKLR1 0.00439779310669315 0.27969723708134 -0.0374960444363962 0.00991371101462325 0.00286591546698421 0.527130928914743
CD74 -0.156300438508071 0.918401338373437 0.29214019358935 0.00388316375979079 1.28180933368662e-98 4.34102094423687e-14
IL4R 0.00470710579309857 -0.0702753880647531 0.0191661311700851 0.000469731877710334 0.5049852707028 0.761808491433015
KISS1R 0.000351022959863318 -0.00906434307264186 -0.00655059350873878 0.313001070336955 0.915709952493341 0.928839963787838
LRP5 0.00269755994450244 0.044571940573185 -0.0285622867119023 0.0168659462018561 0.609980073680124 0.685354821808717
IL7R 0.000700487092278922 -0.0114644377281351 -0.00496411303056372 0.154040704772197 0.872143129710747 0.930205908159165
EPHB6 0.000350162302823091 -0.0110876131599359 -0.00562634597530374 0.313595138742298 0.91949947730065 0.953413236926715
GIPR 0.00297748745004701 -0.0563785837363473 -0.0373917703135593 0.00342447572355489 0.576676380285196 0.598880361391407
ITGA6 0.00960920010063311 -0.021076332857441 0.0548164164776522 2.36069187095926e-05 0.820449618310422 0.283473459895236
LILRB2 0.00512000824075258 -0.0406325151171973 0.106247160105064 0.00179410423972081 0.666466667443009 0.0725337587672333
CD44 0.0054501233948794 0.299622185228864 -0.0393836059360258 0.00242571632461311 0.000285372667839564 0.527409373458047
ERBB3 0.0014256453935879 -0.0189612043017592 -0.0134621743242853 0.0440508813276211 0.842803781852848 0.806435632543463
IL10RA 0.00853136412874501 -0.0459062284314159 -0.0739987792679228 3.61916284942139e-06 0.650653935370307 0.218602884958161
EPHB4 0.00750286101473891 0.0246599738776269 -0.0590791107673241 2.1183455997805e-05 0.801603676349497 0.324984522909178
IL15RA 0.00291006416905899 -0.0631132792966389 0.00347954973114424 0.0103854297648266 0.535619158948756 0.95014560279531
IL3RA 0.00128416830858227 0.115492422569942 -0.010489931356718 0.0664915772073203 0.294344766897998 0.843966762754454
CD4 0.0129274140458947 0.0725199191677357 0.049002647317983 5.7233171724877e-06 0.383288621549776 0.297421684290483
AGTR1 0.000704270818309436 -0.00650785291238191 -0.0176073136456767 0.152932679197426 0.914926860392262 0.855870245171712
ROBO1 0.0136780619050702 0.117869802900278 -0.0385872711680892 6.37700034426451e-07 0.151048617611551 0.484542679200604
ITGA3 0.00667656755901428 0.573472578408713 -0.0682824614323816 0.00472122362137324 8.93216834636346e-11 0.206457590772098
RYK 0.00928410474619313 0.217826836569243 0.160790748060623 0.000745486422991104 0.00710706634004309 0.000647658671254951
ITGA8 0.00564323815461374 -0.0811981545429564 -0.0263538004855133 0.00127472646638716 0.476148614391916 0.694654569201893
OSMR 0.000759377747353875 -0.121149931411718 -0.0109073907491316 0.137773505851507 0.667304925063774 0.887837410743209
