target intercept intra para.100 p.intercept p.intra p.para.100
IL10RA 0.000282986942171438 -0.0249692443934783 -0.00659001331128097 0.309543164208806 0.862258040074561 0.952582142637864
GRM5 0.000275530865851643 -0.00301240629129959 -0.0031532029081325 0.316004281177178 0.950313120737831 0.961174484455075
PROCR 0.000565953576925222 -0.0287706238973492 -0.0042648884296839 0.15066884674723 0.8093493776605 0.925232799019579
EDNRA 0.00170035910606747 -0.0241746580798034 -0.015896574672441 0.0312148206229908 0.795387396429689 0.778069494919348
TNFRSF8 0.0024461302500878 0.0192513639660315 -0.0117509688807626 0.00408624480788757 0.778928747989984 0.840846844477759
CCR10 0.000274880810870964 -0.00270994152157919 -0.00275733154254781 0.316575908870684 0.963980981133753 0.965876094704885
TNFRSF10A 0.00210077254338127 -0.0733390157688768 -0.0294920272132796 0.00569189579010682 0.49447630985032 0.672353896781941
TLR2 0.00320006551820771 0.128125005899677 -0.0153081335088263 0.00213512924531192 0.133266544581744 0.803369597021098
UNC5B 0.00274113839267252 0.03474169126803 -0.0327275152292699 0.00543476633520598 0.687772094597774 0.605706670764227
OSMR 0.00664542793385796 0.0131935743567181 -0.065199684407026 1.12038871407331e-05 0.886391349453892 0.239454414473222
TNFRSF19 0.00143649451176873 -0.034181438884227 -0.0145059184260305 0.0529489550189468 0.733542237538132 0.82923198305263
C5AR2 0.0104847229553308 0.162097184648024 0.00226187238443129 5.25400214454592e-06 0.0320295722488193 0.965382423834803
ITGA4 0.000555577001685193 -0.00799544367205443 -0.00582705780997427 0.154465783955452 0.899632834958685 0.908462260359274
NPR2 0.00254915776553659 -0.0168232777035674 -0.0191504467355012 0.0189430289991896 0.844485785359166 0.742848972713557
IL2RB 0.000275330150951782 -0.00249679912639503 -0.00231534836374881 0.316180636053493 0.95764287496326 0.958588596849037
FPR1 0.000419733335878048 -0.515679061507419 -0.00533184756958325 0.215854700149082 0.467611191380564 0.948150990222748
CDON 0.00431772366337636 0.0225143264655726 0.112005990812558 0.000949635190280436 0.806833519259756 0.0687499428344843
ROBO1 0.0161547737004233 0.080736140702501 0.00322242752549658 4.50971795103413e-09 0.231572836850582 0.947653381540256
PTH2R 0.000846805352341786 -0.0207198211615414 -0.00535629573074061 0.0787323029801223 0.787863031308939 0.887435159485441
CSF1R 0.00162662997523073 0.0178551772424941 -0.00760438557463184 0.0908664621409179 0.825144150847963 0.876529489575158
OXTR 0.00146982425474791 -0.0510368611635911 -0.0213968653254294 0.0205259630461119 0.598900086887536 0.76044298786901
SSTR5 0.00144442020998711 -0.0399458345751397 -0.0217784835613063 0.0216489914260832 0.670542475758527 0.756055503991417
MC1R 0.00339232389199469 -0.0253104693665674 -0.00831956695629991 0.000660696902309727 0.74790012170038 0.883845893163022
TACR2 0.000848684815748598 -0.0269582104793021 -0.0111087698998507 0.0784010007782816 0.799561951993316 0.850779663469711
TNFRSF10B 0.00687940887904456 -0.0795409536256556 -0.00795585421393549 1.15888940992237e-05 0.347094286673228 0.882944587861371
TNFRSF21 0.00573003843866436 0.263325561467298 0.00924366486851251 0.000410215245538534 0.00278332060195177 0.856987289320639
CXCR4 0.00950377980682872 0.166645369102663 0.170333975235731 5.28677432087589e-05 0.0218180054114437 0.000294440876266686
IL20RA 0.00332285196046638 -0.0198628487684679 0.0833271307531587 0.00301666718933257 0.809906172678687 0.121854107464237
ITGB4 0.0023496174263265 -0.0432182387176207 -0.0305602349882014 0.00350779563037883 0.584800307694941 0.629801431706845
RET 0.0014510672824522 -0.0558889169115689 -0.0169358545404247 0.022039136863248 0.678013870154501 0.775763069344931
IL18R1 0.00027661657648692 -0.00653432026713304 -0.00491896844934221 0.315052567474191 0.93019986503513 0.959624020756949
DDR2 0.00207755974848822 -0.0548027602134434 -0.0255619352667997 0.0060896326161492 0.543169084086165 0.68492873700743
TNFRSF10C 0.00250396529701372 -0.0306958203046944 0.109846747947035 0.0104077183553052 0.675581048962953 0.0401068694364944
FGFRL1 0.00357498283538601 0.186871680731031 0.0171754509571311 0.00260096465625561 0.0631867097595279 0.779602554564097
F2R 0.00867292239972747 0.0469753833909715 0.0500553893714574 4.60100841028945e-06 0.482185110616464 0.383207233029677
FSHR 0.000276251220016117 -0.0035373259759292 -0.00637758902254747 0.315372412962673 0.952583095036819 0.941639905300578
ITGB5 0.00389659925463144 0.190955563878928 -0.0390397902130023 0.0027146860947377 0.0235521543371814 0.491832932145723
NOTCH3 0.00641318978973724 0.285885021269779 -0.0712201422816356 0.000165835423396406 0.000550752840809124 0.167332210784689
TNFRSF10D 0.000277192713284197 -0.0118315556284488 -0.00509311613897206 0.314549059057415 0.933178296474059 0.941730248401301
FZD3 0.000448045829237432 0.161414350496064 -0.00993593407515303 0.35309462656101 0.711334442661445 0.892888875781333
IL2RG 0.000589296694364385 -0.0674176586065422 -0.0108702521492663 0.142506502993753 0.714189779743499 0.891700132286266
LDLR 0.00202479320387294 0.237218497904582 0.00239158272058702 0.0263775435970425 0.00319565243789498 0.972494975286521
IL12RB2 0.000279309407479565 -0.0151462949962702 -0.00367911007885683 0.312708198709724 0.894264889417602 0.960584088099983
PLXND1 0.00947949294992765 0.0423336372972321 -0.0571479299790774 4.76155721448385e-07 0.633460885086973 0.306412057842101
CD47 0.0321768919977326 0.195406049537609 0.0209750618442809 3.63950654550484e-11 0.00240120909879033 0.650203614028412
HTR2C 0.00215614629911827 -0.0892377390726848 -0.0291824615390612 0.00522841799386687 0.441553932980801 0.655343373172618
GPR39 0.00313047077170548 0.0981903854289772 -0.0280969004442283 0.00934984666555031 0.269530242312422 0.611003064919071
PLXNA2 0.00497728019905348 -0.0176273242282589 -0.051421769123347 0.000106903550573664 0.838078420477032 0.371408174979183
CELSR1 0.0114850869888935 0.384569181173794 -0.0621235422541262 6.90841581746524e-06 3.28397753496843e-09 0.251314774181194
FZD2 0.00206557891410067 -0.0485067801269785 -0.0336004924886402 0.00619668832184693 0.578933316116192 0.66157940698478
PLXNB2 0.0351765831395543 0.442354350180194 0.0384598559003872 3.03627552627227e-07 3.95818204098907e-10 0.398709833506659
CCR3 0.000837800646713149 -0.00872750901001575 -0.00992522712738406 0.0806844117168726 0.880329858140888 0.85831263784508
UNC5D 0.00144429427393124 -0.0355264659411139 -0.0224085391493523 0.0216547143067431 0.673925529322531 0.759119224504824
ITGA11 0.000420531862693242 -0.50996300025975 -0.00749890438262224 0.215418409748684 0.466500989614355 0.933996740733907
FGFR1 0.0262769084103804 0.2401668367306 -0.0292159551181789 1.19981432440454e-09 0.000460128663781125 0.561104528323349
LGR4 0.0053073010911333 0.0742137981629519 -0.0424623531014545 9.49680063570233e-05 0.234498648569662 0.462154461982287
PTPRB 0.00141902050639857 -0.0267191138928289 -0.0215359265656892 0.0230343169947082 0.79210296881367 0.753538419064176
PTGIR 0.00176519861024588 -0.0613538454982256 -0.0205187643009092 0.0116167127774943 0.603551701401866 0.730096360075044
FZD4 0.00362894578191168 0.117997834400738 -0.000487336386341242 0.00125780684319928 0.130312908418408 0.992707764069543
IFNGR1 0.0187830448255614 0.346977551607675 0.0584789071177409 5.21358330164287e-06 1.06740828150067e-06 0.186360478388311
IL11RA 0.00148283265109763 -0.0613316848439211 -0.0241147444351874 0.0199744026882432 0.575899233556034 0.74718788239561
PTPRG 0.0179200910238667 0.165582466185821 -0.0281287394202695 1.714355593345e-08 0.0319628791818458 0.570426963553803
IFNAR1 0.0248900872197996 0.165183131189879 0.0738818874613234 2.33079814561773e-09 0.0178301660046137 0.131140912393027
EPHA4 0.000557976280130099 -0.00954714041451313 -0.0128327307715811 0.15357831314575 0.912762364565818 0.87209229856714
ATP6AP2 0.0428114308457506 0.337814673439787 0.0237914328260946 1.65279930719607e-09 6.59964143891174e-08 0.60879555939952
ITGB8 0.00771162205586097 0.00313082050930799 0.0571907193504726 3.59762327241571e-05 0.973636919700956 0.277206358240791
ITGB7 0.00113046874277343 -0.0169641391992797 -0.0167471571020277 0.0972110386562109 0.837547650536207 0.833006845432075
PDGFRB 0.00209768531166077 -0.075109164540475 -0.0293620640834616 0.00565385517796804 0.49705430328699 0.672531142282563
EDNRB 0.000277117155628951 -0.00748668928049879 -0.00350480175049549 0.314615031873282 0.923918737313748 0.956636326884478
ITGAM 0.00236029705130608 -0.0781878169931465 0.143444204601301 0.00694086853010638 0.427370862388485 0.0288117349454474
SDC3 0.00265152321280652 -0.0669604764160358 -0.0222335656171811 0.001953999176494 0.480863985915218 0.729501686340424
FPR3 0.00170406889946393 -0.010329378503558 -0.027176865023368 0.0142466796911138 0.897853009451404 0.693157078682049
ROR2 0.010642882989691 0.109911496198923 0.14903902136955 1.16823045568078e-05 0.191749965675115 0.00420124740818519
DCC 0.00645647288014338 -0.0216824488477168 -0.0529105563801631 6.84082709643092e-06 0.8160485324478 0.386823545275903
ERBB2 0.0133749679771676 0.0584245512148564 -0.0507315595213804 2.83531252026485e-08 0.397810761885608 0.318909994053716
IL13RA1 0.0392244501178234 0.457049890182996 0.0776245523373813 1.78237109524935e-06 6.41592194248519e-13 0.0788358640101618
ITGB6 0.00287194009743763 0.471322871421791 0.181436326143217 0.0723834923121072 7.50191111701666e-08 2.13520868563896e-05
MST1R 0.0079329127887703 -0.0163840800368145 0.0940201312817575 2.62715021080747e-05 0.845217283218044 0.172966247877908
ACVRL1 0.000277472073773712 -0.0081176298133967 -0.00764324031644078 0.314305293697731 0.931363791368022 0.938320273128773
PTCH1 0.00993375888235714 0.00719685390757523 -0.0140173116598301 2.18198551766723e-07 0.922143073639004 0.790642450150048
RAMP1 0.00321185301750905 -0.0655183008050409 -0.000882918279788898 0.000771260890089577 0.432150986475698 0.98828460210786
CD27 0.000276386705718139 -0.00960788341716435 -0.0060410607957395 0.315253754641016 0.952192067139991 0.939270006044026
PLXNA3 0.0046817487697523 0.178882211802963 -0.059063241367732 0.000234241376799778 0.0137358888402279 0.270979713053026
LHCGR 0.00208057697990135 0.392529628454644 -0.0332359508794271 0.029456150892066 6.26778642969165e-05 0.551845407224619
PTPRM 0.00381870648714465 -0.0650816037680772 0.12712711159031 0.000745576166916221 0.516216260435511 0.0179775093416644
VLDLR 0.00254003830766665 0.0353242811983385 0.0369954588325542 0.00537666559720264 0.674614798512906 0.540188658545047
ACVR2A 0.00249013332903699 -0.0791687912995307 0.0620267498194074 0.00392544500853672 0.445970145486219 0.247066652081627
FZD5 0.000830309459636362 -0.00750399127265952 -0.00435261327495194 0.177541587381254 0.919088806444154 0.923872034919296
EPHA2 0.000275121540530204 -0.00237814384318655 -0.00284894069528913 0.316364064800855 0.961345825615745 0.960903011782122
IL1RL2 0.000278890255379004 -0.0160790406970165 -0.00398044257264654 0.313071610584341 0.903194796340469 0.95400191211841
EPHA7 0.0087276221917827 0.0361810124298147 -0.0271464450913121 1.30679917317615e-06 0.658657404733999 0.603606516870842
PTPRF 0.0426878053999956 0.430536076069686 0.0860383510407392 1.54750398735228e-07 5.67878766168725e-13 0.0601998613644324
ROBO2 0.00816115964992947 0.114332899513031 0.0391386535436045 1.41615536559386e-05 0.121079367808846 0.491834563548945
TACR3 0.000500752635197946 -0.108087032469546 0.178191598736344 0.216906139462214 0.677933558156584 0.00204010275073807
IL27RA 0.000558024184011413 -0.0159534998650032 -0.00911973820194408 0.153560652891355 0.872849487870027 0.910772194763595
TGFBR2 0.00228827518016376 -0.020879268131794 -0.0209895258688032 0.00410799103840042 0.747595916418687 0.675690531094922
RAMP3 0.000844873683727344 -0.0163444300700432 -0.0122516359568187 0.0790743785938918 0.81558508103963 0.858713155129908
FZD8 0.000558776398581383 -0.0171287701136917 -0.0081975257290332 0.15328364288384 0.868848978552525 0.907052221607987
GPR1 0.00114519379934387 -0.0336462178488054 -0.0154362059109894 0.041283840776025 0.735350685917804 0.818957380651213
LRP4 0.000418586839504153 -0.465141612948685 -0.00463855530009442 0.216482950448674 0.468736470388664 0.949537412008687
ACVR1B 0.00468453767767863 0.0853659359319418 -0.0262826680178278 0.000156070791149786 0.286360425351236 0.637124334369395
LPAR4 0.00242403405353936 0.00475859631169157 0.0117815622181907 0.00451206390414908 0.947818086745961 0.842492207957524
TYRO3 0.000276588263234809 -0.00705307986882501 -0.00469585766614763 0.31507733868873 0.937564941060175 0.949682748241722
PDGFRA 0.000277056418247925 -0.00658937578422849 -0.00563412065707356 0.31466807754977 0.933846966420565 0.943750528492008
BDKRB2 0.00262147745561273 -0.0526422920624048 -0.0225871362883734 0.0165526622940981 0.65119014926487 0.716043969167114
TNFRSF4 0.000277257899107114 -0.00913848376728696 -0.00593146124397035 0.314492156887616 0.935623071402699 0.937791382803581
NOTCH2 0.00481265463009308 0.0785986818889833 -0.0481068906180714 0.000125107983104581 0.343464369939668 0.40802329748166
TLR4 0.00192141243548422 0.0198623239150429 -0.0193515270515751 0.0222142127491747 0.838683376532127 0.757563741056914
CSF2RA 0.000846916230407048 -0.0152745716002723 -0.0168802031826518 0.0787127161933519 0.825311805529478 0.832153814214686
APLNR 0.000562247688108113 -0.0181160763437422 -0.00891825053645363 0.152012619751309 0.849642433779785 0.893430920279154
ITGAV 0.0108734441445768 0.120289208901801 -0.0017133345508571 8.61573342028379e-07 0.134074790256388 0.97184976114745
RXFP1 0.000555513620736796 -0.0111796604722254 -0.00675413163678695 0.154489306681792 0.897965146288242 0.911511208764056
ASGR2 0.000853429534928072 -0.0416341272071263 -0.00898624603627027 0.0775712813245264 0.762625161363967 0.873337520898985
GPR37 0.000560172043760476 -0.0124995702380436 -0.00957343085918916 0.152771181929911 0.858447621921432 0.904968971272296
NPR1 0.000275888218829778 -0.00879017035622797 -0.00472694908241691 0.315690617389894 0.949052645118008 0.952931802883436
NTRK3 0.00383856120222679 0.0282238324739692 -0.027573051769269 0.00153851999291809 0.754383237483435 0.634271133870116
PTPRU 0.00793342503886512 0.425480763548842 0.0476316437134515 0.00113920686021576 3.34171024033878e-06 0.337688361068876
LRP11 0.0090899378534871 0.0887758023496422 0.0620571291844776 1.35026556211054e-05 0.271842088911179 0.143464772863519
PLXNA4 0.00399166371565999 -0.0809507605016439 -0.0352503612489814 0.000151872617267437 0.325653025810166 0.526576310501897
CD46 0.0281245129526482 0.330509160536785 0.0621071586046831 2.60515683523641e-08 1.50007231663935e-07 0.178564243182271
BOC 0.000277062355333715 -0.0110360384221233 -0.00474472927952514 0.314662891813415 0.927585908839291 0.952103577301477
UNC5A 0.000841463404710041 -0.0160473205366713 -0.0134954483051768 0.0805029979553114 0.863687647988246 0.858177011531284
IFNGR2 0.0228802862840002 0.537553229713287 0.154511054914532 0.000794212860596388 3.63184002632735e-19 0.000391641794666712
GRIN2D 0.00113554240407109 -0.0230853710071367 -0.00892606462338353 0.0964633446407243 0.784533968055355 0.877438684853681
IL6ST 0.0312099484423927 0.386619965245761 0.121066162376856 6.46994060485266e-07 2.58400901698694e-10 0.00696515930955053
GFRA1 0.0426964041354662 0.450967769730664 0.160838713848463 8.94556853536779e-06 2.76872072230257e-13 0.000210611700557569
NPFFR2 0.00114239701997849 -0.0283766734212287 -0.00936391390747206 0.041314256417649 0.71675197673289 0.852562044673433
CHRM3 0.000848319291527259 -0.0317770607167583 -0.0101889868169542 0.0784653157995966 0.785990814304551 0.876045448587146
LIFR 0.00172158282831377 -0.0305743035036423 -0.0190187072704682 0.0122321664954428 0.6724964856878 0.756622708184943
IL1RAP 0.000275732525926628 -0.00386944000544146 -0.00356968895925827 0.315827225500367 0.955595309516513 0.950451348051979
FLT4 0.00027696742871688 -0.0139540666129038 -0.00587523722845214 0.314745818676543 0.934551731461129 0.945456457018535
LPAR1 0.01983404947851 0.277768659805328 -0.0581875699410738 8.98444183923928e-08 0.000251290460161901 0.232128181813679
ITGAL 0.000617822772421325 -0.105129714782146 -0.00821317961926157 0.133198681617442 0.62367201665258 0.896481062040487
ITGB2 0.00301416581985581 -0.0688973030621554 -0.0267014381018295 0.00360035691121834 0.599061523603128 0.649660025359891
EGFR 0.00084416412068111 -0.0170702642923231 -0.0122516002425951 0.0792004353496421 0.823662760973404 0.854064234680503
IGF1R 0.0245652268913461 -0.0389941207292106 -0.0168843420996459 1.58557406016062e-12 0.59627685574395 0.741311464960115
IL17RC 0.00233359135061702 0.265199850695684 -0.0395480384903062 0.0235606765402091 0.00242734563507707 0.513771985572469
FZD1 0.00211239193495875 0.236449637288409 0.0227745008991597 0.0194648187406363 0.0101129444529595 0.681705037399446
NTRK2 0.00201428859185407 0.0761516688412352 0.218254395791502 0.0282903416771145 0.46570147195233 0.000555806135364762
ITGA7 0.00155440414296946 -0.0408554991044858 0.0869603584492089 0.0505858283279916 0.7025511372724 0.0673115203248141
ACVR2B 0.0151876149820627 0.0325669650097397 -0.0360826608052201 5.26779167062691e-09 0.6519392776711 0.453905538137069
EPHA1 0.00394215471426862 0.00739523478305767 -0.0344926378321681 0.000359873531584643 0.941032811771037 0.543236549138096
TGFBR1 0.0109553953612383 0.107099496436684 -0.00923486550312231 2.8611821532909e-06 0.247700182236905 0.867562435882537
SELL 0.00141987368197397 -0.0268267569106498 -0.0172317564882958 0.0227945996471461 0.737338476841886 0.786845046450892
MARCO 0.00191691715941262 -0.0356971053257488 0.0355270611116306 0.0112654064198498 0.708115540785496 0.543640331097725
LRP1 0.0119128442582487 -0.0449917875212315 -0.0155963393859101 9.65956004115265e-09 0.543087345015478 0.776732096714423
IFNAR2 0.0124199502339647 -0.0268118910508216 0.0943583547535755 6.82127208597073e-08 0.733111390444123 0.067895052949951
ITGAE 0.00577107875978134 0.0432552293441709 -0.0475661713864943 4.14671157260957e-05 0.590400099491393 0.422281105942885
NOTCH1 0.000555729928524903 -0.0135412804587943 -0.00847073609469239 0.15440904456436 0.899727693662447 0.906844005579312
ACKR3 0.00283111373236555 -0.0100156510310607 0.0702956788223389 0.00946442363650158 0.896788307124434 0.187363275792371
NOTCH4 0.000848188213988715 -0.023679585930504 -0.00995493915243821 0.0784883930934569 0.795287115298675 0.867394426936569
FZD6 0.00414288599981605 -0.0831728276187606 -0.012776664501928 0.00147811623971203 0.502557062329436 0.838474412484821
ADORA1 0.00113474050726223 -0.017843465856497 -0.013313416869163 0.0418205605131046 0.759569206338772 0.821614384065169
NRXN1 0.00540758285107073 0.204180129958658 -0.0167165323565401 0.000240039471299606 0.012678977064681 0.750346241717197
IL17RA 0.00148308407438958 0.17757176235262 0.41324045246029 0.138938826947348 0.0704149459336922 6.92714585584044e-13
C5AR1 0.00396698504383213 -0.071916045719521 -0.0447703223278993 0.000175675528372062 0.438445319507641 0.437088839003549
ITGA10 0.0057376647622145 -0.121438554174877 -0.0326220612905596 8.54195943889521e-05 0.218296213583528 0.509044417144798
ADRB2 0.000562743488304372 -0.0170920189263484 -0.0106222880267414 0.151832056824411 0.849202291417566 0.891234409349257
LRP6 0.0141088204352087 0.246808789511806 -0.0628879038359917 3.72588153277363e-07 0.0026980643939955 0.22447014112328
AXL 0.00403975380065984 0.194879761529265 -0.038248461655239 0.000846757800300837 0.0329113670863888 0.45726751413508
CCR1 0.000846069867546537 -0.0222459045012034 -0.0118725878420707 0.078862360441047 0.81257624490022 0.853587514426307
IL1RAPL1 0.00197233385470767 0.134498778482335 -0.0249729640370778 0.0146361833089836 0.155685598001347 0.643554499099362
NRP1 0.00312771057655045 -0.0180994061885596 -0.0227716505187468 0.00461314527234553 0.85769342603078 0.695844068809114
CD93 0.00115432180151027 -0.0363913202479659 -0.0228713014923706 0.0400922631284262 0.698680787156954 0.794063764798932
ITGA1 0.00380028087948738 -0.0280951826143895 -0.0454793401708106 0.000233475403007413 0.700281478658193 0.449704625125064
F2RL1 0.00196198630069473 0.0304415685036992 0.271831028968551 0.0309727210079178 0.71986351314324 1.96745367553343e-05
IGF2R 0.0310684292774309 0.0762845375070447 0.00418929950096047 1.93151588450699e-12 0.331515662508684 0.928009872849178
NRP2 0.000862082240334394 -0.0499826240493537 -0.00773301407115987 0.0760823768789574 0.729494188340724 0.878419482238682
CD28 0.00084098085118206 -0.0175057357169133 -0.00838862627508554 0.174780410071746 0.872353392419212 0.89561577183036
TNFRSF14 0.00780899207131027 0.0151297767544755 -0.0321607366519134 6.52887105840875e-06 0.836831323515357 0.547433562706948
ALK 0.00234198282906838 -0.0537887016783442 -0.0338115702716812 0.00351791989789678 0.585882064826717 0.636970585889385
CCR7 0.000552057099694749 -0.00126248346721307 -0.00581885424294956 0.157325029142415 0.985629001366162 0.906710268852407
BMPR1B 0.0339527425756394 0.261420171328112 0.0457584737904506 1.37425367053215e-09 3.56303616202087e-05 0.322777314393197
ADIPOR1 0.0218626198573833 0.118338942126713 -0.0421005141596543 9.20825653805896e-11 0.11616858086784 0.403982314106134
IFNLR1 0.00215103069672284 -0.0951601601105905 -0.029170504158839 0.00506662181992361 0.414394047422627 0.671001252327116
TNFRSF12A 0.00872392618151481 0.0217826435983576 -0.046511575758844 9.23011974573263e-07 0.819297895557538 0.368714568317046
SCARB1 0.00337923672870782 -0.0344339734076846 -0.000547379169857614 0.000679660869278086 0.701988874554272 0.992660416368155
EPHB3 0.0122627221348608 0.0468975437698143 0.0215396988137108 9.33881579106923e-08 0.542869606203084 0.672531738854522
THBD 0.00229938876279037 -0.0263109731937222 -0.0222839067482602 0.00967053048293918 0.697077506401415 0.701200144907333
ROR1 0.00232190365649093 -0.0297907058224307 -0.0308451125036222 0.00386661113239011 0.666346624060865 0.649155522636935
OPRM1 0.00056022362582866 -0.0110348298952699 -0.0106209756982494 0.152752278955499 0.867898640447837 0.892253448223032
PLXNB1 0.0337123529932174 0.403465150217086 0.0133638471809974 4.84813854357767e-08 1.99169172060027e-09 0.777859754374177
INSR 0.0186058199638616 0.186751955938585 -0.00238469270774731 1.01863644757207e-08 0.00705104454379664 0.961058984672206
CALCRL 0.00028136855544945 -0.0173486205769273 -0.00229183814953663 0.310930849002051 0.875076500135773 0.965957440408043
ITGAX 0.000557056495377841 -0.0126659114953012 -0.00959900274228635 0.153917847993761 0.883345893008827 0.908869644694032
CD36 0.00759766492504061 0.0211332437670977 -0.045692526577509 1.10760326014882e-05 0.789319155538549 0.40715832932429
FLT3 0.000418874162561775 -0.545788674696627 -0.00340574996700506 0.216325300714562 0.46831059054395 0.953404113916918
GRM1 0.000555731209735786 -0.00733839035111801 -0.00724199235119302 0.154408569305363 0.899682734696952 0.906356293291025
LTBR 0.0265324655068959 0.12980968971362 -0.00262650697170663 1.48753034105594e-11 0.0532167188610551 0.95780389528975
IL10RB 0.00891041617772076 -0.0149923270175487 0.0571461695016009 2.45324906975909e-06 0.870748124662251 0.260257675990776
SMO 0.000276194615727613 -0.00587279823240479 -0.00603542122645828 0.315422004279323 0.957101627037928 0.93932639544815
GRPR 0.00116987099347312 -0.0528469289332798 -0.0227581285297817 0.0387732875561547 0.659496562627858 0.782909002565352
NPY1R 0.0261308673712148 0.344049949224049 0.05515163137068 1.5843213114313e-07 4.20971072969996e-07 0.228777714630015
RTN4R 0.000276328325989149 -0.0048326870480901 -0.0055796029299192 0.315304876421309 0.9500990326219 0.942174461851212
MERTK 0.000275936762974495 -0.00372842281394144 -0.00427632548861015 0.315648039588082 0.958629791054336 0.943362767143089
TACR1 0.00112111433853471 -0.0153948643469591 -0.0135891338746025 0.0430692906181318 0.827063995491235 0.827204527564106
ITGA2 0.0157852833114409 -0.0830477567663016 -0.0230866183246337 1.52588155482963e-10 0.247426798898656 0.631077480214544
HCRTR2 0.000538351455580745 0.391474671243873 -0.0238425131123244 0.256525683850079 6.86693823261096e-14 0.730614001969114
EPHB2 0.000854281951677432 -0.0257299144049608 -0.0115146014551562 0.0800257050228094 0.818307194003162 0.865035462295509
IL4R 0.0103196160515734 0.013238155821617 0.108636600307433 3.26868874964834e-07 0.843306368412919 0.029479958472678
C3AR1 0.000569339934240928 -0.0321760861084622 -0.0108269014593624 0.149452674041107 0.808433136167292 0.885943017638173
ACVR1 0.00429520307356832 0.0655332057600134 -0.0447950612106689 0.000277929086126079 0.460408964664876 0.453647908822892
MUSK 0.000402905304697272 0.246226145024083 -0.00732259226253011 0.4043347510397 0.600552107698991 0.898313680306337
EDA2R 0.000562392590907368 -0.0233928158043725 -0.007117716367317 0.151959823219577 0.83579473894752 0.915611117889464
EPHA5 0.00144332552021747 -0.0365277866958326 -0.0220071837335234 0.0216987895236669 0.68677441299764 0.748140886886214
UNC5C 0.00389253710960092 0.0281021141734718 -0.0416109101890356 0.000345132791778284 0.709362252982292 0.427234105020501
ITGA6 0.0117774998854323 0.171390109709615 0.021247579638081 1.87134207929627e-06 0.0175414322574074 0.679445375419742
RAMP2 0.00435073651621196 0.03802013113304 -0.033150888351163 0.000209972544437646 0.614366655406678 0.580862401249835
FZD7 0.01685178645609 0.190329014389081 0.0264743564953171 1.24727079712098e-07 0.00587103478692043 0.618854874849385
CD72 0.000275749906526155 -0.00418390306166885 -0.00486855332052304 0.315811971573914 0.960691936715022 0.945767684649703
ITGA9 0.00113882613096383 -0.0245165607521045 -0.0167175056002034 0.0414994942578145 0.759514135473853 0.79948939573356
KIT 0.000852069962806752 -0.0222191770273523 -0.0148108388357416 0.0778080627287294 0.79041645513181 0.837636166770126
ADIPOR2 0.022577908555148 0.375552984366805 0.0224434559568052 1.44166036628258e-07 5.86934334605258e-10 0.634732325106182
CD44 0.0301405902046979 0.198942235515522 -0.0617832469568797 5.95876673931236e-12 0.00442405928533395 0.167253955314441
PLXNC1 0.00785200382050619 -0.0401531605049705 0.0127081930635145 1.33383405015856e-06 0.652983455444569 0.811547520277878
EPHB4 0.0121804687180416 -0.000506152867050066 -0.0324290490627502 2.49569507988582e-07 0.995983183933106 0.53219723971721
ITGB1 0.021517066996866 0.331655444771819 0.0999685807520378 3.93087385166032e-06 1.40559945872391e-05 0.0288395889970134
ITGA2B 0.000844082190115827 -0.0182245105788766 -0.0138316543181455 0.0792150045756384 0.829222843977277 0.849177043486741
CD74 0.00999406739535664 0.271618769101821 0.00939370740243896 1.4651543438929e-05 0.000318795793117515 0.859085527166589
IL3RA 0.00142815687918673 -0.0269605095966231 -0.016251951277982 0.0224532585021578 0.721543148569796 0.77102473286289
BMPR1A 0.010850138144411 0.172084358663428 -0.0567402389709916 4.24848329774447e-07 0.0149563111946422 0.271731652035448
SDC2 0.0030451149872179 -0.0544359855004316 0.050639145996251 0.00321141467956761 0.516424205430708 0.39848386610719
BMPR2 0.0141597088596759 0.242921989496636 0.16111732278668 3.34221974023089e-05 0.000159576710143307 0.000371519149704231
VIPR1 0.00344079893195008 -0.0369573737688046 -0.0196832686790678 0.00123867462665491 0.687517880747169 0.734865059179317
IL20RB -2.39936022746817e-05 1.29323153618767 -0.0510155689197886 0.96545433646593 1.92001159103615e-27 0.498389738639114
OPRD1 0.00137709238741512 -0.0224424052545584 0.0137574689694568 0.0282921724453511 0.8290672475933 0.782209951079734
ERBB3 0.0352523182760203 -0.00262343806014631 0.0323387279980207 4.60709116375634e-15 0.970445543961843 0.479929980220127
TNFRSF11A 0.00308652253505235 0.130457002490387 -0.0449877072016811 0.00243533159201917 0.24120825724395 0.42835523766638
IL15RA 0.00111974152946203 -0.0193270004218465 -0.00904886432041062 0.09881276441178 0.841110740812968 0.888237254371079
PLXNA1 0.0041994171224808 -0.0105515221461681 0.0541052548483972 0.000322859330296834 0.893311115332005 0.361911595739523
ITGA3 0.00510001048400581 -0.0648958315785263 0.0834928722852271 7.81144616881662e-05 0.418939738321464 0.130165397158689
KISS1R 0.010392365741948 -0.072971144871708 0.014314059797757 8.41344107148831e-08 0.437016984553856 0.793163129548533
CNTNAP1 0.000553433769122914 -0.0101219124972901 -0.00570656330805757 0.155263466052148 0.91437151963231 0.921851213770731
CD4 0.00055654785461838 -0.0112474788906329 -0.0109621402885442 0.154105976018421 0.892235745307497 0.904592284831776
ITGA8 0.00084602707441226 -0.0239218682870885 -0.0102503473427736 0.0788699347652933 0.803790316345562 0.867339696119343
EPHB1 0.00228267374079832 -0.0326288614773429 -0.0169532841934334 0.00988611549787338 0.704680372836952 0.732406372299462
LPAR2 0.0107148144027375 -0.0878988725446671 0.0243094037725126 5.00746012900429e-08 0.306034241270093 0.648931775409623
EPHA6 0.0043928248331414 0.220274956585998 0.01949037204308 0.00260578879090496 0.0439921043921996 0.732717291908634
LGR6 0.000851785715672605 -0.0291562951646591 -0.011379076889317 0.0778576650587998 0.789949154454656 0.846296305103805
RYK 0.0243346414293559 0.13368316911797 -0.0150416762774028 9.75910587093161e-10 0.0802912272910001 0.77026496539208
CMKLR1 0.00113375099301091 -0.0202992161363482 -0.0142458103774708 0.0419967136397495 0.785443918403339 0.800098670563753
ERBB4 0.022683029381657 0.175959166699056 0.0743557653074138 6.19778086735227e-07 0.0280477362113815 0.121606385517412
OPRL1 0.000848116804421835 -0.0212918599925789 -0.0169233627872927 0.0785009684169601 0.816251349826342 0.833139454156757
LRP5 0.00802322258965706 0.177849734172352 0.049348701445279 3.39782217750273e-05 0.0189913306366778 0.303384577971708
GIPR 0.00341954395983162 0.184859812605019 -0.00697729971107505 0.00416444581099252 0.02444201762741 0.918627996609406
