target intercept intra juxta.15 para.100 p.intercept p.intra p.juxta.15 p.para.100
FAT1 0.0366722676238083 0.433204810899072 0.0958906120051073 0.123059439286179 0.00583453605434499 2.466400429011e-29 0.00504840633348838 8.82049404361431e-06
CTLA4 0.0804727577569872 0.00715654375832435 0.0532291790987335 0.0682911543789508 7.49746563755292e-16 0.875192507283876 0.161613926651109 0.0230230350655595
PBK -0.260562239118887 0.879947576235687 0.184087083673221 0.135726221994452 2.67546222430093e-16 5.19357149033215e-255 3.93422903957419e-10 1.33569082405346e-08
TMEM45B 0.151195114458446 0.364471726825484 0.172333406489515 0.111351465134911 1.73515923855874e-05 4.54003601754808e-23 1.09099534489567e-06 2.59062122690015e-05
ACTA2 -0.254117565307123 0.78920929265558 0.0892802733728433 0.323463575797921 2.7514236640028e-19 5.259006997316e-230 0.00204393839391159 8.54184991970487e-46
MAPK13 -0.147281173215052 0.820848509297692 0.128548718419312 0.0953472938528315 0.0229809602989146 4.23882219430655e-165 0.000249625633007504 0.000107256345373109
SOX18 -0.0362831380060538 0.661997723194368 0.195122887657249 0.121268686495907 0.0149709323015158 4.53334378422809e-112 3.9343419706899e-10 4.60244290459296e-06
IL2RA -0.119608349876075 0.861261100768536 0.143630233088449 0.0353972393418421 0.00456627654029 5.24573118018909e-204 1.89619481713036e-05 0.160213429324884
MYL9 -0.460154048011013 0.837671538676932 0.132486637983167 0.263814492322408 6.05326204167709e-27 1.80423257007965e-286 2.52020097023701e-06 4.07636496725589e-31
RB1 -0.167440470426034 0.733708255527176 0.145256879746997 0.178226212962501 0.00403267982402186 2.86132133567705e-112 3.38446657769948e-05 3.37025023960714e-13
CD68 0.116440116676002 0.213662971861282 0.172454735036901 -0.000393401805813176 6.9238814581764e-12 3.45019971448972e-08 2.56392121731636e-07 0.988741707488012
BANK1 0.140678409695747 0.189993347222721 0.124020168407486 0.0642231693149627 2.5103119628482e-13 2.07903011176613e-06 0.00039944862383976 0.0177869569982336
CD14 0.14125396838343 0.285091688888182 0.107012205129296 0.0634481749014141 2.30749755619172e-10 2.33868313139107e-12 0.00274873896611271 0.0184303365109957
KRT19 -2.01291312204295 0.945967966451346 0.0959154432073874 0.202771187935098 6.24750230438953e-88 0 3.70654410320185e-06 5.65271089063429e-29
GRB7 -0.0516961056942017 0.703079647227856 0.177404561516365 0.0934384729238849 0.258969687554742 1.23046075779224e-111 5.80230828890712e-07 0.000237823308990696
CEACAM1 -0.453921378389842 0.989790787269041 -0.00550158890497844 0.168630238673728 7.94654298907775e-13 0 0.833962207631741 7.58866094184661e-16
ACTG2 0.0645134696271998 0.109365218420172 0.09091958940706 0.0163041874406861 5.25147254827641e-13 0.0121430314491864 0.0095644841315259 0.593554767832403
CTSL -0.279210360850615 0.769557659051068 0.1990246967411 0.159314388939826 3.84391012236805e-06 4.31609493343561e-146 4.82936173627961e-09 2.93247975419973e-11
FCGR3A 0.0606512442273066 0.531992522231378 0.219730433759577 0.0817065564239336 0.171833671901769 1.22501204912109e-48 3.07039062549059e-10 0.00155424293230261
PDCD1 0.0977351754834568 0.187217875856941 0.111309906033899 0.11416315304137 4.13991666950298e-10 1.13422661320636e-05 0.00118430835993323 4.83337421101114e-05
SOX4 -0.567870920606803 0.823976970158703 0.0924481718622418 0.262116509210393 5.6694062017278e-06 1.76552696263775e-172 0.0201813854174677 1.49156544993156e-28
TMSB10 -0.851458294622945 0.768715908179959 0.260227757889856 0.208882555575561 2.17532074965281e-15 1.80363735867234e-158 1.86819639694274e-14 1.13147849506519e-19
MAPK3 0.225371031032984 0.287179652006979 0.234443470354696 0.103065309396756 2.95086207606016e-07 2.85975127094647e-13 1.94622301365588e-11 9.49342323171907e-05
CD69 0.110358678084742 0.405038881015559 0.135749099790471 0.130618599036116 0.000236237691121038 4.73942497447841e-28 8.63414381892684e-05 8.02852792881265e-07
MYLK -0.171081464675692 0.745535591084213 0.175615818767356 0.215482009363508 1.14318606830969e-10 7.40401901007162e-203 1.30189141207205e-09 3.2954723198222e-19
KRT5 -0.00461988129595578 0.423475481088488 0.273983844288478 0.20744043496393 0.916573185820466 2.63950812352419e-29 5.63124977725211e-15 1.48178477689963e-16
IL32 -0.00184892960416015 0.514334892251919 0.17105958078392 0.239427014040885 0.97208114639003 2.42088638853278e-47 1.93761362415402e-06 6.06125938184653e-22
ACTR3B 0.0784424384458433 0.610542853459096 0.172041634372659 0.0491288560293485 0.0882806674534114 7.88530459127722e-69 1.53435816206644e-06 0.0651274668239733
CENPF -0.593752982040552 0.966203574235322 0.157863475970936 0.286505662814596 1.36040232512165e-83 0 3.57308161434906e-11 1.2759425276409e-41
GSN -0.0158695378296403 0.641187478307751 0.17985137108812 0.105030592128727 0.698546172486891 1.45025801814591e-87 1.05163622660012e-07 3.91671059642928e-05
BCL2 -0.0998260337965157 0.862964365029709 0.141853012103404 0.0192381625340252 0.117209968551974 8.26210599082131e-200 5.65511779542634e-05 0.441630402559132
CXCR5 -0.00887202222287214 0.557285988358041 0.222367241377499 0.126773236911323 0.824833213692307 2.65407479770035e-59 4.72927099451502e-10 8.03258064394263e-07
RPL13 0.409471532842055 0.312837942204595 0.167897934186157 0.159364164129575 2.5297319228646e-08 1.41871763895428e-14 1.01034457882682e-05 2.88999622518219e-10
CD163 0.0485267146728863 0.528320249678046 0.139561650451436 0.100979880602243 0.0783542352013513 5.46235202327662e-47 4.2587937040713e-05 0.000147584252579814
FCN1 0.0727798889077248 0.329306940314704 0.0980554642258366 0.0771572388997969 2.04336581827585e-07 7.54126145145636e-18 0.0049675486137665 0.0061301285703022
PDPN 0.134685500257609 0.258032379792768 0.125901000388234 -0.017794293735882 8.02729617932709e-13 3.30544121376218e-10 0.000229926977990524 0.528426672508211
CD7 0.117279486696474 0.235459133022167 0.213346069551957 0.0561064088363167 5.47389410302749e-08 6.38988080829978e-09 1.31541830738461e-09 0.0362767673667272
TP53 -0.330211674498762 0.948211105002946 0.0603157358043501 0.103574123160626 0.00038149822599514 5.50762979110803e-294 0.082085530844306 1.14354386285805e-05
MYO10 -0.174044605377566 0.845852392412494 0.129250096234479 0.084757005922692 0.0165116209576045 4.26980273255138e-178 0.000306496111278631 0.000592810941091052
IL3RA 0.117219410895925 0.367072940006921 0.0910238889238044 0.103223855977835 9.60154432915891e-07 7.61710765440579e-21 0.0089778744309204 0.000101815179926181
SPDEF -0.613702663793662 0.932025143545225 0.0553017307521415 0.13737579647447 2.84331006971228e-13 0 0.0210816320036108 1.77455020120383e-11
MDM2 0.108556581576009 0.421317922483867 0.225600096839301 0.051642321254762 0.000897795981036239 4.44245405573769e-30 1.78262664854345e-10 0.04995156873772
ADGRL4 0.0159707286836588 0.670319217380377 0.114336914576165 0.0111654890851084 0.315105634673081 2.62331275725655e-97 0.000395258612807433 0.677766878653085
CEP55 -0.186734250032225 0.989571195563988 0.168693334393899 0.0487801919921842 4.97001753977316e-17 0 1.46692370024406e-09 0.0458308613258046
FCRL5 0.0872740219966596 0.228000992461408 0.103011470799836 0.0978633437788439 4.52377102598934e-09 1.04818576482219e-08 0.00290128250967441 0.000500365337917388
CXXC5 0.0438070820078238 0.653476820669934 0.181972473034586 0.0396551522588253 0.348532762439878 5.12802583758377e-85 3.23592721775741e-07 0.121802102869721
GZMB 0.138110463886093 0.151022628498345 0.159725997604688 0.0498009380754798 9.39984936308664e-14 0.00027529494457908 5.53880312661194e-06 0.0721142520164703
CD19 0.121621120635588 0.130488747060014 0.084498634783278 0.0817783892351026 4.68914544878073e-14 0.0024562827826938 0.0179672458164914 0.00411455765933733
BGN -0.685691811966417 0.911297955000971 0.104208951074171 0.225615774867994 1.08941779608613e-72 0 1.83691561415234e-07 4.87564787604788e-36
RPL18 -0.0993483412368728 0.568359912286735 0.271021573582542 0.169856467345279 0.130544826352417 1.79358539824211e-55 8.90412865285177e-14 1.04943132260686e-11
PDZK1IP1 0.0793941924175646 0.401097143792895 0.215795887686827 0.121399587983127 0.00846874557109237 1.42217436533765e-27 2.37451529108227e-10 4.30914114968356e-06
TPM2 -0.243687081834827 0.814771965646936 0.147947138586883 0.178591387424329 2.14211999775476e-11 2.33205575955043e-242 3.76619044429262e-07 5.40201421647835e-14
CD74 -1.58027802938535 0.897879931150097 0.217947312190085 0.372834600567387 2.08781685353382e-69 1.85689014604103e-301 1.23594250532715e-12 1.61554411277271e-69
KRT7 -0.944199417052423 0.98182827299859 -0.0696966191072304 0.238082795957443 1.01357719782429e-17 0 0.00522014573136255 1.23239564336203e-33
IL7R 0.0601490551670094 0.424214734445694 0.107753976808703 0.130405050930412 0.0017696348935909 4.35324565594958e-31 0.00161215373986167 5.65974511465139e-07
MYO5B -0.0569036545072951 0.844895778592762 0.0983072153989328 0.0492970851784768 0.347767962802511 4.4872385400301e-180 0.00559454437506108 0.0509490801424451
SPP1 -0.0662292953830754 0.463789167979026 0.214634042576426 0.383510650362962 0.000283161637495359 1.61528206885143e-37 6.43230380138527e-11 3.10354098029443e-52
CLDN4 0.0937584604120483 0.506574233478417 0.133919405176918 0.0806161890453325 0.0026761581627814 4.61564355037088e-45 0.000253503797432429 0.00258708146534672
AGR2 -0.464642584286861 0.7776506338071 0.221184376566372 0.178063256530725 1.09684722471647e-13 4.83747225064409e-208 2.95706404297563e-13 8.4309041261783e-15
DCN 0.0341479586321723 0.506390285529617 0.140206923907925 0.135719722557652 0.0934653233123239 3.71452622314504e-50 1.53109375413961e-05 1.78515944857463e-07
MELK -0.294831906068035 1.01017914447955 0.160425885201485 0.105760497550089 2.77316611751914e-28 0 6.03537797271448e-09 1.11575761870079e-05
HIF1A -0.155643025280659 0.868882612418146 0.126990308370094 0.140119985578782 9.70960882081687e-11 4.67379416986239e-287 1.05291505435696e-05 1.24427681184885e-08
FGFR1 -0.227568473921415 0.844520346343083 0.180764837208256 0.0740062777285637 9.71752721780516e-05 4.60923032859833e-197 1.77493977691037e-07 0.00233045732927123
CD2 -0.0652728190822097 0.733976480513746 0.162748713823421 0.149545015326548 0.00018958659598764 5.40619401388038e-108 5.68285600732924e-07 8.65861165461819e-09
PECAM1 -0.0748372785208579 0.92573462755958 0.12339871031337 0.0497884580722626 9.51569589446724e-07 1.33489782640795e-315 9.51458135894223e-06 0.0536774307679991
RPSA -0.586685283249492 0.734351243361251 0.241918975981021 0.203307937976244 6.56524591573618e-10 5.43681213669516e-161 2.49996322467088e-13 1.51879635400863e-18
MZB1 -0.0599446057032616 0.5920842784414 0.153442628542064 0.225965377054446 0.168841995810547 4.41067115622104e-70 2.46575946176775e-05 6.8960937606928e-20
TRAC 0.0895887603899849 0.274809635488149 0.196686664213263 0.0624057332311397 2.53394890544355e-06 1.30037187002813e-11 2.03487452656038e-08 0.0231369744431252
BICC1 0.0709732280382686 0.353108091832246 0.19289825862668 0.0570304112168497 0.000103373600451432 5.06448369301522e-19 3.31391048219066e-09 0.0388536585858305
STAT5A 0.0803241361116847 0.32994278731977 0.25481699571819 0.109509944154479 0.00327675290409582 1.43292236217484e-17 1.91219516035907e-13 3.48857943835756e-05
ISG15 -0.0293068933096448 0.420324220825996 0.17466563804358 0.333135022002788 0.198678884771516 9.16231881703719e-37 6.89034885066409e-08 1.0021749909984e-41
MIA 0.0845663931670028 0.202392036193089 0.113004475439602 0.0147158696763879 4.32889460157315e-11 1.5215136507399e-06 0.00128692254832478 0.599686186902512
CD79A 0.0233436063888824 0.511029183697849 0.235668176055899 0.114855746157102 0.498336933875229 4.89029854283003e-46 2.25189979523417e-11 9.69317769845871e-06
DERL3 0.170918500276873 0.382343407954859 0.151587640650659 0.0480958752506933 3.2010192913575e-07 2.24861990573643e-24 2.59826446907614e-05 0.0670725761977782
AHR -0.410229994097948 0.911404815925904 0.0827749481146824 0.137542504361771 1.76688758582633e-08 0 0.00465690000608537 7.83031598621587e-10
CLU -0.778715928087984 0.892312983140854 0.0637859683736902 0.218622436255436 1.85595824263631e-21 0 0.00999419326533536 5.323633764684e-27
FGFR2 -0.0162539889040207 0.504942262417683 0.220920330337815 0.169977503261118 0.361540973282239 1.10612581771429e-39 7.4772684424637e-12 4.8351775164266e-10
KRT8 -1.64240229781377 0.953354146385155 0.0709577795584655 0.184368224454073 1.23767794141727e-50 0 0.0014645273896998 8.14778908565505e-22
RRM2 -0.145055001335372 0.898792178340006 0.188992622956601 0.166413298827173 1.3258090566741e-16 7.96430877907968e-287 3.02634830158838e-10 1.12620875460238e-10
HLA.A 0.116813979075446 0.431178067093818 0.166661272571006 0.0272324977262826 1.18715994178171e-05 4.24192647970003e-33 8.82011009055169e-07 0.31450722283451
STMN1 -0.718081990644172 0.865724684655263 0.209560033503832 0.249868019227206 9.93332783501142e-40 5.34015267912435e-280 8.31609175206635e-13 6.55084607433613e-28
NAT1 0.0717419243243496 0.558117499931987 0.152740116798827 0.103502448673407 0.0838094131934963 1.09002227436397e-60 2.66311990215588e-05 4.41209234509157e-05
TRDC 0.11340850933304 0.283687520188007 0.213996099068823 0.0588326835922658 5.51253370608029e-07 1.90276872654624e-12 2.3762965564213e-10 0.0261180867837501
ISG20 -0.0244631831868403 0.659658842754381 0.134860494804838 0.142773514878124 0.592126175060073 2.85927205930121e-84 0.000132226290522756 2.34247314320917e-08
MKI67 -0.359495280895169 1.03319092144738 0.121007378717106 0.218696387187785 4.91327762425778e-60 0 2.65733006717981e-07 7.10047551634842e-24
PGR 0.102907162540155 0.158701562631669 0.0893164677967648 0.170058386226245 1.26737347126281e-09 0.000181883780633381 0.0103381203904462 2.86143361505699e-10
AIF1 0.122031383408037 0.171113863708331 0.186427775919783 -0.0144882388641397 1.54048455321289e-13 2.97853535783351e-05 1.79028896297523e-08 0.596075417319839
BIRC5 0.112975562416949 0.377630870611413 0.189611048279841 0.0124922000679462 1.35329889241143e-06 8.40873279345144e-24 4.07598954598593e-08 0.649360053680607
CD79B 0.183186877079971 0.175761519859502 0.0860416907382472 0.0662745978794963 2.79951796003637e-15 2.92086730386687e-05 0.0159894570007911 0.0138287195709262
EFNA5 -0.10254387252846 0.713969126302094 0.188830149079568 0.113661740580728 0.0227385955168605 1.93602297487329e-115 6.42489566668222e-08 3.827296089613e-06
LAG3 0.115326575597226 0.376980771029288 0.112634161501327 0.0963457524479984 3.09354386844468e-06 1.82085954612025e-23 0.00160782013058849 0.000311018233595846
FGFR4 -0.597097012742433 0.858505006381495 0.0693865684017471 0.302708767796842 3.7046989675968e-26 0 0.0116650276892216 3.39391160094277e-46
COBL -0.36091137759976 0.858475885691781 0.169017304260782 0.103464681259526 1.22505453439783e-07 9.85777127607546e-267 4.70573834799894e-08 1.27008368357569e-05
S100A14 0.0786336539878022 0.408132156593668 0.222551229987668 0.188891692899422 0.0936121159475271 4.48819710308407e-26 9.98008525860524e-10 1.20658354153321e-13
CD24 -1.07307323571139 0.867267350323125 0.141338108565207 0.152905343932279 2.175356214315e-23 0 7.51158701808646e-09 3.17578827584467e-14
PHGDH -0.3568212237924 0.766827750217612 0.223136891158346 0.212850141018693 1.20469301725577e-14 3.3770451180301e-151 6.69190737396521e-12 5.00932460868486e-19
AKT1 -0.164174197037425 0.777337500134036 0.210972387389651 0.0671264559917073 0.0102877242592157 2.45243209361023e-132 3.42886869686061e-09 0.00709751574887921
NCAM1 0.00874112811412582 0.396380874582095 0.221969539140952 0.150341428545752 0.439102024673302 6.77528986262934e-22 2.10194346831968e-11 2.05645735408968e-07
ITGA6 -0.476605081712766 0.959965924305782 0.102405614258715 0.114913138064979 1.56877346051781e-14 0 0.000352394402745774 1.8361692920256e-07
HLA.B -0.501580864457745 0.896058336911723 0.170907026323763 0.131973092468555 4.56628544104279e-09 6.38775768799211e-205 2.9855174469709e-06 4.39030661616584e-08
CD8A 0.145877708213982 0.195039117556652 0.0493189511163379 0.0585144233511991 4.78697135000174e-16 3.18763105485428e-06 0.162338933324297 0.0341036667305953
BLVRA 0.158907791588439 0.269478553002451 0.0629917459010193 0.021985338211144 6.76051556142105e-15 5.85245294552101e-11 0.0616309415965303 0.43018862123952
SULF1 0.159936977256087 0.390612364930285 0.107229918396142 0.0780094057106373 1.62689775848695e-07 1.16119369768946e-24 0.00207718368535963 0.00349798028798929
EGFR 0.0697011501610354 0.557579606292254 0.139156691550817 0.0984610242005892 0.0730186524634735 5.94265995557358e-55 5.67700252348429e-05 0.000145441765853986
FN1 -0.661783002221777 0.937805808091215 -0.0208442631338812 0.325937289106081 4.25472472771454e-51 0 0.356663284301257 1.25218620175024e-63
MLPH -0.533285386202299 0.937468479362195 0.103708998967998 0.119751573505703 9.10897825095261e-19 0 1.75612087413617e-05 4.89564073630401e-09
LAMA1 0.185046160649056 0.235046187389701 0.112856755259927 0.0970668986338031 1.18877490051882e-11 7.75925945969118e-09 0.00123959434954873 0.000311692401119373
S100A4 -0.0704536414473763 0.677723448538285 0.17495687159097 0.137204196376147 0.0872154598410553 4.70037627666755e-95 4.34477749417125e-07 5.23188302002243e-08
TSPAN1 -0.445310376725585 0.861197849826845 0.110378510310261 0.196572811322516 9.22930093409562e-12 0 0.000197867618175559 3.40964272047134e-18
NDC80 -0.0921856935409004 0.882859457694914 0.143470231337049 0.087863124854989 2.32955804169403e-07 8.65916515489852e-258 1.61615318463436e-06 0.000721271821272951
COL1A1 -0.526682997772977 1.01063745899103 0.0537064688492453 0.133648649954051 2.70474898772165e-37 0 0.0132958309915638 8.58482240007914e-12
CD274 0.104973655335934 0.155784936255056 0.0901914018303046 0.0695533502277068 2.1598307029465e-13 0.000258460589963341 0.00938016539059641 0.0148946543381355
PI3 0.112412526466691 0.0157990264278473 0.0965749379914341 0.0724913530923457 6.65190881558914e-18 0.713097550359922 0.00641438713637031 0.0117465391835081
ALDH1A3 0.163534281929505 0.166736675613695 0.115565186986145 0.0310266822513692 8.60038697427443e-16 4.22031711689755e-05 0.000962512954098988 0.249454462423834
CD9 -0.446506849556745 0.840545475432329 0.160127002480679 0.16279058939947 5.3350378679287e-11 3.02234655988714e-255 1.50157538962976e-07 3.44256109212819e-12
ITGAX -0.111340362874661 0.908591821919815 0.0784460824888022 0.172610045694748 2.13644569043779e-08 2.44168539021613e-237 0.013718395678667 2.32942427368325e-11
BRAF 0.13981755847483 0.438610105986454 0.0938160432899885 0.0646718617134596 5.22115064449532e-07 6.66887942727843e-32 0.00848642458156541 0.0179956383978573
TAGLN -0.0790658960016649 0.60822182141565 0.149123701595982 0.238477282761404 0.0275957508501948 2.39961317905299e-82 4.59176764195494e-06 6.90967207577728e-22
S100A8 0.0740939539772617 0.187332384671175 0.0594655190737544 0.057587762126833 1.1339214047987e-10 2.99092950300651e-05 0.0980514870127723 0.0458125172497686
EIF3E 0.0886445761423337 0.381066293068492 0.228881287544398 0.257818893429289 0.138810801572117 3.43786009479197e-23 2.3049991807494e-10 3.27569918180518e-24
HLA.C 0.081488220939509 0.515549620082746 0.174551335120898 0.119880253373278 0.0572001412410548 6.20003933275417e-47 1.03458658278327e-06 2.45972865999228e-06
FOS 0.0161523857523936 0.360309605237771 0.123609590485293 0.357979015662828 0.560956952725099 7.82319892972597e-21 0.000395492286506714 1.08685818673794e-46
MMP11 -0.197914043564795 0.740070242134694 0.0689775152722832 0.332180531563032 1.13766967440174e-09 1.4344566574128e-162 0.0295033091572962 6.78911190587055e-45
LAMC1 -0.447232895931278 0.941485448500035 0.134349366143447 0.103711758985534 1.70734652947585e-11 0 2.33240559157931e-05 8.49792532575075e-06
NDRG2 -0.0826864728066641 0.647370842072615 0.19924666705152 0.149370558706837 0.162633115340021 1.32470983947594e-85 2.02753791137328e-08 3.36273310539667e-09
ANLN -0.486740997837552 0.967342567643138 0.194814411059266 0.151531644079803 1.16367548899419e-42 0 3.00861734772357e-13 3.47732568321658e-11
S100A9 0.0625241801077546 0.126705947242611 0.154329500374892 0.0557547365806732 1.90561464492857e-09 0.00285301086062384 1.00571135696209e-05 0.0512759132149918
COL1A2 -0.523015612526015 0.979594545783006 0.0880791685196533 0.135254176582233 1.88082485586404e-49 0 6.08881516723988e-06 2.04672134503213e-13
CD96 -0.000523326849039493 0.563563497706282 0.134143535079171 0.154814941247163 0.967791733472797 9.2004830251577e-54 3.17205095738477e-05 1.23801540294786e-08
TBX21 0.0898919994471588 0.368392547747612 0.163557168987898 0.101419675569283 0.000144883850687798 3.74957005025676e-22 1.48077477871148e-06 0.000153510227396022
TTC6 -0.580482090542018 1.00176827462486 0.0189194391845473 0.114328373321349 4.51211203705771e-18 0 0.387090127017082 3.94488518173703e-09
CD34 -0.194128617759922 1.07984610953243 0.0688351348039907 0.143917210395804 2.48466255377809e-32 0 0.0023176569954644 3.37292867461007e-11
ELF5 0.146745598189785 0.387414490861332 0.181929837199864 0.0777940229319766 1.15732563064888e-05 3.02201537538106e-24 1.40448157322787e-07 0.00312039449644861
C1QA -0.113881666333034 0.754530495867883 0.148457294492614 0.165694356440887 6.78556891590861e-05 4.73352770841518e-140 3.43940737105648e-06 4.81063394459604e-11
HLA.DPA1 -0.268070911590347 0.884710864915488 0.111378438370243 0.205025904873767 5.91896447066207e-18 0 0.000128679094904432 2.40436094731722e-19
JUN -0.393630589549862 0.588887064110804 0.150531062184492 0.445142440383967 4.42687803870353e-07 2.3810868530933e-61 0.000110382674512928 5.97404700503273e-82
MMP12 0.092894319043475 0.133429326749774 0.121036523600648 -0.00316118930562923 1.29564537032781e-13 0.00210296622964293 0.000569686586513346 0.914339976317865
PIK3CA 0.153561570543698 0.549790310752865 0.0986396086615639 0.0798114210076275 0.000576750965909187 1.39459136901658e-53 0.00614240990053077 0.00184528176015029
TTYH1 0.0337469645218531 0.314861972250136 0.153837996045008 0.110147358305091 0.000994920708802645 3.97586084154934e-15 6.45987444187591e-06 0.000153298477137238
NF1 -0.277106132588675 0.945912928374681 0.0736981711449384 0.0925521352787699 0.000108247947020073 9.46616686944073e-267 0.0334384361482268 0.000127151761345025
AP1M2 0.121818177641561 0.450814184749025 0.186033778246103 0.124925844036937 0.00396284526301868 5.22157270681473e-34 1.21777217916242e-07 1.60647861865014e-06
FOXA1 -0.74099321354782 0.908095463665141 0.0753820700077792 0.136965533549373 4.29475915299848e-13 0 0.00244748239665423 1.44085049972171e-11
MMP9 0.0534781238521282 0.104632565961957 0.0573658256470846 0.180608261895784 6.70046845765498e-09 0.0177518342632293 0.10641715593665 7.76764080174466e-10
LDB2 -0.349187858912939 0.820545516420763 0.181728151348363 0.176688578243381 3.85280058332391e-11 7.01542686204032e-192 2.923321277545e-08 4.09048343251965e-13
SDC1 -0.408915912031596 0.883924046051 0.0908972518100334 0.164316209988953 3.58293523298275e-08 1.25986739689518e-319 0.00301393279281179 7.52319010427916e-13
CDC20 -0.284837882760285 0.832724842270883 0.143227437255987 0.224320405874832 1.06447251312755e-15 9.87512558763134e-209 3.58170450788885e-06 1.65039226515399e-19
CD36 0.145572782742471 0.192845273905073 0.119055327767318 -0.052187970902085 1.15114030330555e-16 3.83303919795229e-06 0.000882213272019586 0.0680056436418107
TCF4 -0.0260146011483473 0.742859967090568 0.140805007552858 0.0434083189653947 0.379273859536892 8.19561117787665e-128 1.47611754129767e-05 0.0935536263655176
EPCAM -0.41361839716077 0.89508106468262 0.103081311708747 0.139991391135306 1.15895710965004e-09 0 0.000479745501476288 4.87360668862039e-10
HLA.DRA -0.506876646307449 0.905647700278002 0.169241953986021 0.214673676161409 2.74134976048287e-30 0 7.51681618727e-09 5.90076751263844e-21
C1QB -0.160334676922649 0.779716421558491 0.1583175013207 0.192091689782457 8.11157169886276e-08 9.46510586330559e-171 9.19770842528743e-07 6.72021085343375e-15
COL3A1 -0.403684007844834 0.988752141953033 0.0483351942516846 0.156678245842977 2.2692340379942e-36 0 0.0215705627410146 8.87785314937737e-16
JUNB -0.378082549239112 0.743489798999958 0.119175938130944 0.262226631653764 0.000536344621753737 7.30244321064944e-126 0.00133204153695394 1.27473905903972e-27
PLEK 0.0278734113968484 0.493026826914524 0.181379952665022 0.109419649458295 0.172263007119569 5.06420273074843e-44 9.54899646552975e-08 3.19885699999791e-05
TYMS -0.380013168883823 1.02031071464923 0.153627367497338 0.195102198806137 2.47252938719973e-47 0 3.89549330446502e-09 1.83877788532146e-17
SFRP1 0.00481163389973156 0.513954672840118 0.164878437383222 0.155146369284311 0.720009379122953 5.4578573460823e-57 1.68849900818235e-07 6.68368780267405e-09
NFKBIA 0.102683884517929 0.486598617498205 0.277873499229783 0.0909858370633348 0.0901110679856013 1.44021257497575e-41 9.42528114587933e-15 0.000385563021366521
MS4A1 0.113298489823093 0.393369589572885 0.060315435342945 0.0964062163589424 2.71627102120214e-07 1.4218801710775e-24 0.0891152985853207 0.000372104369152279
APOC1 -0.0688084362643411 0.498086976352494 0.28692980856753 0.189038015512185 0.130683618473083 1.02362830887802e-44 4.28293986642461e-17 6.06049279603321e-14
FOXC1 0.0998763825232611 0.493464556124554 0.137173559779907 0.158690394388511 0.0215830744482857 1.04184571373258e-39 0.000121603109917366 2.60284965983125e-10
LGALS1 -0.453081709500038 0.705300500694026 0.219456460972688 0.27299054433264 2.44048496894731e-16 2.65963979961073e-148 3.24773860393265e-12 1.1595180503631e-30
TCL1A 0.0814662523988279 0.111227982433973 0.0849294579226361 0.0229238125652979 2.78630203578182e-14 0.0112437802911233 0.0156991919064352 0.421216476738046
HLA.DRB1 -0.0124740730071834 0.610764837669604 0.11600861794427 0.17007981245147 0.602447553083345 8.99102521104126e-75 0.000453315951586062 3.85602964495392e-11
KIF23 -0.447758630292991 0.970931790678432 0.20049689418469 0.14911458426475 4.7950433862016e-46 0 1.36266360943986e-14 7.40170648842051e-11
CD38 0.156391107782628 0.261161546041364 0.0754772611217665 0.031739613295846 2.83913117141254e-14 3.18708054754519e-11 0.0327231685388661 0.258345641735984
UBE2C 0.0335274527221521 0.544777551501773 0.173659157744206 0.0583390013747301 0.123633349809729 3.8677668682503e-56 1.05686775435229e-07 0.0303214574514732
CDC6 -0.0628238016845404 0.73297045656503 0.116723951460056 0.144265794378972 0.0246159683996789 5.77814898832907e-114 0.000411532473781288 3.56006147831414e-08
COL4A1 -0.479775693931308 1.00309676010798 0.0552177604492165 0.169434051996486 5.66965611346774e-48 0 0.00794723073981139 1.44519560139436e-17
CALCRL -0.0345154064964768 0.776625931147756 0.152295293669166 0.0249240618410696 0.0620193731334216 5.96643274027398e-168 6.31561494799493e-07 0.350368935732822
PLVAP -0.242785694637826 0.932362342765933 0.121341288740138 0.139872638401101 4.83830039020481e-16 0 3.48645619569987e-05 7.73800838805159e-09
ERBB2 -0.430655880713713 0.944344931901227 0.0709202850395606 0.093626957111613 1.7537067023464e-08 0 0.00493819800322579 7.52293065443152e-06
NKG7 0.0844081925802059 0.386272204381836 0.107313964715925 0.0761665034819094 1.14571746359062e-05 6.1202403452127e-23 0.00196391095219174 0.00465201111309652
LGALS2 0.128892693464024 0.135695834918587 0.0736954896044896 0.0637995973418193 4.46030362318358e-15 0.00143551542125797 0.0459409711365388 0.0256582247064932
SIAH2 -0.178420389426933 0.717641782097443 0.171620468684094 0.171178592514047 0.00842862564737378 2.71892324282179e-111 1.65338360250737e-06 3.40225731222917e-12
APOE -0.415514330991691 0.861851116310995 0.144011762493148 0.3223116735733 5.11964409340403e-34 3.35036449681973e-277 9.70537080886327e-07 4.968001963804e-46
TFEC -4.31110002031087e-05 0.629477599489318 0.165726340723653 0.0444235452442138 0.996644108474449 2.77717233803814e-72 2.77274153238436e-07 0.131303717702112
FOXP3 0.0688997917024938 0.599182624361826 0.0571515055392636 0.0830229431187232 0.0202525006855659 3.88109583775849e-62 0.102782457229294 0.00148783566907865
MSR1 0.0966411847635159 0.431658389833874 0.134013970420091 0.111610416354615 0.000731221227666374 2.2796346553748e-30 0.000114753206305969 2.29442718000964e-05
KIT 0.070043508309444 0.319042624032246 0.113573202135929 0.131803158775634 2.36277856427634e-05 1.0353284304729e-15 0.000752496937988557 1.72559786526412e-06
HLA.DRB5 0.134759768675051 0.185209930727908 0.0800868229878915 0.0474932278677876 6.78272455324452e-15 8.00091884312262e-06 0.0189487910792933 0.0874572049568474
CD3D -0.0173884475209865 0.755053097409662 0.104902088977062 0.0831429134504839 0.198105943232477 5.75285606673919e-144 0.000565132050281282 0.00180091218747266
CDH1 -0.253161060584814 0.976219693581893 0.0879642163841969 0.0581028394113056 1.74514567056725e-06 0 0.00509624802970633 0.014510488174243
POU2AF1 0.140751933696261 0.250648594204876 0.141529091324072 0.0575053671839002 4.36470808457149e-11 7.71061022333696e-10 3.709382855501e-05 0.0353090528831025
COL4A2 -0.417542523401646 0.982633965743377 0.0186862427037673 0.206754577709931 1.15643748755934e-36 0 0.397944648069497 2.94887321871179e-24
UBE2T -0.118358861371631 0.768552768333411 0.149304574141609 0.141932900874942 0.000102756964831805 2.58116546476494e-156 3.571225156584e-06 2.79753462156972e-08
MT2A 0.136029285184099 0.0928199438772008 0.085955487631473 0.0752803830008337 9.43073325446994e-17 0.02989444050954 0.0141839101506982 0.00640826914236244
CAPN13 0.00321824000366014 0.672634113168095 0.181974338194657 0.0613632908461575 0.939604652963569 1.92760404281853e-98 2.6730809039761e-07 0.0169298313492671
LGMN -0.293999998515937 0.754160759538986 0.169970876323317 0.202823049459483 2.07913290674501e-05 5.92210671254463e-128 2.10525826478729e-06 1.41879252510026e-16
AR -0.419044918089566 0.915356759549184 0.0199150456550904 0.189257722637079 2.38643042261716e-08 0 0.487159636978611 5.05365666397273e-19
NOTCH1 -0.273264299461126 0.928025851830941 0.170470168505837 0.108423934870009 8.88814936196833e-18 0 1.9140368325751e-09 6.87846368836412e-06
SKAP1 0.14612278194037 0.511955714211386 0.10764331028396 0.109218261008185 0.0011937565452935 1.75758786707527e-47 0.00390531009353919 2.06926098587923e-05
ERBB3 -0.387010434404361 0.991652780914893 0.0329548283828962 0.0798425187531894 6.72568918695718e-10 0 0.155084378547984 8.04324782949879e-05
KRAS -0.157895334310152 0.788182112751867 0.193809857725977 0.0642708396252587 0.0260012196912034 1.16899620969491e-145 6.73651302319778e-08 0.00912551412013347
FXYD3 -0.229028510255733 0.945119414101837 0.0858616594402685 0.0466104306216416 0.00241623092069659 0 0.00452095114725871 0.0428790524336312
CD3E -0.0215077295697222 0.650559389187694 0.169932101284842 0.16496935574092 0.0552347030716918 1.80199210746705e-95 4.29066372564021e-08 7.56120049441853e-10
TFF1 0.199177019812255 0.161209889164737 0.110990969483404 0.166437293609883 4.92658068581194e-12 9.4225444208796e-05 0.00203251207676776 2.97302277200976e-10
HLA.E -0.47147524792565 0.957237987401741 0.112251092421155 0.155870726541161 7.1563037827149e-18 0 0.000319014953244272 1.58203392361744e-11
CDH11 0.0338251304232761 0.413386173908909 0.135110536730071 0.133144280356902 0.0127774618678229 1.77200845825809e-30 7.91092846661231e-05 1.07556195229391e-06
COL4A5 0.0676168074333596 0.534005527549576 0.227098562668585 0.0577259793339752 0.102209732744045 7.6959253596047e-52 1.19671838362074e-10 0.0258626296276369
PRLR -0.403082079312786 0.952684761856673 0.0353817296382858 0.139723822990251 3.05166371030503e-09 0 0.193134539942278 8.11832135357076e-11
CCL2 0.0628254790181956 0.178028364134467 0.0997076861232197 0.060689324896268 1.08172927692665e-09 5.16738866786403e-05 0.00325802366133231 0.0323182406784424
LILRB1 0.00878398793230224 0.625043511058538 0.178264991611158 0.00671013137876631 0.512923007446469 2.54230157082378e-77 5.93310030812037e-08 0.80953541443208
KRT10 0.076596775145776 0.0781158676323914 0.0945775950688965 -0.0427108598669216 2.64969177201201e-16 0.0769177033953954 0.00534893169018616 0.159851317673041
SLC2A1 0.185624921688288 0.384844651313734 0.165900441782972 0.0354826750365019 3.88008639749034e-08 3.64716563970319e-24 3.09428230944398e-06 0.184975217041993
VIM -1.16784261568495 0.857614788730178 0.176190132701488 0.257895988453326 2.0300582855287e-108 0 2.89956799934325e-18 8.23517916989255e-46
AURKA -0.239438993121271 0.944543959625697 0.121343782189023 0.138329454374508 4.68141862568973e-17 0 3.10939758281902e-05 1.69171114766509e-08
NR3C1 -0.0349523860982304 0.643071663361631 0.154175639629494 0.13623438032331 0.342737895877712 1.60317413218791e-88 4.24365313210208e-06 7.96376843959091e-08
MUC1 -1.45704645496314 0.974611321299589 0.065180434906384 0.141125182211968 4.98757917002743e-50 0 0.000838549679745066 6.55424028162879e-15
CR2 0.0604260251781355 0.0470589695535045 0.00828869349767448 0.010258010679728 6.4337635354877e-16 0.291671407963608 0.821604808175468 0.732540376801749
TFF2 0.131500945609494 0.102868862114131 0.111499684207 0.0317582479723573 3.74806841739358e-16 0.0148180328332849 0.0013355447407248 0.254723159724574
CD3G 0.102460153676206 0.351534419065165 0.245306934130131 0.0376243402991789 6.44847509501898e-05 1.98709895045892e-21 1.15638380650003e-12 0.157971820027265
CDH3 0.144282604393728 0.202070738060376 0.120824521328403 0.0175876320326622 4.24036990557577e-14 4.24821381372804e-07 0.000453199315856256 0.523973188927354
ERBB4 -0.182533502317698 0.690052773251844 0.224013651690304 0.155828362929578 0.00171124676957271 2.43057332497146e-110 3.20845568999812e-10 4.01090221254774e-10
GATA3 -0.731005021054537 0.946386550098085 0.0485399175930085 0.125157203594386 8.9691261404342e-15 0 0.0350816236726756 1.87925549561901e-10
KRT14 0.104516376788486 0.148399720105102 0.161207707390551 0.0592879807366022 5.3540613263684e-11 0.000394581693024943 3.39514782555585e-06 0.0328308601456515
NUF2 -0.0374654169015996 0.836254850935921 0.128060961723614 0.0543970521865771 0.00451248692445042 5.09667996861358e-204 2.61088593218622e-05 0.0449765506123386
PTEN 0.0609894874314404 0.611736593089085 0.17955667814838 0.0618051003571615 0.193863684340237 1.68141172650001e-67 4.36412752736317e-07 0.0160857528450067
CCL3 0.123865643245325 0.258526007822136 0.177823537829834 0.0247031825894739 4.02310624115867e-10 1.97719209381121e-10 9.57595237684081e-08 0.362591305691131
HSPB1 -0.926654022327789 0.781415024178165 0.18122757912533 0.247269763475272 9.06414894982592e-12 7.19344261126999e-175 7.24913367813505e-08 4.66499713334246e-28
VSIR 0.121732785868153 0.385981219299588 0.0850617164816461 0.0808311005264241 6.96002108473226e-07 2.72630088433006e-23 0.019221932146793 0.00283807187359291
SLC39A6 -0.443953012798255 0.854224933956866 0.123510546710849 0.197920824145216 6.22173002931268e-13 5.95573170295577e-286 4.88134913145047e-05 4.30758716321484e-18
LRP2 -0.474272566286466 1.00310521123262 0.0625890139760689 0.0547864220068558 1.53633604903321e-14 0 0.00329033638974406 0.00433731457301386
MYB -0.466559592130388 0.924999358375915 0.0769740593887677 0.15914896158908 2.74892249116438e-14 0 0.0045859180048609 1.82463170933793e-13
CDK4 -0.283094463531621 0.72150980896814 0.230954084867863 0.152992228054363 0.000395494049866006 2.85247182015063e-110 1.02818097093468e-10 4.81437053784535e-10
OBP2B 0.0639379575473737 0.162544040140332 0.0682375531816427 0.0355739519209036 5.04506281357896e-11 0.000320485712174347 0.0581085788701442 0.229895773445781
GNG11 0.0584685317718546 0.41969617857768 0.205860264850067 0.0228910886623382 0.000919089944770164 7.34892053460854e-31 2.51928980149906e-10 0.397741558358297
AZGP1 -0.921341579524368 0.927137640899249 0.08281032645753 0.143333750096941 4.38024279217997e-29 0 0.000101455583524607 3.01458503419418e-14
CD4 0.0306406368496698 0.558443273565206 0.132209777097951 0.080165365525317 0.114539955053679 1.88154565329459e-58 5.82852643802577e-05 0.00237578236959721
KRT15 -0.0937650389618035 0.772144979320231 0.12543173371879 0.119374748189066 0.0255959214965098 1.78281104094309e-155 0.000263107773753205 2.06404862811164e-06
PTPRB -0.103333963120219 0.969330816542066 0.0470766878630535 0.168664471812559 2.70728320343271e-11 0 0.0967119148821876 2.11385885144767e-11
TFF3 -0.464068476448478 0.715054691954165 0.231767117754527 0.226642681263781 1.38451065121745e-10 7.91356591799252e-137 1.0330390442626e-12 7.56702838154436e-23
SLPI 0.141299426175783 0.0934019227811995 0.0856948018838353 0.0685643924431142 2.95375335644246e-16 0.0303956720013491 0.0182790800921902 0.0112779843760586
HSPG2 -0.186438474869297 0.952704514269772 0.0958501719728544 0.159686622366375 1.86191699349631e-17 0 0.000601385996070696 4.6931682539988e-11
CRABP2 -0.991613216976882 0.827110679355838 0.141471612190762 0.245177877396996 8.3576404691485e-22 1.5888516911273e-277 1.00870122240103e-06 7.95095643997356e-31
LST1 0.155395497816315 0.107809323882343 0.117146336548459 0.0613120015534337 7.32109482460669e-17 0.0115191720404097 0.000536403053113903 0.0331368530348329
ESR1 -0.536365827165587 0.913558004768803 0.059098342246692 0.179295159379139 1.33756503014989e-15 0 0.0203529146688815 1.23726611659521e-17
CCL4 0.102279744740782 0.249692552424147 0.131284053288111 0.0825897617264306 3.02812708671979e-09 1.42881027918188e-09 0.00010526665613991 0.00231605114502465
MYBL2 -0.495003718500795 0.920452450025723 0.19325124189007 0.298859402834432 4.08821501865679e-53 0 2.69565988637772e-12 2.36875323355086e-38
XBP1 -1.99615720498945 0.884626592889709 0.175917938793718 0.168714869221344 6.09447989770742e-82 0 3.95227636591379e-18 3.75846713219502e-21
GNLY 0.0229669861402915 0.451936731472145 0.155682143231267 0.148000423965977 0.154984458133642 2.33838936329253e-35 1.23193566370082e-06 1.2639790111336e-07
CDK6 0.130447766370284 0.169852405318753 0.161785073441729 0.0603086055758862 2.35237257028476e-12 4.67263006474322e-05 9.10302175020344e-07 0.0277817717352721
B2M -0.815145852637416 0.785995076523418 0.208683271772898 0.269642237504424 1.61073175721387e-15 2.61044342972882e-153 3.73841332887335e-09 2.01970834374057e-32
CD40 -0.101006425791706 0.802306277547231 0.200876810155704 0.107000786428498 1.4134228081173e-07 4.19174789285474e-212 3.10306814405991e-11 2.33979552547639e-05
KRT17 0.0981377675240861 0.0590639593817696 0.13065755452732 0.0429758827895578 1.01086488086264e-14 0.179474833742998 0.00019994824703892 0.129348703371216
PTPRC 0.0647096012257205 0.516526252032977 0.10949590391742 -0.0150502696588729 0.000114381127351828 4.90236618604749e-46 0.00109300592607945 0.584529577634837
ORC6 -0.0606587607777632 0.755221765733732 0.129497805567464 0.102874835988281 0.017274174679869 5.0089917634038e-138 8.6860610985545e-05 0.000106930942016252
TFRC -0.0927122285162901 0.676253923255076 0.239812266553708 0.091623984675139 0.0239380580022257 1.5234039328688e-97 8.39061085655128e-12 0.000241876150643898
ICAM1 0.0546348571431544 0.340732346426654 0.203670386000235 0.0907509738092596 0.00158732604150314 2.30173464224802e-17 5.68535538223181e-10 0.000861711398347763
SNAI2 -0.0447032714499528 0.700295482731416 0.119503109453502 0.150076338298611 0.0407498949547814 6.3950208247028e-119 0.000148107451857647 1.04594839136334e-08
LTF 0.036052377373721 0.262658059717639 0.15361558857989 0.360317928057893 0.148429686531717 5.81160517604362e-11 9.18830392846697e-06 2.43451763735227e-48
CCL5 0.0230149551316523 0.357863157817875 0.182286995081697 0.218302671323053 0.166640597394164 3.09811950916988e-20 3.68858843336966e-08 7.91778549205711e-18
XCL1 0.0687432064883945 0.340604532090111 0.191338125586774 0.200255207683015 0.0131151533403629 3.09462518987497e-19 3.51167745093986e-08 4.70355070985898e-16
CSRP2 -0.0397046236627872 0.648926966573289 0.212352636714105 0.121344066272639 0.0206479019138441 1.25935296377016e-91 1.08687325118481e-11 3.81704443038185e-06
MYC -0.0413519486160877 0.658691806381853 0.207050463475398 0.0884624004167145 0.368559863598111 1.90023990741321e-89 4.79135442012669e-09 0.000508176371139528
FABP7 -0.0229416365669503 0.601583388007109 0.189363968618281 0.14516465385125 0.632891225418244 1.20345559267211e-69 6.49570117276982e-08 7.69423950029749e-09
CD40LG 0.00916931961510862 0.523514973811938 0.175652073334674 0.139254806749196 0.695203420268313 2.86661486541257e-54 5.7764762191541e-08 9.71428760581501e-08
CDK7 0.0991501747204648 0.503727598471598 0.174226731668177 0.15616184288244 0.0805911198791597 1.03239278593977e-41 2.99848708416344e-06 9.06014992197591e-10
SOX10 0.0725215271442782 0.121381039168213 0.118534081359289 -0.014988600590588 2.63001307273299e-13 0.00384483654087674 0.000783136052287041 0.608140143400794
GPNMB 0.0656773994056961 0.500816299628658 0.0901156115686939 0.0910004580685323 0.00238995530947955 6.80031347208255e-44 0.0088087723067831 0.000568226470389625
PTTG1 -0.21727484401065 0.859677948525677 0.154946150273823 0.20463809274333 1.05589431667886e-16 2.87230752331025e-253 3.66970903657452e-07 9.76555598338542e-17
ICOS 0.0601918859439522 0.166912264677735 0.103835550350136 0.0625528029285572 6.48818076072461e-10 0.000116325353410118 0.00308641747847118 0.0340320402263794
THEMIS 0.123116292862034 0.12281445826359 0.195187562265213 0.052760368125568 6.50283205087976e-12 0.00359537162057113 7.87203305003335e-09 0.0595111928124056
BAG1 -0.237912127450401 0.715651050372064 0.277837911463739 0.0905639788492419 0.00378500480787802 1.41916660474417e-93 1.67941712029525e-14 0.000307719919247945
LUM -0.124200447145027 0.652729191272836 0.16905267335144 0.239268900259927 1.85143641439748e-05 1.97522665622341e-110 6.52745568252373e-08 3.43070834253333e-23
KRT18 -1.16609754741333 0.902605766722483 0.0993944612494727 0.16343557016421 7.85462947574811e-20 0 0.000133415184092252 5.1287531150485e-15
CCNB1 -0.556087871855435 0.842940732608587 0.231363290299367 0.242682202820182 1.40964941641154e-37 4.62201918035437e-269 3.47504922331705e-16 8.29237051159746e-26
CST3 0.149069402757008 0.362709599520374 0.165155080242747 0.0565085526342232 5.12324779618866e-07 2.03359859948633e-21 1.73300244931216e-06 0.0358254028607082
ZEB1 -0.205856382689925 0.823429730277106 0.0806870060526599 0.20026599086409 2.37475974039414e-07 9.5506007925195e-221 0.0115332684320164 9.42360393751419e-17
PABPC1 -1.19418252745637 0.844914690969913 0.162939478665779 0.201929853893073 2.36595468915677e-18 3.27935016588306e-268 5.33639387947005e-08 3.4799954742748e-21
CDKN2A 0.0634133924075911 0.543460479286269 0.186216900887503 0.0549917958856869 0.0577386471183703 1.9933828345802e-54 1.13975704519867e-07 0.037099841593094
MYL6 -0.648200907816628 0.832676251758342 0.163326901385068 0.166551903780411 2.04555036088672e-06 7.89787013342802e-184 2.93707620881893e-06 1.23174031396844e-12
FAP 0.0479507622275019 0.517810231196767 0.215484512130833 0.094232498301164 0.173365760871679 5.42546413049399e-47 2.09770242002541e-10 0.000284659385791712
RAMP2 0.0210767177618407 0.591342513127472 0.20233686435608 0.0757685002684327 0.559563473552145 2.33363776111096e-70 1.99824166678495e-09 0.00369200086324872
GPR160 0.0304413968924945 0.648638951077487 0.158076462498706 0.0972945266021598 0.586300868940255 1.43799971351332e-80 1.26344792257549e-05 0.000106945236796213
CD44 -0.445548440074038 0.978892261488017 0.019322008665042 0.134984225917357 1.66463638424255e-12 0 0.427005974204149 3.82104590911274e-11
LYPD6B 0.0473575882521713 0.374991790380346 0.231063859960751 0.122876923066131 0.0414172175324757 7.04706789831021e-22 6.4755447964455e-12 3.91164576835139e-06
IFITM3 -0.099564605463591 0.563071404105232 0.253646779197236 0.192159170138893 0.233691046175987 7.94380184126331e-54 1.14034003209666e-11 1.67011809999521e-15
THY1 -0.114839739524936 0.615915359183148 0.210027129642978 0.202517638981334 0.00252125209525724 2.85724022795449e-80 6.49452702770631e-10 1.39924156775076e-16
ZNF571 -0.313068580255602 0.807742227400739 0.166291612005851 0.165477240022127 3.9490161762886e-06 3.20189702980628e-146 3.3225499588251e-06 1.02287529635687e-11
CSTB 0.216080573934825 0.174139734197786 0.118401891305412 0.0313290895624085 7.87203211505793e-17 2.41189388052873e-05 0.000578620333442974 0.257707131174858
CD5 0.0721113391987143 0.418291992065089 0.183621658275203 0.0173877689914135 0.000231961659546378 3.91043150132348e-28 6.90753569486006e-08 0.518548044323662
IGF1R 0.0667940124418997 0.51619162487367 0.0923410427063902 0.0983201365193838 0.0050208108109406 1.08293805055553e-43 0.00626821136996631 0.000229740554075834
LYZ -0.22552361406305 0.625073800749074 0.206932975831096 0.309216044112751 3.32642649853292e-08 4.43059705850909e-86 1.73247584507845e-10 6.44876403638529e-41
CCND1 -1.24713083211194 0.837972523569917 0.0590482140156144 0.293567431685171 1.90977942528687e-28 0 0.0190494432568326 3.70320287954209e-51
TIMP1 -0.383880516813786 0.709794506160835 0.186472547445702 0.255505978884202 8.06466166349163e-08 1.09925556250936e-113 1.04540847601924e-07 2.17219806839814e-27
FASN -0.813257395530079 0.884824257622614 0.064003291554471 0.199804992638741 2.80827649923233e-18 0 0.0101826681655469 2.56939260416241e-23
CD63 -0.316327901899 0.762004734574594 0.20094684193674 0.140489413828504 0.000952392185241394 2.11582850011505e-159 4.31509006842098e-09 4.73013555177542e-09
CCNE1 -0.0655019527112193 0.75609676787211 0.0641459846565171 0.201522438479097 0.00192279873706185 5.69048632016943e-124 0.0535696279353555 2.02096787060634e-15
CTCF -0.254834669462167 0.848785333481332 0.186939003140984 0.0590379464427874 0.00095649772242407 1.66708657757503e-182 9.06101535529047e-08 0.0175042109357724
IGFBP5 -2.02013597807538 0.770233801499074 0.0143695182750799 0.511555082224673 6.69637914711957e-86 0 0.519882125619833 7.64894504810985e-202
CCNE2 0.135900497515616 0.407761189564553 0.104113139088233 0.00890625912640258 8.00725497212055e-09 3.83603674978179e-28 0.00246822082363564 0.746570822255512
