target intercept intra para.100 p.intercept p.intra p.para.100
B 0.71250302748963 -57.440323351135 0.334774503090756 1.28881645815894e-10 2.03785679562441e-10 1.23862524759053e-20
MBC 34.504013216884 -43.2932792409159 0.909040255400313 3.28798488463654e-09 3.53293011462972e-09 0
Endothelial 0.73385471188262 -50.050894639079 0.730644050087519 1.01708139730351e-14 1.34375062119507e-14 2.51037604149194e-197
Hepatocyte 2.45559102020837 -60.5000551953722 0.335593931118852 2.37257715902362e-12 3.97537346422801e-12 1.45503120053706e-20
Fibroblast 0.407486576109987 -47.9639159239838 0.657394915777717 3.27867319471326e-11 4.24140758945597e-11 1.26534995604124e-129
Monocyte 1.01325391280142 -55.0408526749156 0.619613802567584 9.98162209220867e-14 1.38531386141413e-13 3.78134883533599e-97
T 4.61970626968255 -52.6188370123542 0.729024503502302 2.07386058872887e-12 2.59401835711555e-12 5.11020860332456e-151
NK 0.177649863867477 -57.1701398113657 0.316919433729208 1.99319620360685e-13 3.72959832893727e-13 2.45983109691677e-17
Macrophage 1.11998366166089 -54.3885116116205 0.59848286383473 3.84716036192793e-14 5.52584912975934e-14 3.86263887625305e-91
