target intra.RMSE intra.R2 multi.RMSE multi.R2 p.RMSE p.R2
B 0.0433342045334908 0.00516536982437507 0.0430331367006536 0.0168610022393725 0.473996993546234 0.0240407106190135
MBC 0.309797537956679 0.0073483538269883 0.263852804520306 0.279355387995647 5.2192954026277e-14 5.1829259697376e-14
Endothelial 0.0575377546502643 0.00937807606552473 0.0532329498996858 0.158076769305869 0.175898729675119 0.000328987359488895
Hepatocyte 0.123768050544064 0.0076134997226321 0.122871064028241 0.0209658949338291 0.441130928137958 0.00727035578392241
Fibroblast 0.0524610956649317 0.00734201523939193 0.0499386622072597 0.0924485230632586 0.237597364540246 0.0044448932121242
Monocyte 0.0915810372713229 0.00921324740638627 0.088199801764341 0.0823199992125114 0.259824491320129 0.000264253883319509
T 0.186311642026168 0.00717708460320269 0.175665303453798 0.115684607424915 0.00105021205119037 4.10158338720788e-06
NK 0.0233294461976963 0.00667222545977515 0.0232065119295529 0.0188369072941065 0.485053036306032 0.0242319964511053
Macrophage 0.0943962816785256 0.00888706773481841 0.091146380145671 0.0750278409597811 0.240128071085643 0.000109947113699127
