target intercept intra juxta.15 para.100 p.intercept p.intra p.juxta.15 p.para.100
B.plasma 2.43268630225142 -49.2750252550176 0.430104009392748 0.574221551709339 1.4909000254953e-14 1.36955482503225e-14 1.72189475151126e-42 5.44181436647989e-94
B 0.0735760795741852 -50.1198050249029 0.074032659840978 0.16398242476997 1.85568135689272e-11 3.60696181263325e-11 0.12563967363064 0.000284345435359767
MBC 35.5908955859845 -39.2181119610804 0.508886034087951 0.496665447932041 3.1969564632913e-09 3.17157273561447e-09 4.32860559927367e-73 5.01198152520954e-78
Endothelial.vascular 0.350812862847929 -50.0762223807093 0.225601428997742 0.481199331996004 4.71353320467234e-13 6.05076622381479e-13 1.14318011637987e-07 6.13677102515456e-35
Fibroblast 0.31080458018846 -60.9635579459321 0.337756609730964 0.349514276678714 3.24507673433979e-15 4.22381720379504e-15 1.23027539246217e-16 3.27011999219272e-22
Macrophage 0.932054534636915 -52.6603315920684 0.345586660266846 0.591983923889543 4.19841747598496e-15 4.09370080313628e-15 2.8470796979051e-26 5.28650836511414e-95
Smooth.muscle.vascular 0.149308323279891 -51.2115425708465 0.326976360913106 0.252869725530672 3.69958306141142e-13 5.36201340274508e-13 7.98001434101437e-15 1.61435319010387e-12
T 0.384011917120293 -45.6885267831579 0.351730879648329 0.509908122122701 6.11191131516846e-10 6.47483582063313e-10 3.68582899711347e-25 4.23371415960489e-60
NK 0.0272295338882776 -50.3345933577965 0.119821631570752 0.108155416206126 3.23470982298401e-09 5.45951896508621e-09 0.00689627448407112 0.00570352656572884
