target intra.RMSE intra.R2 multi.RMSE multi.R2 p.RMSE p.R2
B.plasma 0.128870191350146 0.00972786721295752 0.115537151738356 0.201397976008163 0.00143955977880056 2.39341453238478e-07
B 0.0102565932141683 0.00481782746554615 0.0102563676471757 0.00612550906057067 0.499956186949195 0.344011176770733
MBC 0.204518519372978 0.00735827483201527 0.173391328054786 0.285559766106296 7.25427439830418e-06 4.07717147031345e-11
Endothelial.vascular 0.0400571515679093 0.00659190376513882 0.0393467927845702 0.0441011935590769 0.453077156056259 0.00883468131388816
Fibroblast 0.0238944226355027 0.00456715203609012 0.023321569931901 0.0548020690622849 0.44180538143937 0.00233190572631628
Macrophage 0.0678017316556525 0.0113453806760814 0.062670743438213 0.148201252787197 0.116985078540529 4.50984900535183e-05
Smooth.muscle.vascular 0.0143362274286177 0.00717229755911287 0.0141282774855311 0.0321699313278648 0.459470173397772 0.00915893884482654
T 0.0306576344307635 0.00525324963945525 0.0287270277437945 0.127056786792965 0.261913196825595 4.7631752357076e-05
NK 0.00419220878948273 0.00104604439806019 0.0041867048794767 0.00216597848737492 0.498196475615364 0.188381264209278
