target intercept intra para.100 p.intercept p.intra p.para.100
IL11RA 0.000857671954621813 0.628191448433565 -0.00964236853233165 0.382231951261942 0.000352650422900872 0.905149473416063
EDNRA 0.00462384431395534 0.41993198436514 -0.056780662822102 0.0912599015541065 0.00120700528324889 0.529001681437672
PTGDR 0.00141216782520698 -0.0173843842015703 -0.0161615487075149 0.151240989011564 0.866480663700973 0.85053255265665
UNC5B 0.00218374921033176 -0.0443942283143145 -0.0322523453254317 0.0742581291053526 0.767019759958111 0.745383870185215
CX3CR1 0.00232976152282078 0.0388253649332158 0.108456555005467 0.178597304486028 0.806958843189346 0.231666622930772
TNFRSF10A 0.00535476836140411 -0.0740158028106843 -0.0412791415100871 0.00555470663229696 0.487754088088866 0.623027407147529
MC1R 0.00381611056667998 -0.0917922232988172 -0.0408552530616397 0.0208211825456844 0.645798871022999 0.630534007535019
CDON 0.00145166278419537 -0.0324264125231493 -0.0153709728025467 0.145639685342952 0.776591667347688 0.844853561198642
NPR2 0.00204709831845804 0.0339385470726439 -0.0258773918320231 0.0906374882302611 0.722114220125393 0.792926177256567
IL2RB 0.00215052081331105 -0.025008437432647 -0.0204341499792034 0.0764988231434818 0.771469804520055 0.807697616845378
TNFRSF10B 0.00903610180901075 -0.0549766297667286 -0.0475182096010953 0.000820701739160437 0.702767060487427 0.583556267359011
ROR2 0.00219107556777618 -0.0431460743061468 -0.0324930561917707 0.0737736284566964 0.732941229710427 0.766609559048254
FPR1 0.00301571139577937 -0.0859127950154083 -0.0340721228882278 0.0359464975667534 0.605387228806072 0.715535802868147
DDR2 0.00696386418415083 -0.0344869359683062 0.00956575263394005 0.010394130429189 0.787977990394861 0.879237243860294
CXCR2 0.000697451511213965 -0.0124220675068266 -0.0104502722856538 0.31325777255163 0.926008433553989 0.918986573730953
FGFRL1 0.00268113748572918 -0.00626202203190315 0.0272374016253083 0.0612255213040426 0.956489571456945 0.776515117200153
RYK 0.0105543412686437 0.353835517235775 -0.000513615897840006 0.00788889313756961 0.00444955384247604 0.995366136596423
NGFR 0.00377934793406854 -0.0715336394468923 -0.0391789980427817 0.0188127735003893 0.591927031997347 0.654129865283631
CCRL2 0.00202229507666196 0.0602909428815998 -0.0357325938139146 0.100042518479628 0.632741401972271 0.745967347094906
TLR2 0.00216334933401163 -0.0272020091872286 -0.0258613189824787 0.0756252714844034 0.810327046016777 0.759294577829026
CCR5 0.0105079373824427 0.15339079084401 0.129946199332993 0.00644794781678535 0.139075436862135 0.122048057281025
IL2RG 0.000695232077001153 -0.0103082361863429 -0.00790004563848543 0.31402922494183 0.926117790137824 0.932274869023692
PTH2R 0.000695783441106819 -0.0154586106261202 -0.0068389252754966 0.313837345167098 0.917195134790498 0.939753636769497
OXTR 0.00391211925282331 -0.0816758109158957 -0.0448187895143394 0.0174460277117976 0.499892329867525 0.646271792415811
CXCR4 0.0162835309907474 0.159869503638443 -0.0865027280624893 0.000188378774671136 0.248454543782555 0.266206419448291
TNFRSF21 0.00275030654075483 0.0201557945684021 -0.0266644079627188 0.056371193758468 0.898215883354456 0.75351660013803
TNFRSF10C 0.0021110413164869 -0.00877140918785184 -0.0227681408399085 0.174100549390007 0.910591812908086 0.844912080277013
IL12RB2 0.00182636511531994 -0.0242946861230092 0.127626037102415 0.130963820146234 0.791889336378745 0.0639232659748085
RAMP1 0.0149259037505522 0.0839553647613487 0.160653946575327 0.00181631890323571 0.430973163001705 0.0257141344427773
PLXNB2 0.0253765187219752 0.154113549031836 -0.135478927497242 3.59179378633782e-06 0.142611520116325 0.0818387227686164
PTCH2 0.00069883750940844 -0.0213258469903814 -0.0100645176752262 0.312777267942081 0.91885942926862 0.917286114431808
CD47 0.0450238303221213 0.186504811852182 0.067630553661413 5.14630885171146e-06 0.0500365406613857 0.310121375226068
CD27 0.000701372849555354 -0.0188991900353392 -0.0139160938033224 0.311900787828726 0.905837576780576 0.917701591822568
IL18R1 0.00314915612896924 -0.0956346089532721 -0.0442206546699183 0.0320871140969067 0.547815296513954 0.655524854468855
FZD3 0.00557471775431589 0.0447102725050193 -0.0514927199263274 0.00761577703908503 0.696168575217361 0.519382086145777
FZD2 0.000702728965315825 -0.0267235663319334 -0.0121631146042411 0.311433285179671 0.900783569824982 0.919324557637246
IL22RA1 0.000896270891750378 0.616139114818707 -0.0397361916519109 0.455835975834373 7.72544797251088e-09 0.72190363671878
CSF1R 0.0129924487250566 0.0495828626012732 0.00736872442064072 0.00021710767544361 0.686709103188286 0.91845921320587
NOTCH3 0.00488486020280897 0.0450258678316597 -0.0543598215948103 0.0134896664112206 0.773351432282188 0.516495585169907
ROBO2 0.01029609774111 -0.0786567044803022 0.00302107786290299 0.000710447024914134 0.452928105501804 0.971816371122793
TNFRSF10D 0.00159862921215922 -0.0532094397868143 0.360119612180836 0.191735080444224 0.686848447886406 0.00255037939122192
PLXNA2 0.00739395376416309 -0.0668204327395454 -0.0049545664025997 0.00259579580719833 0.59520198215286 0.951384680299137
UNC5D 0.00745568393797719 0.0549651471971207 0.168498228755355 0.0132019397302113 0.579223960879846 0.0466377776438138
ITGB5 0.0207374830016711 -0.0591529923548273 -0.0206898921375432 1.98579392883565e-05 0.633932292739636 0.767706360287772
F2R 0.0110606827020306 0.34848591661856 0.0910103891044263 0.0110154441152112 0.00224983006219758 0.228333686665577
SSTR2 0.00143864954207101 -0.0326214975673764 -0.0148956531613962 0.147458994417659 0.792452911982778 0.856869496829931
IFNAR1 0.0306866193565385 0.0355097070716042 -0.00847417785148602 2.02561320900503e-06 0.755780997920513 0.908377581894406
HTR2C 0.00154483864251279 -0.117196995727449 -0.0253356432984924 0.133326053631751 0.646853288815139 0.827973416004426
EPHA4 0.00069899591969759 -0.0109392628730201 -0.0162778244891964 0.312722410720408 0.913541478887592 0.922080564167374
NPSR1 0.00140985585203314 -0.0331796778743462 -0.0158650662167632 0.151576342183084 0.873568681998793 0.851057133599083
LDLR 0.00461548742331807 0.0581627559447244 0.114141884055154 0.0264597353622691 0.661662039763252 0.232524134537874
NOTCH2 0.012862372293048 0.236149383376398 0.0350438629795968 0.00365258904644474 0.0372535945882888 0.657443292613654
CCR3 0.000698260843348316 -0.00742981741152323 -0.0120044941718768 0.312977072474616 0.933785231920205 0.908182695855089
CELSR1 0.00717503342785616 0.00946633666329023 -0.0515875051300745 0.00859770870858343 0.923741288654131 0.537417042085172
GPR39 0.00462680945654363 -0.110212829339617 -0.036084755126678 0.0243929021473865 0.520545150546281 0.696565082438156
PTGIR 0.0113143322271492 0.114179182848671 -0.026293340703269 0.00346774461310639 0.213492063617612 0.707356533307623
ITGA11 0.00210705744360503 -0.0323660478484495 -0.0145486922649684 0.174507660152989 0.883709022456974 0.871654384216187
ATP6AP2 0.0303647247242557 0.415959333489388 0.289389587695489 0.0235639611029755 2.12092369521741e-06 5.34460473055899e-06
FPR3 0.00794312785290266 -0.108690618251203 -0.055676039048129 0.0010333329361033 0.408328176816712 0.556446469511497
LGR4 0.0115549323541758 0.0528347265909352 0.0103601977241431 0.00142521618321492 0.63344515418463 0.897987116585853
PTPRB 0.0049712251769213 0.272060150126628 -0.0211877001650962 0.0231854611845779 0.030497674761957 0.786403700668302
PTPRU 0.00690016104214166 -0.126318058250745 0.0146321923184376 0.00233625268159434 0.292244573523342 0.864384363801542
ITGB8 0.000694651704087482 -0.0321133690220364 -0.00556261280769587 0.314231365576347 0.919841657305047 0.946171152751489
PTPRG 0.0115748353662535 0.321922084352236 0.140150259262097 0.0213317506419764 0.00263275570940487 0.0443490436584721
ITGB7 0.00695661874696438 -0.0527550052944966 -0.0732856515837131 0.00199209629157183 0.693017574487749 0.384628074002807
FZD4 0.0045497570564427 -0.0606018272945181 -0.0499622997735115 0.0103651410666838 0.608000089432515 0.570782429070144
SDC3 0.00218647363156073 -0.0496889554490387 -0.0256912788259422 0.0740775625626229 0.732479587134463 0.778347260769209
IFNGR1 0.0269111617992404 0.0110568276075718 0.121745781732398 3.22543988319288e-05 0.91810052290162 0.0849784849081368
PTCH1 0.00359972040993354 -0.0349811853372139 -0.0249043495709948 0.0230157362703354 0.772608831160739 0.728862652226315
S1PR1 0.00145698459322472 -0.0338139196066006 -0.0189518205457995 0.148174652102467 0.801492515170447 0.839694920013273
IL13RA1 0.0364763287117804 -0.151130015448957 -0.0285888819881133 3.47391181945171e-08 0.185492463527031 0.706635199560862
LGR5 0.00144092181288723 -0.0477186255786895 -0.0219158170638815 0.147139483421787 0.790544194954602 0.84772216273203
ITGAM 0.00356306950827849 -0.0203298599644643 -0.0196082211916999 0.0259557061393416 0.884104638929754 0.738141863196458
PDGFRB 0.0035385073006524 0.575805815620143 0.269646775710002 0.352770240601719 6.93995004289326e-07 0.000517588469644768
VLDLR 0.000693889675457452 -0.00354902284265828 -0.00865842428816314 0.314497034025348 0.948204565161172 0.921915112308669
OPRK1 0.00300524238674681 -0.0802349466732936 -0.0249752656960009 0.0362195829463316 0.601628763214799 0.725744327819965
DCC 0.00144426904208171 -0.0311131805521136 -0.0178186468162976 0.146670239841626 0.789179777647025 0.857544960837964
EDNRB 0.00218134809697612 -0.0327605139732014 -0.0266483267661108 0.0782961721527217 0.802304579577961 0.77753669237411
LRP2 0.020383716010102 0.18856299686379 0.167671680878475 0.00256102246768395 0.0880790681587122 0.00638461691585484
RAMP3 0.00069383465258302 -0.00518712607879187 -0.00594593134492296 0.314516228180354 0.932758530613294 0.935041532955915
PTPRF 0.039231812457852 0.36881828223477 0.0137480321709736 0.000111745242676565 0.000255199749988137 0.832600215598793
ERBB2 0.0471243214886438 -0.135867076259153 0.0456520417332754 4.96722102979758e-10 0.116230434279182 0.474585414978081
IL27RA 0.000165886535845118 0.841244994665348 -0.0944728632560802 0.887811363077142 6.63256137482894e-23 0.302604244163354
ACVRL1 0.00500289298699969 0.0268830893254096 -0.0606426445187729 0.010531258331067 0.831053418859428 0.484231963058702
LHCGR 0.000717078675206207 -0.023222680004092 -0.0119420931995627 0.306541789885419 0.854859782875249 0.909700892787599
ACVR2A 0.0138257269296543 0.0469260046254768 0.041309689241832 0.000674363755700251 0.711691403891995 0.639096681687803
BDKRB2 0.00216676403868641 -0.0393193815488122 -0.0264778298813403 0.0753945580586446 0.779773933388798 0.766863613951455
ITGB6 0.00636530157336345 -0.109280912666973 -0.049046118731276 0.002625209633828 0.384415055268361 0.583526622938822
KLRG1 0.00304231928349591 -0.0814047289813955 -0.0336677260686327 0.0350869277739127 0.582593527398873 0.700116143416645
EPHA7 0.00220086531573614 -0.0392326267183978 -0.0228967570780642 0.0739489259170153 0.728169075471167 0.781854111341555
PLXNA3 0.00142586645714923 -0.0577712291199458 -0.0134481395659777 0.149271115173775 0.819037059637193 0.880343957530945
TNFRSF4 0.000696768564667134 -0.00477840525564618 -0.0133614428146529 0.313494893986646 0.949483147701381 0.906342374204397
EPHA2 0.00489383626965324 0.0568241700870285 -0.0646705888746828 0.0125496815118904 0.717997355459437 0.49887787837648
FZD8 0.00309595579291743 -0.101884283163629 -0.0494434266205765 0.0335134496975298 0.574619603355979 0.650993375762693
TYRO3 0.00365608621980221 -0.0344975386972761 -0.0303604679133055 0.0518664573064753 0.730978236624986 0.750043742336035
PTPRM 0.0083379906751336 0.35350078966753 0.196083582827858 0.062080893663663 0.00188663326327807 0.00313909433594531
IGF1R 0.0197294735710658 0.0765535592075987 -0.0311828416258759 9.97020753421498e-05 0.456483335937996 0.693010830044604
GPR1 0.000699361158017866 -0.0489228827404969 -0.00576417895834995 0.312595977093821 0.896275166197888 0.944221330128476
IL18RAP 0.00145596709571329 -0.0428525663405256 -0.0079695334872995 0.145043498893844 0.744259400240456 0.881255121716871
IL1RL2 0.00141769596839606 -0.0341415826124792 -0.0113524949473224 0.150442523844765 0.828330402127424 0.873793418916079
CSF2RA 0.00713852820076983 0.141061804028936 -0.0497231982960739 0.00763228448073028 0.317233502345754 0.55425569074352
GFRA1 0.0021632086889333 -0.0525506675812801 -0.0124978174309469 0.0756347903603915 0.731315104719175 0.833421533481166
ACVR1B 0.014757063443867 0.0427089511690434 -0.101186464418388 0.00034399423787383 0.743500217715993 0.231871337666346
TGFBR2 0.00888010670990608 0.271080552558434 0.137578607361296 0.0113661819416763 0.00545383681799201 0.060030928522555
GCGR 0.00552252677584098 -0.094170443539616 -0.0577299409031246 0.00449695492774204 0.433580808870439 0.492310653808476
TLR4 0.00485542737032096 -0.112823660193602 -0.0602024714368847 0.00776173987117416 0.405962311013387 0.533143885827614
ITGAL 0.00798280407385712 -0.0225253739634256 -0.0366226134915141 0.00491415991919749 0.841517573180999 0.62007921629039
LPAR4 0.000696154147106878 -0.0170808938832936 -0.00851747282196597 0.313708422121346 0.924396435632006 0.927887947378142
NTRK1 0.00139646877890845 -0.0110085657227671 -0.0160150018555252 0.153534764690189 0.928908820660831 0.857337155469442
LRP1 0.00537281359647002 0.965530184546861 0.0035922244539385 0.311906196427048 8.76285993819304e-23 0.962319833953232
CD46 0.0347017964764717 0.01536601697514 0.0580615124933246 2.14643694714984e-06 0.879902347883476 0.330664398988333
ITGAV 0.0153321021983313 0.462542446728875 -0.00734162612053184 0.0099193077967198 7.50281283309104e-06 0.92196216423377
PDGFRA 0.00583660539157939 -0.0270345697855575 -0.0285004333337508 0.00560998886711722 0.813637178265709 0.648981195582553
ACKR3 0.00410951881945792 0.0570214006903578 -0.0438628704602801 0.0207260581491398 0.653756039263893 0.589785463555466
IL6ST 0.0359562418694589 0.172256913757625 0.0139560259501574 3.06124878076631e-06 0.0430433527599314 0.833742183460573
APLNR 0.0111966596647967 0.196213446126967 0.124838178849841 0.00374257199820692 0.0622027637384441 0.100670134693859
ASGR2 0.0388300142574833 -0.0519307102862427 0.0970093492593794 6.06476058131656e-07 0.608811371669719 0.210072964163141
ADORA1 0.00141405027884548 -0.017266209533109 -0.0169558103242334 0.150968557491575 0.853458232803055 0.860592927830359
CCR2 0.010656756337948 0.0623634639929697 -0.0332828663697253 0.00119963010151244 0.583381957089355 0.641320083047925
NTRK3 0.00143257873687198 -0.0281882215895345 -0.0159865847294133 0.148316473787628 0.814724417992204 0.844130339349255
RXFP1 0.00146168245703281 -0.0374374647669574 -0.0249003430742875 0.144447258668964 0.761057274289484 0.838222818081904
BOC 0.000693467352163645 -0.00362394761728091 -0.0139210836676761 0.314644396313194 0.960423877001182 0.91767258036701
GPR37 0.000706063163664515 -0.0219146517920118 -0.00906949857433792 0.310287737628347 0.882256234726043 0.92137426998384
TGFBR1 0.0111423837577918 0.469990137318821 0.0817598308137548 0.022907010393098 2.73593767097471e-05 0.274519852968532
LRP11 0.0176092403525834 -0.100658310087613 -0.0716052523514139 2.08131704423304e-05 0.385255828164038 0.384520411404367
NPR3 0.00190377768501688 -0.0553027415287899 0.114619096940364 0.126151618094043 0.777744619272115 0.132661110894114
IFNGR2 0.0150656728867449 0.079846679414043 -0.0260144970801468 0.000306308719405246 0.553213022138525 0.745798623933728
ITGAD 0.000697998335428017 -0.0138043181252671 -0.00797347935276171 0.313068081939859 0.913275481480672 0.92897303917985
LIFR 0.0122441070071279 0.144448492356746 -0.0180595608329074 0.000531927712177067 0.224986578531703 0.808142280261171
CHRM3 0.0081232665264471 0.130092129801233 -0.0266092921995586 0.00257160884075174 0.209485405639018 0.697965403845648
LPAR1 0.00557108009263442 -0.0459864162679476 0.0242277742760837 0.00819372055921362 0.713967858548857 0.775162476987612
NPR1 0.000971233280614988 -0.279159187064242 -0.0090947924268191 0.234019888337624 0.522765886492354 0.912553869271577
PLXNA4 0.00403094591184769 0.112054295440838 -0.0551088878027072 0.0215720524920823 0.363383796202454 0.568240408784247
IL1RAP 0.0100759407956314 -0.0431539460835603 -0.0154876661189958 0.000380512969483774 0.709517138384147 0.843134827426907
LRP6 0.0110760099151731 0.101797782661089 0.00217306207174561 0.00356701489127631 0.401348700832312 0.980643258684256
IL1RAPL1 0.00828655962700631 -0.0665131879465952 -0.0414382369339852 0.00586839971854883 0.606873852577371 0.602382196530862
ITGA7 0.00869412518842035 -0.0788333678409952 -0.070847087334546 0.00137762650881983 0.527574023784931 0.387893528298037
FLT4 0.00368380108864855 -0.024206048071114 -0.0532711578929443 0.0215853641743014 0.810104997194503 0.602348010659713
NTRK2 0.0134189656646169 -0.157452017650141 0.163046308360721 0.000458690538935461 0.205117463342498 0.0136978952554872
UNC5A 0.00097202414284272 -0.297488044481099 -0.00758489695297608 0.233829465349738 0.523404220225845 0.940419080879965
ACVR2B 0.00854781954006442 -0.0944059540519512 -0.0312329803644522 0.000838520693268794 0.434903246944958 0.696800936575749
F2RL1 0.000974835562749063 -0.314344460599838 -0.021472603034121 0.233154047778848 0.526890721300133 0.879435396477006
ITGB2 0.0102336713741607 0.170748714160551 0.334724985251731 0.0331699816641031 0.119089926842736 1.85113628322338e-06
GRIN2D 0.000700647550675817 -0.0186936005814966 -0.00773267253230144 0.312151200123201 0.904223711260549 0.9228035256168
SELL 0.00143377563352118 -0.0366333460932449 -0.0173317902937862 0.148146972248797 0.801111441277883 0.858511920100863
SCTR 0.00370373778789218 -0.036212092235512 -0.0490929531371462 0.0200421399229185 0.692281857117696 0.617898977686405
CCR1 0.00142140556980847 -0.0339617767601074 -0.0158060628585547 0.149909393496087 0.830324625401192 0.859586410849827
EPHB3 0.00700009865037531 -0.0865821964323029 -0.0477257543070554 0.00140314292256893 0.39295632849167 0.484387066742324
MARCO 0.00453554301577884 0.108775614262489 -0.0414908502421907 0.0406997341395609 0.508607022332646 0.627584016163337
CD93 0.0164114265572973 0.0521126597193975 0.109110028501201 0.000249111153102662 0.582198051761471 0.127987398483475
FZD1 0.00434317839459365 -0.00602050266324669 -0.0451076360571628 0.0165331159521063 0.967273420876057 0.576537458705522
EGFR 0.00770019695834804 0.0198545250096272 0.11285253185403 0.00581118173603417 0.89037398030411 0.125281727519275
ITGA10 0.00141454663406918 -0.0156817417576324 -0.0274299155348018 0.150896816677624 0.862011198081095 0.846568816267767
IL17RC 0.00457962892679977 -0.0477578905666102 -0.0603681077880216 0.0106245926459035 0.662376792217805 0.531795836660925
GFRA2 0.000701699089544216 -0.0261459046168989 -0.00748114282540325 0.311788237527721 0.908892039469998 0.912865793549754
CD36 0.010917834391135 -0.0481150073574043 -0.0867038589870478 0.000342254102190976 0.633217370425626 0.367071359197322
CD28 0.00314281652093695 -0.159951047403774 -0.0378026036368249 0.0321990245311609 0.507410189449441 0.712725853071228
EPHA1 0.00310289546188741 -0.10477237192742 -0.0327202281688347 0.0335096387261862 0.518242241786946 0.729129806164048
FZD6 0.0177287769112608 0.0606796425856022 0.10162521747892 0.000336687757187151 0.515543264025231 0.190724745978202
ADIPOR1 0.0099976351511067 0.44613988892622 0.0382103414633134 0.0113894261777324 0.000593437474899537 0.603946932659467
GRM1 0.000715756750434777 -0.0302420368628793 -0.0176059251758152 0.306988216076855 0.865138005402826 0.897055040258959
ITGAE 0.0126690507967159 0.201387090389979 -0.146303823540823 0.000384804796170305 0.0530954334662431 0.0881958784431691
TACR1 0.000698418664043428 -0.0161431666974989 -0.00725882182149884 0.312922373870017 0.909183498597089 0.9315336973903
SELP 0.00212518207113798 -0.0110351272567609 -0.0239882488475529 0.0782562708221785 0.865600455164602 0.780889263827974
NOTCH1 0.00119420866721186 -0.0229364137578723 0.175184252333708 0.227579587826524 0.821192150974703 0.0849581550723267
TSHR 0.000696579751404124 -0.0178830302514687 -0.0048597870903369 0.31356049194135 0.91148246805883 0.941212642745708
IFNAR2 0.0349455691339762 -0.0428594365098417 -0.0879667470008809 4.55284094998834e-08 0.64607018796606 0.283200726340576
GUCY2C 0.00754376682695203 -0.0490920280179516 -0.0528240770163136 0.00168091719455727 0.685138722404924 0.558128744360281
ITGA1 0.0310851760557718 0.217827127178694 -0.00380227409289044 0.000119681785033786 0.0518695368509315 0.962593520056571
CSF2RB 0.00219839822014708 -0.0438148522949237 -0.031997096709092 0.0732927581863924 0.724933239693823 0.768838927052264
NOTCH4 0.00340565187724745 0.018816270958174 0.287186290164824 0.109362326485176 0.903161539609912 4.94629252866029e-05
P2RY12 0.0029323289411565 -0.0527879408771952 -0.0351755116855905 0.0912583435716066 0.73419871582985 0.790278073532025
IGF2R 0.0186779619268534 -0.0880100717996206 -0.0536621089218611 2.41814008533812e-06 0.441254944472362 0.476478567484232
LTBR 0.0166819965100163 0.276142249985512 -0.0802164682610315 0.000393095968263557 0.0264093429085646 0.285876816594558
MUSK 0.00091321493061061 -0.0219729864183859 0.305047118269276 0.350920895874503 0.86534135080766 4.14060292074215e-08
CXCR5 0.000705164343682716 -0.0188725077517063 -0.00330327479000726 0.310596009225019 0.874018538546553 0.942013452540642
IL17RA 0.0106103271564153 -0.102942857005364 -0.0279179511552315 0.000843310095560973 0.389836911074025 0.775865891720976
EDA2R 0.000699553138665104 -0.0149390096248917 -0.0142523629197193 0.312529546360876 0.911768290718292 0.920469591810267
ACVR1 0.00295029422653456 0.262190990425742 -0.00246043949749742 0.0927317822668599 0.00691128801527894 0.974018772522949
NRXN1 0.0186868985314681 0.404208169188848 -0.0427435950431417 0.000332515741415011 2.63883883581057e-05 0.55367503158759
CALCR 0.00291560904779093 -0.0282322756025099 -0.0459568931530388 0.131982159739777 0.929517818232834 0.757052129749356
ALK 0.00295177156250845 -0.0770092913653291 0.0156646425838911 0.0425023717686131 0.551126042908752 0.865615808539265
ADRB2 0.00143287714019085 -0.0456571072161433 -0.0147252906362728 0.148274194181993 0.798564957053649 0.883972487784629
SCARB1 0.0155955092831124 0.137940174510096 -0.0301672341188139 0.000624251629505041 0.228989923415944 0.717749050608147
AXL 0.00161068733804042 0.725667196029946 0.0454889943436091 0.52173351881766 8.50860649035698e-07 0.596178031618562
RAMP2 0.00349142556094747 0.0265234011044645 -0.0368129094995746 0.0324962371531721 0.850302124790482 0.629025990575737
BMPR1B 0.00144497036745821 -0.032153395090043 -0.0169332291150527 0.14657213583458 0.768516274710382 0.871849825375259
IFNLR1 0.00548507153987487 0.240902266398509 0.0881715023784821 0.0390441513917883 0.090752435621608 0.260385710861423
NRP1 0.0157017314757311 0.0984588174469725 0.0568516166095621 0.000381585856385997 0.333084233602143 0.462036661861587
NPY1R 0.00143853009614938 -0.0326706388359523 -0.0137443667821695 0.147475811706448 0.793455839269286 0.857349303393119
KIT 0.00476374716848991 -0.0494523472304155 0.152369540025996 0.0729114515613183 0.648182052672429 0.011861197252469
ACKR4 0.00069938980159008 -0.0215645454647196 -0.0103031472750874 0.312586064439441 0.91185902146081 0.922682666698974
ROBO4 0.00110899810346 0.307838791831653 -0.0235367171893017 0.263405778808961 0.0884710801594027 0.793314931102613
TNFRSF12A 0.0105871820968627 0.231191781340927 -0.0143937651107143 0.00309123760599322 0.0458919662630202 0.869414451244578
TNFRSF14 0.0116098715402161 0.0549214251456875 0.192092827739884 0.00303246188832073 0.592915473358157 0.00723826889263584
CALCRL 0.00962627803676398 -0.0602401091544529 -0.0334045151142931 0.00120914851306242 0.699180256446006 0.689569083201246
NRP2 0.00702650519239948 -0.046283785291046 0.101631403891292 0.00868866320419686 0.707974962874477 0.188275992905305
ROR1 0.000695925340484965 -0.0123131798299734 -0.0082834067563346 0.3137879876482 0.936751212923605 0.91851457335232
PTH1R 0.00306977802676946 -0.0920537993020309 -0.0407054520186264 0.0342719847722538 0.568147482651562 0.700374120597324
CCR7 0.00211535591588996 -0.0190619615130808 -0.0131541261211293 0.0789494330168249 0.828233058332439 0.833561588354619
ITGB1 0.0318760448210568 0.375650228030045 -0.0335853283626762 3.88620538011254e-05 1.02195062244363e-05 0.611659989786349
ACVR1C 0.00142290533777831 -0.0199132321590153 -0.0196570096886505 0.149694458477104 0.848035077631486 0.850264590893629
HCRTR2 0.000696087485947132 -0.00794956745337382 -0.00441245056184681 0.313731600244945 0.911179679887458 0.945982241815773
ITGA2 0.00229239754712443 0.0341448684604982 0.109948085673559 0.103386060479695 0.757816043852763 0.126356667023436
CXCR6 0.00142144193630889 -0.0170701774426614 -0.028495446925741 0.149904177611433 0.85389031221681 0.834148691308256
ITGA2B 0.00142013516878103 -0.0220917914661611 -0.0217698322739526 0.150091730181782 0.850330030243912 0.841270381990794
FLT3 0.00366031395827251 -0.05766634429096 -0.02787351267697 0.0507762344185392 0.707173976168804 0.748965451873946
BMPR2 0.0148140491373724 0.249111332098416 0.0769181348613626 0.00180998262422357 0.00683696476907445 0.310382661683576
VIPR1 0.0022126313830184 -0.0499772076357778 -0.0429528236975602 0.0723676664858019 0.724539189111541 0.736779255429999
THBD 0.0145892945181364 0.114697374429305 -0.0945081411423517 0.000238404909974745 0.349843753821133 0.22190552176855
LPAR2 0.00699968735157971 0.186652687350105 -0.0739112141353553 0.0240007000480322 0.280456568205316 0.504952795234381
PLXNA1 0.00286222002329931 -0.0123753874853481 -0.036049423674043 0.0443028198028971 0.944506230281634 0.697116978406389
SMO 0.00386303091669888 -0.0736687990401991 -0.0475121604809549 0.0175424779800683 0.532657557127405 0.604034281182892
PLXNB1 0.0130541109084712 0.486272346387451 0.0183879538762148 0.0152460895121797 3.60961461072121e-06 0.820013266164734
TIE1 0.00734520402555613 -0.058677917363872 0.0686460637054743 0.00258806843034887 0.595240006561167 0.3252177470715
ADIPOR2 0.0298801929509158 -0.119228849056699 -0.0964089002382811 5.27242581088608e-08 0.3637019377225 0.196173105942692
CNTNAP1 0.00305535556022229 -0.086201170495253 -0.0271113762299873 0.034873181421888 0.550248294299132 0.748274138747426
IL10RB 0.00996067881039278 -0.179188986110935 0.0618803077257144 0.000881825912839762 0.175092202731175 0.409255790593401
CMKLR1 0.00439351999707503 -0.139736815970528 0.274578599185087 0.0984830358746861 0.395709707430318 3.04805188921793e-05
ITGA6 0.00472365190652431 0.0287638593311473 -0.016240235584011 0.0340592784104708 0.826789234661085 0.854306584154551
IL12RB1 0.00217823807750984 -0.0620336236637759 -0.0206399830830364 0.0746248356617866 0.738352168614372 0.811090966004598
IL4R 0.018302211977986 -0.00289617733289133 -0.0618073536542982 2.11476377234958e-05 0.976496895991905 0.440578140978924
P2RY14 0.00216717762192511 -0.0385961221339247 -0.0281073731164602 0.0753666657773613 0.776940401571218 0.767623579032558
EPHB1 0.00608989686640408 -0.0673169846809618 -0.0542539320735142 0.00869826957161205 0.632442697790692 0.559848550768257
IL7R 0.00831812001209148 0.0705691738504691 0.126007165351917 0.0137302311643958 0.529570002307358 0.0993316058359245
LRP5 0.00690672754864519 -0.0828499360043855 0.0726900641378665 0.00510079115898939 0.576584503051621 0.34581157309713
BMPR1A 0.0109998237435436 0.0226446725665033 0.178797379410224 0.00423778035347347 0.847921926295324 0.040825844477618
IL2RA 0.00159866366407471 -0.0307278106255149 0.351991705279424 0.18522520042267 0.795879270168281 0.000566944434840965
EPHB4 0.00675995836233651 0.276018961349603 -0.0557355267495257 0.00888687543611171 0.0106655986071726 0.457326265994121
MERTK 0.0084115540316908 0.0984260433716792 -0.0213408843316084 0.00575970254424084 0.439477289444243 0.793264904926937
EPHB6 0.0014477841833756 -0.0440380667661207 -0.0118617401185439 0.146179271553119 0.760481327947492 0.882695099841067
INSR 0.0319248371027255 -0.00133869823422068 0.2087510909369 3.45059792003728e-05 0.98965370739541 0.00184489619347615
GIPR 0.00143311445554151 -0.0218541965551892 -0.025231349568972 0.148240579600701 0.854347248901769 0.805869893954481
IL3RA 0.00190521321457927 -0.0471944381689415 0.118425151796982 0.116917899961017 0.716485546084268 0.253635273328945
UNC5C 0.043775579476444 0.542320387273788 0.323143699952762 0.241440707472452 1.68913166502419e-11 3.08108242002567e-08
FZD7 0.00141853842137283 -0.0217139229326463 -0.0188323947434455 0.150321261827914 0.881022735279326 0.822001964808073
ITGAX 0.00296828558034287 -0.0799091618226122 -0.0302172104579254 0.0373866672281614 0.644015425027027 0.728242242561935
SSTR1 0.000703579826087559 -0.0271812409240048 -0.0125724758455242 0.311140428202717 0.904132073602015 0.906969724336946
CD72 0.00212225059182519 -0.0354140945300355 -0.00915346798698058 0.0784623771846682 0.791251246631056 0.859090655182546
IL10RA 0.00509369196124156 -0.013883714282654 -0.0474009587180531 0.00698281532316645 0.884308313824282 0.554544790229596
EPHB2 0.00615768185495569 0.142198652350783 -0.0216189231092567 0.0154732394655808 0.236435535493147 0.837530606762455
IL20RB 0.00378873774972329 -0.0633995300725859 -0.0500434516067477 0.0216439108840666 0.715558692287526 0.604751574296814
PROCR 0.00427553885023529 0.00124952997066741 -0.0348413753744613 0.0169278707760525 0.992426986858574 0.614116040067261
CD44 0.016152418989393 0.0367843142852183 0.141226227788819 0.000853431448554017 0.768771352731757 0.0813953160338721
ITGA3 0.0103834539512927 0.00137044630562276 -0.0899566947404317 0.0019385125187218 0.989314601753905 0.360786176057272
PLXNC1 0.0174157217927641 0.0458863553278513 -0.145610056632989 1.93584302536873e-05 0.701335190061034 0.109466226419621
C3AR1 0.00528933284532599 -0.0884186903069606 -0.0161831090559678 0.00756376309810366 0.494953839692767 0.873142645781452
ROBO1 0.00918729844890165 -0.0981242636397848 0.193200756279441 0.00182361969551109 0.372677776495563 0.010455626247341
ITGA8 0.00216306495154549 -0.0372764958050931 -0.0159187511254332 0.168883178675122 0.79142087186047 0.869098135372298
CCR10 0.00308376265509876 -0.0848465682423625 -0.0263852394704001 0.033864557749476 0.527144215274628 0.751296728834585
OSMR 0.00466369977774209 0.106178467804697 -0.0568988751913562 0.0319898203293295 0.426719915888717 0.577037104962656
ERBB3 0.013333208051809 0.148435665203768 0.0117894825083537 0.000865143691630384 0.210058628270824 0.866703483084263
RET 0.00457549539128993 -0.0456585480616739 -0.0565983009899776 0.013014597309859 0.745486252813753 0.528994267079097
ITGA4 0.00638458410215823 0.176774859276678 -0.0520651669384676 0.0123045023070244 0.230354281805841 0.490731307106194
ERBB4 0.119488526611092 0.649124179626601 -0.0367869881475923 0.00298514395343271 3.62054727759471e-12 0.5991338283035
SDC2 0.0227662566892595 0.151545062347107 -0.105932960409106 1.03852867917165e-05 0.225779849988568 0.182536154269475
SCARF1 0.00229794470349784 0.158203618464065 0.175955830234225 0.14947673491783 0.0975597091807383 0.0670807150339051
OPRL1 0.000703883975455021 -0.0165536780446571 -0.0159289151710006 0.311035830301914 0.897226493556641 0.912768525692203
IL15RA 0.00431905793176758 -1.04604216478253e-05 -0.0536075609687776 0.015052299068079 0.999918610281389 0.577307836380222
ITGA9 0.0289631956325149 0.0272444786034032 -0.105679054690298 3.69744176309372e-07 0.765113434762404 0.190481876100907
TNFRSF11A 0.00286002800132043 -0.0252328103849813 -0.0281046029817384 0.0429985547637606 0.859267115108175 0.738203943606343
CD74 -0.0360488449355676 0.66689035010563 0.511827985604712 0.180659990008457 7.34828602403724e-19 1.14899836353604e-21
LILRB2 0.00370206808595591 -0.0533693528419464 -0.0320372535572984 0.0200702056202443 0.641845427833442 0.656358745185095
PLXND1 0.0189909266344563 0.169272905122196 -0.0338606423451549 6.94528406252685e-05 0.123193723347286 0.637086792302467
EPHA6 0.00404392583441763 -0.102340717756196 -0.0658957095689988 0.0152444017465458 0.447147512607573 0.570180134568703
CD4 0.0119579867405966 0.00727748068592677 -0.0795362595969056 0.000258815165161529 0.951138453079874 0.28211355180102
TNFRSF8 0.000966436508657625 -0.319131970992684 -0.00494837183495285 0.235178873589216 0.525041585881183 0.944483794445801
FGFR1 0.00831705848030895 0.223816460509272 -0.0265729053097551 0.00533448068380479 0.047879657868823 0.734957674807298
TNFRSF19 0.000697591684711614 -0.0159546775512675 -0.0107943027163894 0.313209132770484 0.914631977639016 0.929477410442251
AGTR1 0.00136356887365887 0.0294123748924794 -0.0143102631017162 0.166216612094724 0.858722604966364 0.869602361347949
GLP2R 0.000696044240160372 -0.0133739798673583 -0.00682258566994624 0.313746638025436 0.927008917019866 0.926965942965918
KIR3DL1 0.000696957715848925 -0.0160740630151758 -0.00736457377946266 0.313429196588175 0.914678229055846 0.934703199273917
TLR6 0.00293050478173124 -0.0632199407679275 -0.0301572561958403 0.0386205216244833 0.695226266411514 0.724169405721655
