target intercept intra juxta.25 para.150 p.intercept p.intra p.juxta.25 p.para.150
ACKR2 0.00266778406700892 -0.0169547470249463 -0.0134804364797052 -0.00613420898785162 0.00265464122940833 0.740857094932131 0.753416959466217 0.863602754310479
CNR1 0.00322787451798126 -0.00518583657927943 -0.0202161698425906 -0.00557616825176117 0.0026225501717954 0.843850685422701 0.677435289285545 0.848782966072336
GPR39 0.00777558662507505 -0.00337344891860512 -0.000513180394435523 0.112799897603883 9.29465508612075e-06 0.93424736714904 0.989771183712283 0.000347274423290601
EPHA4 0.00799499238224363 -0.0205166486848489 -0.0201737092586159 0.0424934197408388 2.82174370760733e-06 0.619126698707537 0.55633871001253 0.127220841799239
KREMEN1 0.018742379120307 0.0940027257222434 -0.0353996491325736 0.00616438640111219 2.59156961461791e-12 0.0153447737684424 0.335180717564747 0.833747312271573
PTPRN2 0.00785914972885005 -0.00318060512724767 0.0590646631236853 -0.0162922795793203 3.7449106469368e-06 0.924959599661777 0.0961828379037623 0.582935228260208
FZD2 0.0135001394855533 0.00457606990944221 -0.0447106252015326 -0.00521126400698658 3.10592158550018e-10 0.913869248146089 0.236295926681618 0.864826821944197
LRRC4C 0.00927297959664282 -0.0335568343164023 0.00848513205253288 0.0010514080633074 3.63121913433452e-07 0.469687382015175 0.837402770429112 0.969395315721614
GPR4 0.00342146109253201 -0.0127224139342568 -0.0130405840736201 -0.0057803274637292 0.00136741712782843 0.743665451944477 0.72921661449033 0.848947965222064
TLR4 0.0119962119535835 0.0319083816956128 -0.0358499228790174 0.0535991642525986 2.31241129949498e-08 0.295673841591604 0.315106014938161 0.0726466474538622
EPHA6 0.00349245661816824 -0.0155937066107837 -0.0148833692428978 -0.0053727655706318 0.000818162285681605 0.701997701204764 0.71638356409095 0.852634086813057
PLD2 0.0154246903923958 -0.0074622311176004 0.0231346295821782 -0.00581432733533589 1.5229866383195e-10 0.842823401751469 0.505734215148857 0.837236150379064
ITGA2 0.0213614098894605 0.0585678245066709 -0.0359152939130216 0.0463194108889195 5.46324886535111e-13 0.125217042890651 0.32700189546264 0.0593792005107987
ACKR3 0.00618458262018539 -0.0362354726938948 -0.0209237746472614 -0.00961501273730893 2.8333144136853e-05 0.51474997211412 0.565789081228233 0.748778486686211
IL10RA 0.0137268482009466 0.0104876471555055 -0.0535252448230498 0.0488732253025758 2.78757357265665e-09 0.784429534906047 0.145421530941262 0.110252899369519
CNTFR 0.00794317543268689 -0.00663797065630407 0.0249006848838568 0.0547511914320562 4.40120929880261e-06 0.881853659069313 0.522440781926516 0.054297602886913
NRP1 0.0334895539951655 0.0570074268504546 0.0872023957189843 0.0603127826301714 7.15695137136341e-15 0.106209283993924 0.00917559777935777 0.0132729175794774
SCARB1 0.0371874380297983 0.0119823440844689 -0.00340545060561032 0.0669155600134799 1.94027876947491e-19 0.71364758081335 0.923502452290747 0.00648421316019294
GPR55 0.0151347015366588 -0.0129900815213941 -0.00808460679022615 -0.000202751495202373 4.69358976412366e-11 0.75130053699312 0.834610165469489 0.994010677716441
ITGA2B 0.00883915435287048 0.0390707129969278 0.0246569602817113 -0.011840191314367 1.31964996019145e-06 0.347126975620675 0.4971638051826 0.686081608708533
FZD3 0.017546333192741 0.0429498887937711 -0.0640232572831002 0.020381875515031 3.7607409464506e-12 0.320901050349061 0.0899471610019518 0.450099245581902
BMPR2 0.0773535547464772 0.102811975746211 0.0233578735270778 0.0320133036975415 1.72893835028204e-27 0.00233208718904378 0.490925297355552 0.170775448064496
EPHB1 0.0136470411591858 0.0773080893066128 0.00375668786052923 -0.0317272303707921 4.36278541453586e-09 0.0589526406429764 0.928137239631175 0.258880030855468
TLR5 0.0266898648356393 0.0199712121910695 -0.0133464073856734 -0.0111003721194368 1.09478862498103e-16 0.58171915521798 0.709428183011764 0.679315888462003
ACVR1 0.0338488232908644 0.0609499607431384 0.00679720691070342 0.00758718377098564 2.93271356149567e-18 0.107088015796425 0.841986824700984 0.775681751071355
ITGA3 0.00813872570624038 0.0144164974484048 0.0466197813322608 0.0327036047383659 5.58212088956537e-06 0.596920149074838 0.254339792939861 0.198298603323181
GPR63 0.00915206602497581 0.0458960159207559 0.000132260517820281 0.00296053711149341 3.08116828871318e-07 0.195375848933851 0.997279307871961 0.909444192178307
CNTN1 0.0146958977808439 0.0134394381189885 -0.0115549727934926 -0.00597233686274886 2.75757881428883e-10 0.709914101731174 0.755463215543198 0.833138048685104
PTPRO 0.0134649267995539 0.0880937772351302 0.0978268739572776 -0.0266000072233877 5.16635059559357e-08 0.0363183138309892 0.00556464140230584 0.357892747239176
SCARF1 0.0104168954744711 -0.00356039128615534 -0.0217245085962467 -0.0180777635179637 3.03383397337023e-08 0.921625500070883 0.569794203728108 0.502229362326447
CD47 0.153032460967494 0.236619739515451 0.0986213030303323 0.0381564092044387 3.68537944394329e-26 4.66430006793335e-16 0.0016559807784156 0.0765080904763581
KREMEN2 0.0388090599655478 0.0502542023848038 0.017653097304016 0.0242045179345381 1.72346114757019e-19 0.172963618012926 0.62309861110844 0.350572167304591
IL10RB 0.0361754249546775 0.00753624262806304 0.0761197110807351 -0.00316367705182103 1.19780874411213e-18 0.825497502654167 0.0291118043885713 0.898227265304481
PLGRKT 0.043832761927342 0.0159748646662939 0.076128840951297 -0.00664748784791386 5.33468369454012e-21 0.6619361887484 0.0235379777104294 0.794917083284606
CNTNAP1 0.00312257170855747 0.0425314742535159 -0.010251448804808 -0.00636837863866236 0.00279015001260632 0.253926881655517 0.778394889522991 0.841911027469653
LSR 0.123749888106587 0.328228186003065 0.029712500837883 0.0629445971624687 1.69021019840878e-21 1.54583833620594e-28 0.356207518849751 0.00349707553742131
GPR65 0.0104468889804002 -0.0203852904300355 0.020225659256586 0.139893814251305 7.56277338587526e-07 0.611063854682189 0.596925804347396 2.50026369993709e-08
PTPRR 0.00295066513124992 -0.00245308238314832 -0.012523201214895 -0.00410133351555364 0.00317791810590317 0.967827800977735 0.742351868007959 0.885902480065204
ITGA4 0.01291590036906 -0.0260243842163554 -0.0175119855087375 -0.0205669536087256 1.35902476848586e-09 0.45856451519046 0.630937540515832 0.460318744632767
BOC 0.0258047105239845 0.108347650223461 0.0232066839076185 0.0333946623809711 9.41599436847963e-14 0.00479662351291812 0.46787964160354 0.16901453465929
EPHB2 0.0172410245488424 -0.00588258324478992 0.0107020135431979 -0.032025736474263 9.84350780188448e-12 0.882761507688527 0.774693346495386 0.249621169111113
TLR6 0.0282494036852474 0.0410132057832422 0.0464116839866234 -0.0336031279875483 1.2720999362689e-16 0.213307406264351 0.188158560871854 0.215949592605125
ACVR1B 0.0288702107757505 0.0339118846709258 -0.0258367463735111 -0.00350651578831882 3.43785915228915e-17 0.395721983600682 0.456263815302623 0.89548431278824
NRP2 0.0487333722999002 0.0513405809620362 0.0838430493557846 0.0103263538892464 2.1086304838323e-21 0.105521905402596 0.0106923662365017 0.669974654048218
FZD6 0.0656607710599609 0.151238838248632 0.0188926435371815 -0.0421609617470101 3.5811192578823e-26 1.34314316296592e-05 0.578971188327118 0.0837814914288531
TLR7 0.0030766750477739 -0.011851168903181 -0.0150182146326837 -0.00519806873427839 0.00248363110796004 0.751592746624385 0.733209930157545 0.873489402095554
IL11RA 0.0184260636289309 0.011710991173141 -0.0524989752859505 -0.0132819851677107 4.57917263245941e-13 0.772004555399296 0.146562408069822 0.615319064305711
ITGA5 0.0111840183931982 0.0117431005844389 -0.00544120476965808 -0.0190372060865661 2.06728223269154e-08 0.749388994471973 0.870746332743465 0.485745019604767
NRXN1 0.00337489175129126 -0.0065673525439789 -0.0126247825674974 -0.00675471982010648 0.00153126122675543 0.810743502950575 0.771496528642827 0.847548294597071
C3AR1 0.00873739736589286 0.0151378987142815 0.131493539619031 -0.0223142040744358 4.21953241008362e-06 0.654000375003808 0.000765252073416124 0.417832055751633
LAIR1 0.0331171600249173 0.06351068672869 0.103876107360256 0.0189431856799378 1.59296686538386e-15 0.0608368007076296 0.00153514032417886 0.448130935601083
CNTNAP2 0.0202471932061818 0.00222526042948803 -0.0255787794570466 0.0173417760562878 1.58088308168619e-13 0.946837975106052 0.49509447274284 0.49849194622575
CD53 0.0379107862657058 0.00132484941889112 0.119756951677884 3.28889405661828e-06 8.56395944347054e-18 0.97203868335588 0.000366468344312164 0.999895530476901
NRXN2 0.00405722588997056 -0.0231484529972365 -0.0193359163623386 -0.00864497277869141 0.000419336338945603 0.621914755326953 0.654988436498268 0.802029780409583
IL12RB1 0.00342223219948468 -0.0222667381331728 -0.0118494001677762 -0.0055329808867388 0.00146541862220897 0.673429049545437 0.756158785071922 0.85222111742361
LTB4R 0.0333677923967517 0.0760488457124882 0.0147127711594301 -0.0148888318038223 1.46996466896745e-17 0.065453428390306 0.670411534273588 0.570795670809501
GPRC5A 0.0468269441173645 0.0698382496320642 0.0422810289433825 0.0662433747463093 3.18734305336939e-19 0.0670363986398283 0.229837323174358 0.00528651456750743
TMEM67 0.00843958658469099 -0.00566389958065018 0.0241096624329138 -0.0286163859675026 7.58024867211849e-07 0.902499558134496 0.512013129684263 0.378844768656714
PLXNA1 0.0374746988263579 0.0156664208752827 0.0562822486269916 -0.0119422172362577 5.27418390921191e-20 0.673902107926388 0.0910482218526572 0.638786285451908
FZD7 0.0201580662259785 0.0197918643262215 0.0132383060883003 -0.0197471029760767 3.29665953981105e-13 0.611846586922812 0.702051061206208 0.49646077621474
COL13A1 0.00409836256525308 -0.0137731161273839 -0.0162639746006732 -0.00771211507152397 0.000537917438645363 0.777107910225217 0.690031427629656 0.824034362099302
ACVR2A 0.0341107342277094 0.0321569442961122 0.106543476489033 -0.0129613998134381 3.33589115595436e-17 0.318516061419026 0.00116367741883028 0.609398429561923
PTPRS 0.0507689558316352 0.100253517744849 0.0574201755478109 -0.00412447716213703 1.41273798503418e-21 0.00364474483019454 0.108189863885327 0.863696412574952
SDC1 0.0784230677434561 0.591353868581375 0.134385595240355 0.122283374106546 0.0015942348407819 1.50192931053188e-139 7.62064800683375e-06 8.98344962513464e-10
C5AR1 0.0109462549516242 -0.0464107813715159 0.0789621066105032 -0.00457164268275487 8.01601975033282e-08 0.261271520849832 0.0193769240135168 0.871834147101745
IL12RB2 0.00412012961134578 -0.0100617293607795 -0.0167145660737118 -0.00483894500887204 0.000527448445471116 0.747142545146209 0.688401810462882 0.867082488248324
NRXN3 0.0069861243667899 0.0173509060397292 0.0670638105587008 0.187545649844739 0.000253940513192292 0.545983629487949 0.0686777053714202 2.86443005013007e-10
FZD8 0.0105739389093931 0.024936549953361 -0.019625450411291 -0.00204510621012686 4.89589653982457e-08 0.421039143568095 0.607025114783648 0.938989941064564
FZD9 0.00294326169337128 -0.0143466761311956 -0.0563350286768328 0.223931150293725 0.00511975736047283 0.72076090475729 0.170104392655398 2.25731776755689e-12
EPHB3 0.114700940282883 0.331213958552405 0.0771786494072034 0.0298373566386994 3.50166327848183e-20 1.80828817808015e-27 0.0178663050480433 0.166625041959716
COLEC12 0.0159605933664411 -0.0246393633413379 0.0321970346927626 -0.0398346709783088 3.91604659032861e-11 0.487509917773752 0.358890761372038 0.150074474276766
TNFRSF10A 0.0144584086806065 -0.0330103948630846 -0.0269818566986864 0.0131919082399361 1.40914401856441e-10 0.418683876909316 0.465301273326473 0.670968243748193
ACVR2B 0.0260412893954695 0.0180036974597851 -0.0310786271942709 -0.0123383956777384 2.4196738218323e-16 0.658187772162924 0.381638385071092 0.642258127157807
PTPRT 0.0112567944382514 -0.0167598648657117 -0.0330443695233109 0.00168143981647296 1.18828691042259e-08 0.694144145784677 0.41985615497811 0.954634974206242
GPRC5B 0.0679100969302165 0.117240317082681 0.0672293950046067 0.0170811639041167 1.20937262118484e-23 0.000581285712317997 0.0448824428779401 0.467919269887317
PLXNA2 0.0451183509063504 0.168091404867222 0.0128663389741103 0.0582172031975277 7.68771477035569e-18 1.5988807597446e-06 0.716940660640984 0.0136232433027636
CALCRL 0.0145385775394163 -0.0242916477481575 -0.0244947685373911 0.00434070365400474 2.21607516523743e-10 0.414065974756989 0.528296134289492 0.878775519649981
ITGA6 0.0857650115896946 0.352542837013571 0.0565535578302462 0.145624544087025 3.57912690653634e-13 1.67653026710703e-35 0.0786276540860075 8.3392561673621e-12
LAMP1 0.134300848644768 0.430252901223943 0.0803205532704677 0.0791676704999561 1.20463516647882e-14 3.81961826004292e-56 0.00998335299690852 0.00013425477606404
CR1 0.00416862117584256 -0.0195861422255118 -0.0300428303403503 0.0421168468941157 0.000647323541988078 0.652204800271894 0.455200906575091 0.207356595446389
IL13RA1 0.0829034765861286 0.0668717563567813 -0.0125012632343929 -0.0178675358939704 1.36643770265759e-34 0.0529951838501987 0.697473745006695 0.452638096154159
CD63 0.177912843199259 0.469991236358374 0.206959518857392 0.101442419102053 5.69592165113696e-07 3.39454081752538e-82 6.66170854032587e-13 7.68831388582905e-07
NT5E 0.0248390221636097 0.0222247553023418 0.00497952039064422 -0.0414555443011809 1.35074846645747e-15 0.566876616218712 0.88947353450981 0.113598437991525
GPRC5C 0.0166028074564121 -0.0181091448761563 -0.0125078012771856 -0.0166818171245811 6.29671698177101e-12 0.641233853942325 0.738498436004527 0.540203581409374
CRHR1 0.00428335429838193 -0.0202446014868647 0.00445185020046118 -0.0135068949899063 0.000330454215021664 0.616297669915412 0.917729302055437 0.690155209441841
SDC2 0.0776491373462031 -0.0246530980943359 0.0537482181241109 -0.0127805392491779 8.09597437646679e-33 0.505704599505249 0.0967726146470726 0.605999417295864
PLXNA3 0.00911120660722292 -0.02475129201303 0.047148577675465 0.0444222179552331 1.04394394371935e-06 0.469863199991912 0.195369697732008 0.154174603073957
ITGA7 0.00934320097101484 0.00649428632342404 -0.0408428374407412 -0.0199698494718291 1.91988710276331e-07 0.865135780462837 0.344012704183315 0.538452904038632
ACVRL1 0.0296417366725316 -0.00441304566383376 -0.00974336411756161 -0.00361787904552641 1.66513204023169e-17 0.887209917972606 0.777590628727215 0.898022063301895
TNFRSF10B 0.0263123882658658 0.081280888155117 0.00824796971181567 -0.0201477389001527 2.25482844201152e-15 0.0144836811633492 0.815782370440128 0.453654070567876
LTBR 0.142548807899781 0.268214498848362 0.0138245028491158 -0.0170697013413693 7.02069233373428e-33 6.07770192002179e-20 0.665951410418485 0.43984471706983
GABBR1 0.037762067198785 0.181454908862584 0.00305827381871765 0.00643219758400534 9.07620795614508e-17 1.66022146659073e-07 0.930265475887664 0.786910593733823
IL15RA 0.00769486369422746 -0.0233052343148588 -0.0060693664520632 -0.0175412850857068 2.55273502796731e-06 0.566417317623623 0.874739632924816 0.57857080320604
ITGA8 0.00727657128004093 0.010464969245642 0.0209170307380319 0.0214729066973172 8.58644089131926e-06 0.745748348477415 0.591737269706049 0.465091100695807
GRIN2A 0.00617560986480823 0.0265591271966961 -0.0631544865105669 0.0860568655295956 2.41520160618245e-05 0.616470036283545 0.105433331448243 0.00242859003305175
NTRK2 0.0113899342132341 0.0503419451057711 -0.00836682432243186 -0.0246216934212073 6.50884265316201e-08 0.153783817319927 0.826284108055917 0.415184368901014
EPHB4 0.0421685322595437 0.123139085790479 0.0257932525302845 0.00508332810431672 3.83743079539054e-19 0.000764069316336399 0.446148636222315 0.840481954388185
CAV1 0.0166154735931124 -0.0143359462127834 -0.021098309937976 0.0349146934529645 6.20074833342822e-11 0.697089448747872 0.543741760730032 0.187845562174358
CD68 0.0289116090813151 0.0442437393439504 0.180594407403195 0.094662037230613 2.85488171531889e-11 0.173809654871456 8.61721673891804e-08 0.000106823264949619
LDLR 0.0210253061882363 0.0631742674131684 0.0425739067143839 0.0162362009047455 2.8972937686574e-12 0.0533893237037573 0.234418841795074 0.557308174053336
LTK 0.00775916676153914 -0.0445431778451492 -0.0122912237394924 -0.0159148487631598 1.4092735783674e-06 0.395810700971709 0.756698566602007 0.617387133907882
TNFRSF10C 0.00649100577913353 0.00504139759892097 0.0162126640710269 -0.0219189506860815 1.26342021089644e-05 0.923738739508883 0.645828572407799 0.513074773127741
EPHB6 0.00543906089640049 0.0871068971776972 0.057468103654014 0.0767346474315199 0.000274849627248186 0.0865138756141036 0.106377726344983 0.0110765699297235
PTPRU 0.0928909238355897 0.183611397627494 0.0512095312991733 0.0189897278773333 4.76333924450925e-26 1.65961669769106e-08 0.122744909939334 0.411400791760776
GRIN2B 0.00470391229497903 -0.00657166064007767 0.0355598013039268 -0.0209673722944068 0.000352439589648902 0.779900647984902 0.358356530359094 0.514053574703706
ADCY1 0.014693469488509 -0.046224955688991 0.0231219439822997 -0.0105541929923819 1.43718688172343e-10 0.213184844966231 0.551418370637029 0.717990879266943
CRLF1 0.0475685361487092 0.025719035314827 0.00114668813654359 -0.016906236708469 6.66502504113517e-24 0.496731016156301 0.973584330468045 0.498299852281439
LY75 0.00989585738735153 0.0143925879708575 0.00391904419313031 0.00207725559234603 1.07237938861305e-07 0.73925728043006 0.923161526800625 0.940194444226677
GABBR2 0.025332576998075 0.0365374227222338 0.0975780064084158 0.139485194559432 5.21279286428564e-11 0.364652458860686 0.0103629765739057 4.1155601121891e-08
CCKBR 0.0154847407291586 0.0182406136415073 0.0397312024374044 0.0121516811066936 7.55886332444184e-10 0.603519722428527 0.299444940517802 0.659320502120369
CD69 0.0054476678451756 0.00340992757318841 0.00729629255725215 -0.0166594237247634 0.000112654780135241 0.939675686126677 0.856285035702138 0.615600393568492
PLXNA4 0.0612380288293382 0.0868449094558749 0.0171008371469544 -0.0321935854115772 2.14834737069642e-27 0.0102782361525083 0.628845230920769 0.199489130287981
SDC3 0.0377611301312411 0.0230143603883117 0.0106092627970578 0.00545563785939189 2.73945393569014e-20 0.535268903034368 0.737832718321963 0.830391090613459
ITGA9 0.0323113773320902 0.0472036022916534 -0.0247888767520307 0.0184339070875582 1.30512760082231e-17 0.248012609173698 0.50841915474369 0.487540397803163
IL17RA 0.0466684839227631 0.0916490809305898 0.064970103377607 0.0159881955146566 4.61159649705689e-20 0.00452838153343381 0.0641647436415912 0.521313175469966
TNFRSF10D 0.00994384382561106 -0.0177304801683701 -0.0266217858041253 -0.00808482148071305 5.07947334346143e-08 0.666489554305489 0.486814838672792 0.802604084199075
GRM7 0.00518066890967204 -0.0227873305969762 0.0380135204641054 -0.0201117787692822 0.000117842876765355 0.571501074225656 0.385992513952017 0.53681886913825
NTRK3 0.0223411376986645 0.0217626418864573 0.0620436342354934 -0.0126653916927364 4.59510043146139e-13 0.591375943462843 0.0872342784771705 0.62712540430001
GRM8 0.004685826398331 -0.00916091122370227 -0.0203043278776134 -0.00841042217303638 0.000288824243535794 0.78021542190803 0.644751070675311 0.812899639476746
CD72 0.0064717299388224 0.046872809816717 0.0574158176778513 0.011249557761027 5.53001448180742e-05 0.176082113077924 0.0912539045293466 0.723716977232532
GAS1 0.0105605645964787 -0.00350846175600036 0.0255408759987197 -0.00992705459548369 3.81948654507332e-08 0.924852976078087 0.473058224803788 0.739032093482066
LGR4 0.0286599118745485 0.0397257686478567 -0.0126553608162005 -0.0301761831538469 6.67756904533973e-17 0.298139443210389 0.701092906184663 0.22711256700716
IL17RC 0.0106867569834046 -0.0159523670635392 0.14534042334753 0.0027308836407947 3.54372623250681e-07 0.650494804150345 4.13687626039242e-05 0.927605388441139
CCR1 0.0203468767369909 0.0462748580525204 -0.00477918161351135 0.059777390154062 5.71410117075743e-12 0.199322369757139 0.890498513686125 0.0214384651134091
TNFRSF11A 0.0104480233806243 -0.00170713367620372 -0.0376908060143689 0.0138449012393673 4.87754003187443e-08 0.969792916060936 0.348283776618035 0.631656954505828
ERBB2 0.0482432926215961 0.123887181986532 0.087164600675425 -0.0269696841258442 4.04439379322647e-20 0.000477113302514093 0.00601613332298764 0.248152419008762
LY96 0.0203658660682127 0.00364321368553259 -0.028404916698686 0.0443048412609103 2.33857117413958e-12 0.923357546680508 0.397498971502883 0.108221280561313
PLXNB1 0.0458470276329962 0.103792724130759 0.0252371443281291 -0.0405691324684144 1.56795729403193e-22 0.00147625263112814 0.461698288714021 0.10899694722412
CSF1R 0.0182834762535218 0.0135461090869264 0.0831647855304002 0.0308086358006588 3.85117816887273e-10 0.722828901434926 0.0179986332568877 0.252118490880882
ADIPOR1 0.0787814090291337 0.0604663135888633 0.00791283025211067 0.0409460479423207 1.66772610028753e-29 0.0744310496857781 0.815130911087518 0.0840812809162165
CCR2 0.00729118700748916 -0.0161652505445565 0.0329002872982773 0.0392777873635428 1.25249588291793e-05 0.597862544537067 0.334146449738045 0.150160459839238
GFRA1 0.00284981448639655 0.0565250248737872 -0.0121016928783713 -0.00479035563096167 0.00506428146212965 0.241550320185782 0.769095174483969 0.863873648392416
ITGAE 0.0445248549360077 0.0461844070887419 0.0158003195438729 0.0124610907226457 7.95375408384544e-22 0.186968349928063 0.652698273863483 0.59934087910619
PVR 0.0724429568014603 0.0943357833952715 0.0242218109135518 0.0122363027851249 2.5744672500884e-27 0.00886520527495555 0.46652592189685 0.604256181942718
HAVCR2 0.0220161912664832 0.0179388329405756 -0.000543560566778107 0.0199635212038999 2.68643618975129e-13 0.628322209416903 0.98792800433835 0.459955266000814
LYVE1 0.00301090342644614 -0.0200965237859997 -0.0128756163497719 -0.00909481103991641 0.00251760469340226 0.708658005859479 0.757076799159912 0.830190541714505
SDC4 0.0638888003240862 0.0720121413232319 0.0118166650831282 0.114194920282649 1.84290790587906e-23 0.0225710204562987 0.728184548418866 8.68793578665367e-07
HCAR1 0.00345587796780449 -0.0187213684828447 -0.0163143380664283 -0.0079841090812101 0.00081523226182036 0.686246678615285 0.699910549816274 0.818540730011415
GPR1 0.00298224661270905 -0.0213120768369579 -0.0127670108982266 -0.00619092240282123 0.00256337115976809 0.684455718498451 0.747502650737668 0.850313492731319
IL17RD 0.0124074483065804 0.026542917194289 0.039425999545437 -0.014647160334672 4.57187940092451e-09 0.473832418297813 0.313368111924642 0.618981451240051
LGR6 0.0299521333123123 0.108939965169513 0.0259141101544596 0.0345554165989525 2.67910353203472e-14 0.00283256983014452 0.481387202406341 0.176841729386835
OGFR 0.0878958017515106 0.212742325636037 0.0218345640234019 0.0765600946181852 4.18973823883553e-23 5.5769403721042e-12 0.506460520823395 0.000622380595515305
ERBB3 0.0330811504999797 0.104409487749957 -0.0164617106595412 0.0422600282615692 5.17910610933597e-16 0.0070063678485037 0.665373724288512 0.0804332037617507
ITGAL 0.0120009897434954 -0.0389712126638063 -0.0234900427906777 -0.00405033064602936 3.06264249825288e-09 0.308188157641808 0.55919426364124 0.893786182255023
IL18R1 0.00507000205544659 0.0128104567921817 -0.0161232813764058 -0.010884852868933 7.98797839809197e-05 0.67339848125085 0.638193815274426 0.732526790911617
RAMP1 0.00657214504139846 -0.00538700919362133 0.0227015600348001 0.0381465653864692 1.8834376301761e-05 0.907913907702478 0.566101492804035 0.235063812123009
CCR5 0.0169482760073246 0.0426514601444338 0.105298983580294 -0.0238606565662891 1.78365470737983e-09 0.331653799037753 0.00327409080494869 0.398031522290635
CSF2RA 0.0219161273557025 0.0313287061044451 -0.0240966968511376 -0.0106762962664099 5.5336419201365e-14 0.384438239987034 0.490286135107385 0.685041684467206
LHCGR 0.00391462405790669 -0.0187715500198163 0.00262080188380108 -0.0107051931676095 0.000581462842643347 0.659880376944861 0.946141445623034 0.741670278679758
TNFRSF12A 0.0692350046924749 0.0942158489499075 0.023675289585365 0.0843573666395801 3.9091265052002e-24 0.00358689957256385 0.480272414770632 0.000299608105580015
SELL 0.00786449544748717 -0.012981448817621 -0.0123245578584538 0.0610587332404191 5.19336183600322e-06 0.706055216144231 0.741197134515446 0.040665823618621
PLXNB2 0.0863251115388464 0.154738249520844 0.0966809414302198 0.0321069946757897 7.74888931814496e-24 5.73077765956071e-07 0.0041938338585624 0.149285876204476
ERBB4 0.00617473649097717 -0.0213758977142543 -0.0259203451844997 -0.00773328011826724 1.7777929490432e-05 0.600823719850637 0.50168784632033 0.775208197460589
LIFR 0.00488526032843071 -0.00773037420970256 0.0676545891816721 -0.0312309818718875 0.000108120043534595 0.837404068974067 0.128481073169143 0.351273798711911
ADIPOR2 0.0783095546685447 0.0934316219343938 0.0813864596721564 0.0221335802120439 2.51360920470651e-26 0.0043633603737481 0.0135151613515935 0.331066466349044
RAMP2 0.0021751754494046 -0.00528392161902823 0.132559460685785 0.173026898958883 0.0348344288000841 0.897763477809508 0.000751345745327647 2.86011383113363e-08
IL1RAP 0.00939689550233296 -0.00818107201295395 -0.036466631537421 0.139588304923277 7.21137218437349e-07 0.828328542467399 0.327954676379588 2.52499933105254e-07
CCRL2 0.00355758276904782 -0.0081355268116205 -0.0131694388628283 -0.00570473134915337 0.00149533800632548 0.811450774667565 0.745038846676463 0.859973350641654
ITGAM 0.0247963027674969 -0.00348400560835426 0.0195776717318983 0.0214306344838375 1.19649725611684e-14 0.919070019024991 0.584813619374867 0.419193247360349
CSF2RB 0.0105727398266209 -0.0534897432926359 0.0585900086379154 -0.0165752454497254 6.5154962671435e-08 0.265272908750315 0.128224473240807 0.546653843374842
TNFRSF13B 0.0060478788126195 -0.0139099981730984 0.0980107481357114 0.141548282995462 0.000378984115072795 0.69292113362489 0.00856532816565493 1.6826320165571e-08
HFE 0.0238527150528608 -0.0393943454098024 -0.0399050021694868 -0.0259449392823334 1.36833289838314e-16 0.281776494164133 0.252532896710035 0.333275751603293
GPR12 0.0329483688686244 0.0114528041947759 0.000409390424049428 0.00143703905133499 8.69322561560807e-19 0.778352936680008 0.990900866061987 0.95495521877969
IL1RAPL1 0.00551947641986114 -0.00954830984355833 -0.0258833508586496 -0.00946439861442141 5.73232160979766e-05 0.736593491028979 0.545644605276185 0.759916251029198
LILRB2 0.00730157808732846 -0.0397722226138521 0.0183374767884158 -0.0185934337777827 5.90245430521869e-06 0.409604667818251 0.653027327629207 0.536878877740454
CD74 0.113244005243206 0.278862952218505 0.256003674716469 0.123639371012827 6.30017399247915e-11 3.510847564727e-25 9.50317089702459e-20 2.07682758615854e-09
ESR1 0.00875053800424753 -0.00791945262891454 0.0232102944333824 -0.0193753157867438 1.70385821034846e-06 0.844355125927109 0.527631016248526 0.456235127733618
OPN3 0.0491317669385 0.0647326838319528 0.0444968700039766 0.0340666199322454 1.99093666080532e-21 0.0470541484674573 0.181120501267508 0.164972645164249
RAMP3 0.0147159242145791 0.0559216302877327 0.0381165062252929 0.0481740428326631 5.11823212804467e-09 0.0603319671236079 0.239650142561676 0.0571585025055027
PLXNC1 0.0243465890073239 0.0751553800687401 0.0808850039865835 0.138474649278927 1.71620871049839e-10 0.0520318257716105 0.0164672857150242 3.88922768591982e-08
CD80 0.0083622198666597 -0.0108784501409362 -0.0204187988041872 0.0846541768295106 3.24605070169616e-06 0.773239831104494 0.572778114832181 0.0047525809989158
LILRB3 0.00441243860422045 -0.0272568198727812 -0.0239581848827413 0.0131405619423717 0.000283122187226651 0.579491709107894 0.524274556762624 0.680715994959048
GPR135 0.00653391288587233 -0.0404274236035546 -0.0230939002587392 -0.0107475250567966 9.33184613001784e-06 0.449325144913422 0.563740869673072 0.748104047288615
ADORA1 0.0335698572847257 0.128016970034288 0.00321938349252567 0.0898151379310969 1.02296119783065e-14 0.00101305792350458 0.926162815397079 0.000250054067344663
IL1RAPL2 0.00565801034183823 0.00459825471428926 0.0259267599680498 -0.0200971201647522 8.47686410443541e-05 0.921032281609478 0.521595168167443 0.527980361163342
SIGIRR 0.082147115283393 0.106117298582845 0.0457125090578366 0.0230944723939833 3.96933283848e-27 0.00134299487701839 0.173873005747719 0.320302605052004
GPR146 0.00300848098119019 0.0508443374791887 -0.0126310967673917 -0.00551331491472981 0.00422790752155959 0.181354992605815 0.773569458099736 0.863594381330033
OPRK1 0.0116456305200724 0.0153906916995735 -0.04129882502375 -0.0192694992354864 3.18821895893064e-09 0.712088567369963 0.286997109567468 0.481706900516496
CSPG4 0.0533051230148005 0.0912331415950476 0.0691040245928051 0.0440018317511181 1.91569332837054e-20 0.0196541035993334 0.0435778266254311 0.0629808722624022
TNFRSF14 0.04064482026353 0.00525375813964686 0.0579196993667625 0.0290033090084208 5.97008613400101e-20 0.867706148079801 0.0902679178819791 0.241585252939426
MAGED1 0.163414621137952 0.381491102198076 0.100926317523881 0.130565987515768 1.50531954815034e-14 1.61493109293885e-51 0.000895491166149663 1.92730099280365e-10
ITGAV 0.0689701731172213 0.13958712412665 0.0363458191069769 -0.0144649302464413 9.01103399568353e-26 2.12002568730216e-05 0.279220520849509 0.553350926043252
F2R 0.0119501554514445 0.0160727676589601 0.00033225467387254 0.138561379864056 1.36472009598974e-07 0.601095770244488 0.992822353334303 1.10845480645523e-06
LILRB4 0.0190244897956373 -0.00737580580065942 0.00219516541471391 0.0258971886159356 5.21054291575459e-12 0.839885806196533 0.951995846602349 0.303149769376252
RELT 0.0120964841192193 0.0570222546371137 0.129645873247351 0.00858973567938942 1.67272195356522e-07 0.149754145457099 0.000266763497449834 0.74831182389002
HMMR 0.146158618727494 0.331581399592762 -0.0581033209667651 0.0983544999889406 3.94628894906866e-26 1.17796841713073e-31 0.0825904157218074 3.1891537915199e-06
CD151 0.172513483378621 0.367515387235692 0.136305249404873 0.0850405269220502 1.1869226514799e-15 1.10291328733813e-45 9.60458544443086e-06 4.01720042586222e-05
OPRL1 0.0140856561860889 0.193353495489814 -0.0393260797301013 0.0147026641912948 1.35625714243182e-08 3.58954737705143e-08 0.277455137470428 0.577967804713621
ITGAX 0.0101249587411412 -0.0410289534448953 -0.029981133501688 -0.0170174979063265 3.39824348472356e-08 0.320377788576962 0.448844081530628 0.573611731999103
SIRPA 0.0221000390341425 0.0570037149343956 0.00457671505780317 0.0224741638932589 4.24050267362527e-13 0.128972000101844 0.901348171641829 0.383403720945168
PLXND1 0.068680704188416 0.081294142639319 0.0599381616359819 -0.00460527559693217 3.88367982777361e-27 0.0162221893293274 0.0634691485144801 0.842664588965221
RET 0.00508863404954943 -0.00696717789856615 -0.0200645515477505 -0.00974494177784394 5.91117887408844e-05 0.860359493628648 0.600651288445101 0.764338193492629
IL1RL2 0.0188198508631406 0.043528997255465 0.012341870297894 -0.0134370678993035 5.81764346777094e-12 0.288729739751813 0.732986936219674 0.630243007764049
CXCR4 0.0206648970070516 0.0498681929044372 0.0607537907082991 0.00184913917788335 3.8674223969646e-12 0.1683465155971 0.0666034405178053 0.946386349490815
F2RL1 0.00657811178047641 -0.0281314536412584 -0.022695448844615 -0.014065341747557 6.03452722012575e-06 0.495927883068604 0.60026779061838 0.64490046961658
OR2B6 0.0042375602454706 0.000416495633636502 -0.0160489352482737 -0.000914842497221094 0.000391427209313302 0.992320060326792 0.651343603050874 0.978271728025858
GPR153 0.0288957875182289 0.0192515578566889 0.038346956377339 0.0328071507779146 2.95973052288469e-16 0.564712232838595 0.268578803212881 0.214722747725718
TNFRSF1B 0.0178149851352966 0.0486922584807921 0.0891442383624337 0.003357834576725 9.54310088798682e-10 0.174587794581239 0.0126966749992488 0.89101426492052
ADORA3 0.0182746777297524 -0.0101177951704902 0.0901017373924904 0.196495101057982 9.23283763262748e-09 0.736657790042758 0.00890115251313923 1.95474662855344e-15
LINGO1 0.0116874760499002 0.00695787498318447 0.0012618389631635 0.0281878831611376 1.57272997362184e-08 0.863298501905079 0.972105647943298 0.311176420880117
GPR156 0.00588368495306415 0.173927476861234 0.0167794650295945 -0.0213129865865491 8.93819078197022e-05 0.00019546287690001 0.672223481545915 0.46969828441618
CD2 0.0152148297062997 0.0475597325003697 0.178848958683287 0.0397730925080849 1.56318276157656e-07 0.156205515905185 1.13828700244802e-07 0.132757160920263
CYSLTR1 0.00624343770771979 -0.0290762817018963 -0.00947118941651686 -0.0113524991378664 1.93729193425722e-05 0.548757261775556 0.79158165981508 0.719502239283169
RGR 0.00750033965146299 -0.0375021688670069 0.0207384668629132 -0.00438600695902664 3.56969191773671e-06 0.379792458581512 0.615903053692468 0.888409312817975
PROCR 0.0137522907664965 -0.0024241884199317 -0.0685861614723816 0.131398671768355 6.01927956643066e-09 0.943682095063082 0.0534328571929206 3.37470050044976e-06
HRH1 0.0235310953336254 -0.00625369809654706 -0.0296528602544505 -0.028864862710519 2.7317516012709e-15 0.858308933603637 0.40898614077333 0.277159021938172
ADRA1B 0.00343575485943534 0.000957109762593503 -0.0126918296024862 -0.00639027261327302 0.00167430491377256 0.966249841769852 0.741676449355746 0.834915569113805
IL20RB 0.00951757209672865 0.00648261654705819 -0.0537122427343821 0.103400397287103 3.41154732506481e-07 0.849796003789583 0.159549894090314 0.000167739493361822
OSMR 0.0208792383093993 0.0100604340288081 -0.0446881407928096 -0.0129423370304546 3.08014716422838e-14 0.743825695388987 0.208142930951257 0.638988533345843
F2RL3 0.00796859787157882 -0.0279595669297507 0.0251164762089395 -0.0232632464164347 1.90448188015412e-06 0.451235673884292 0.522152210574809 0.447018081049352
GPR158 0.00464819814935893 -0.026920223433593 -0.0188192240517682 -0.00915522238070385 0.000150360684992829 0.564770037634769 0.635842052273517 0.765179212339933
CD226 0.0062054246941701 -0.0210008535488952 -0.0386304009061122 0.044869494678978 2.09133315404399e-05 0.600810058741278 0.330253578161715 0.0952971869774147
MARCO 0.0783776380097903 0.0450783690292408 0.0222014122045204 0.0934642049230116 2.40009069889073e-27 0.14905442036893 0.493532473726046 7.51728944535409e-05
SMO 0.0454776006911844 -0.00350562133963153 0.0161629195866496 0.0126230584406232 2.26971282915032e-23 0.916546061201885 0.628916132795598 0.618580316377833
HTR1E 0.00490391592920616 -0.00953773130923623 0.0293024034394525 0.00656384380503248 0.000161892428326105 0.784778860967854 0.417529264970777 0.849504447975159
ADRA2B 0.00416353059461912 -0.0285743484840009 -0.0149356886844298 -0.0102148578178032 0.000428794426236054 0.58778739855828 0.68105680379214 0.79577187056562
OXGR1 0.0108780856464636 -0.0237669292219947 -0.0115382899800738 -0.0173232668568738 1.4672047612037e-08 0.573994170089272 0.753657235346836 0.544607924466218
TNFRSF21 0.0387650147971783 0.141655201874268 0.0669998098940408 -0.0261102473852184 1.09634972422423e-17 2.80359915986029e-05 0.0488830667535744 0.30340861727762
IL21R 0.00429723260994607 -0.0117200167519269 -0.0158753030668957 -0.00662382058445372 0.000487444816467321 0.740366460287819 0.698263792266222 0.831381632476815
PTAFR 0.018252297269868 0.0530116818121137 -0.00167137558094257 -0.00840375072208059 2.8960440357364e-11 0.235582618141075 0.96331123704746 0.759709135319735
HTR2B 0.0031368474056692 -0.00727623378782561 0.111104812843527 -0.0391112021588035 0.00451545452325016 0.772790955147515 0.0051427370593029 0.279172033798425
CD81 0.213899929544527 0.465408106381368 0.097587360682419 0.0610038309417825 2.24250773162008e-16 1.41706786909506e-81 0.00108828815353022 0.0028632687613407
RHBDL2 0.022841714865452 0.132800534735676 0.0160401642202663 0.00207068249825659 2.44046313838531e-12 8.99921173800757e-05 0.653374505680555 0.94120499745436
FCGR1A 0.00433710392680849 -0.0194142939669363 0.0245077293508785 -0.0155118740610459 0.000411185067107858 0.626814201299871 0.52197050323098 0.606283186502174
LMBR1L 0.0315743287594749 0.0190144678972843 -0.0838206628423017 0.0238505204245711 2.22783114532877e-19 0.583462396085695 0.0228223470528944 0.376468118470395
CD247 0.00862772636234744 0.00215294615620005 0.194528121113488 -0.0155560175997124 1.52029588572489e-05 0.939027230425408 2.64325302449734e-08 0.567287911598006
ITGB1 0.179316068994969 0.150053635414009 0.0515034920032088 -0.00544401286741717 4.19306735903824e-41 2.64503394840414e-07 0.100385382599414 0.804383071332392
ADRB1 0.0149743357586495 0.0254538365231563 -0.0242271599596466 0.0108945738471364 1.89941621922423e-10 0.541655868998541 0.517775503682651 0.697408536138065
DCBLD2 0.0678184698984863 0.114871865225026 0.0244246075052434 0.0684707124294727 1.6408570093179e-23 0.00106234964205137 0.478868612661298 0.00290556872656733
SORCS2 0.0119168973665019 0.00357736085412177 -0.0204981766113418 -0.023659105926507 6.30713219085999e-09 0.901549874180422 0.600729374220389 0.42516893926098
GPR161 0.0310089945239183 0.0990358926718597 0.048142283208786 0.0611739611723836 2.45861863633637e-14 0.0122421371682951 0.152429195582092 0.0116787996845616
OXTR 0.0104964902718927 -0.032826591805761 0.0359633569010388 -0.000126449904634334 6.88630446270113e-08 0.399430560133985 0.309273370270012 0.996539421456194
MC1R 0.0165905825862818 -0.0377213510080318 -0.0346923620531243 -0.0132875198897219 4.37751527377851e-12 0.344971677157549 0.366928518733973 0.640982870606563
HTR2C 0.00365197393787185 -0.0266182462925248 -0.0170524385448829 -0.00766987173554495 0.000794602565367198 0.638687142679924 0.682712544508267 0.812374201509296
PTCH1 0.0110319384101235 0.0209304376377474 0.0578970189229303 0.0072597013996948 9.215221268639e-08 0.612328103543278 0.130972175770044 0.795294488542079
GPR162 0.00559295882313172 0.00683705544305713 0.00359676205651021 0.00712872118531995 5.50765102516956e-05 0.825526686399215 0.931232734839124 0.820477850264917
CD248 0.00947366366238641 0.0909771677169317 -0.0420212465051314 0.0981424675965227 1.837395935374e-06 0.0426731867009606 0.245725348312972 0.000225237388369249
TNFRSF4 0.0109539046401501 0.0659590520550631 -0.0449037092397746 -0.00869496610120907 3.45544845791093e-08 0.115963834459501 0.252286944527056 0.760690791319223
LPAR1 0.0208868670213789 0.00816280270536315 0.00598856363752439 -0.0037380649634479 1.45603605762264e-13 0.802431498480433 0.864531910451791 0.884454662112186
DCC 0.010257016962609 0.0460491491481779 0.00342100778196761 -0.0247961974555488 1.09202906204167e-07 0.235637992681004 0.927658459109311 0.375837501053066
ROBO1 0.0248665343453006 0.042131055110114 0.0385053998519697 0.0233705075383005 9.73584785198564e-14 0.220034412137734 0.26808851425066 0.366770568937958
FCGR2B 0.00965283685109552 -0.0250925970875561 0.00656170084613088 0.0193668209831334 2.96338903416924e-07 0.495528683330485 0.855980981402109 0.477443447385073
CD27 0.0045383390730593 -0.0197030522917039 -0.0193535594002938 -0.00794978405548465 0.00026270797154358 0.631109411280284 0.635137854367424 0.815055471785263
ALK 0.0114934690939896 -0.00928235166040271 0.0120432386613621 -0.0273032515407064 6.29210406271464e-09 0.843432152009366 0.747409934550021 0.343001060684094
PTGER3 0.00489100328265587 -0.0165740870081318 -0.0186275871663359 -0.00948777394271554 0.000140730033521641 0.648849683128691 0.619274366782557 0.779339419554038
P2RX7 0.010116649889157 -0.0109278705681874 -0.00269078435215581 0.0120745559550622 1.5027333407131e-07 0.793422701932706 0.943593616697199 0.683216135353362
IL27RA 0.0547638472547533 0.21227585993959 -0.000612640344991588 -0.000532000309191387 3.92261689239521e-21 1.83048443062304e-09 0.986013165534273 0.982466168850333
TNFRSF8 0.00272291188761834 -0.00628846631593228 0.0673180166183617 -0.0184807906851296 0.00549506705715731 0.82033473506576 0.083495111868594 0.570976409666948
ROBO2 0.00914380821953943 -0.0132488633628717 -0.0287402643424153 -0.00109362810061879 2.30738663230764e-07 0.694827309239338 0.423955617146524 0.970970027580885
ITGB2 0.0612058062515788 0.0937280327178938 0.0528100388629596 0.123209929038778 2.69476011718057e-20 0.00430164245473699 0.094401672486071 1.86202226801426e-07
GPR173 0.0218044904355633 -0.00530783723708564 0.00974644554159637 -0.00419889204833041 1.77077771990636e-13 0.906248975372832 0.779273857756539 0.874285627083769
ICAM3 0.0209647628047119 -0.00359161779353687 -0.0158068389363534 -0.00900373510264733 2.41581708499066e-14 0.929428098599494 0.645179788171279 0.726966229581857
IL2RG 0.00393644200121812 0.0123258382794782 0.24208343802361 0.0171496387191338 0.00419679498809971 0.757056001044595 1.56841934910668e-12 0.483796447391238
CD274 0.00481538768134733 -0.0272529200149382 -0.000936905451683939 -0.0108724593603819 0.000185005599131441 0.582292785208347 0.976682704781319 0.721718943302809
PTGER4 0.00831602962118485 -0.0398059854406519 0.0327184329769464 -0.0229402209085248 1.29900776255004e-06 0.382405958503599 0.387228697629007 0.415669396572035
LPAR2 0.0276756113577816 0.0612106947664957 -0.0216795911945082 -0.0100066368689664 2.42061809010994e-16 0.110190342721905 0.541316632542679 0.697738348661708
CD300LF 0.00407944972638073 -0.0138449917764366 -0.00915467397835765 0.00126227102332151 0.000344056930164244 0.748646140445281 0.811665127658218 0.971667200219196
P2RY11 0.0156739427355273 0.0738654261349908 -0.012288879227956 0.0227577404146804 5.34716832877389e-10 0.0912911468311683 0.726570520958019 0.418741157892318
SORT1 0.0831842760949385 0.158919777080397 0.0840219864038717 0.0751488395744507 7.72241971313226e-22 1.89132042194142e-07 0.00997585165641437 0.000865513279199886
CD9 0.214230640618724 0.412043105375967 0.0992854117537676 0.0714058530638818 8.03253930520712e-18 6.53834839059858e-58 0.0010697551543955 0.00059876955520146
ROBO3 0.0138763720411674 -0.0241941019062761 0.0176411728771125 -0.0129687180036311 9.25914473923642e-10 0.567586030424776 0.62300959053605 0.637195476825599
DDR2 0.0282199079510271 -0.0203319358701653 0.0718022472649445 -0.0304720421624152 3.07455186339905e-16 0.574697625688686 0.0458470887948752 0.237715232771648
P2RY14 0.00320646259663522 -0.00427998562374311 -0.0146186051838608 -0.00467795942651474 0.00281920379201912 0.847357860611379 0.736417487354736 0.866582408183857
MCAM 0.049926666601211 0.0663201562667073 0.0688914181704063 0.0177924646622736 2.15813326764385e-21 0.0409365734398016 0.0321996390449576 0.451926999909303
SPN 0.00801584900863286 0.0143859416591107 -0.0259645059982454 0.0155788733247963 1.52182036021202e-06 0.714881034389834 0.484187739860157 0.597600574939604
ANTXR1 0.0338980337476036 0.0825755533621733 0.137617944633959 0.0501587447283119 4.02006178851024e-14 0.00951492495358813 5.8574855822281e-05 0.0478461825615059
ROBO4 0.00430127155071035 -0.0204060402063685 -0.0163145623110241 -0.00835423386829871 0.000267170460256466 0.642918639107517 0.675151829311136 0.790091512831317
CD33 0.00330542952432471 -0.0100639229292291 -0.0104853042909808 -0.00674598273940268 0.00266046217252606 0.772865213406841 0.774941254052501 0.84905010791537
GPR176 0.011580828556057 0.0463496350337596 -0.0245177486272072 -0.0119081185561721 2.03618591447062e-08 0.220464345731202 0.49896713420942 0.691166825168577
P2RY2 0.00287132743486982 -0.0139101757253097 -0.0102228971759808 -0.0038248312025147 0.00246128378612811 0.749711418255998 0.777191576932228 0.895505113840048
FCGRT 0.0730944469743348 0.11883711703536 0.0459669532204564 0.0287212282887023 8.31705389757942e-25 0.000765133896086891 0.144281367368691 0.217051336435125
PTGFR 0.0107915385841916 -0.0233684199973002 0.0630848344287268 0.0253075882545526 8.29439887974477e-08 0.613030039882991 0.095245863413453 0.344447877723844
ITGB4 0.0206101136420258 0.0330964462771918 -0.0725689763315113 0.0895512434123848 1.19624240005134e-12 0.478002742384963 0.041093365683303 0.00110717186604552
LPAR3 0.00625541536300244 -0.01663408887882 -0.000674933806583467 0.0904437402734217 3.92363009361214e-05 0.594227646538616 0.986285823076777 0.00545032848504352
DRD4 0.00368085158895725 -0.0250845324893545 -0.0163446901689317 -0.00866634062710497 0.000456880270664369 0.616165167118031 0.692262968520684 0.805496631164764
TRAF2 0.073725297955695 0.0495183429820186 -0.0204866926375151 0.045692278596648 6.17868480561479e-29 0.164408293587805 0.554293733217995 0.0579285392568786
IL3RA 0.0139992250160832 0.0474962139598091 -0.00982507005780955 -0.00548007521386537 1.09906169301623e-09 0.136717021788714 0.790610061987614 0.840577689686347
CD93 0.0209187306254862 0.00564720051365428 0.0944633610690283 -7.47949070225171e-05 4.4489234961961e-12 0.863308349878569 0.00610933616775176 0.997725712285189
ROR1 0.0123784610251015 -0.0430832901029082 -0.0324152789619795 0.0956717956201926 1.2584954172427e-08 0.264280101083581 0.408989007067301 0.000602433292866233
GPR183 0.00670205291516727 -0.0149829598365789 0.00739364453354194 -0.0172525404808942 1.13660591125838e-05 0.697054608108683 0.851793526496871 0.587800035564507
P2RY6 0.00856892546088261 0.0435929910227552 -0.0102408302171834 -0.0141493333388474 1.19105802751097e-06 0.368996519928886 0.79713406948455 0.588032345299808
MERTK 0.0134335413087677 0.0127964735871418 0.00799443890710526 -0.0186778826360652 1.02664759477734e-09 0.706565658948694 0.829030453385955 0.500042386050847
PTGIR 0.00786724047281716 0.00688299770900632 0.000191718785762226 -0.0183888441344267 3.15400598294403e-06 0.814135800546746 0.996224147607679 0.551636267880191
APCDD1 0.0370050173895286 0.000946742938064161 -0.0677750845454901 -0.0103776132428853 7.99806495144741e-22 0.978173485009243 0.0606976080951454 0.686724532687636
FGFR1 0.0125718191229131 0.00548507029461484 0.0262409342140475 0.00520761351802888 8.73485619607042e-09 0.897115207144152 0.485235943009618 0.860658867490345
CD36 0.0198216583379242 0.0199908838222948 -0.010174970919835 -0.0205075687748217 1.17361839322386e-12 0.560781170605614 0.7921704092262 0.428767280142352
ROR2 0.0117926847120988 0.0569323138483957 -0.00607646358352224 -0.0218705231235344 2.67483383731485e-08 0.0879210994960118 0.877814993944176 0.423193500500334
LPAR5 0.0147539674648225 0.0124279766866732 0.103513422717113 -0.0104067216794076 2.04237168178014e-09 0.778338251050081 0.00714672523804121 0.680387234284286
CD96 0.0103233847685688 0.0302412031701986 0.0255411625657116 -0.0240830843988993 2.07029275527738e-07 0.437676229364143 0.469624011443072 0.411826094836636
DYSF 0.0205471845643954 -0.0350126875849813 0.0777714540371053 -0.0320807587917224 6.88096234887477e-13 0.378074302691246 0.027372325257869 0.203829146393042
PTH2R 0.00423582784114383 -0.0229611898864687 0.0547096299803807 -0.0216604251616599 0.000354318146278679 0.62907026723149 0.199026158583845 0.458832897851181
GPR19 0.0222301155282159 0.0431907623250323 -0.0240497468646147 0.0288665847137889 1.44057011477091e-13 0.204435597678275 0.490154766221362 0.253369051296182
IFNAR1 0.0855684174899152 0.12989528122486 -0.00104251690070766 0.0810618383188384 6.78651640229274e-27 5.61520993046323e-05 0.973868694059968 0.000297173285523678
ITGB5 0.057259155355864 0.050642811307655 0.0384008307215248 0.0106296288705569 1.16457932765983e-25 0.111039878441548 0.26478498899066 0.666262772325114
MET 0.00411691738847196 -0.0274802181890056 0.0649997973668705 0.0658809911747247 0.000747031263968276 0.551317098262713 0.153464634547118 0.0307831193106854
TREM2 0.0400396769927513 0.0755853458405101 0.0591991628037185 0.0238520197439897 2.97360314985662e-18 0.0197933131110731 0.0667231131570315 0.332253150212756
CDH2 0.00471633862355597 -0.0247950542796814 -0.0229726473763943 0.00774682438161553 0.00015210253828832 0.568147127196128 0.549989037396339 0.793203727142456
P2RY8 0.0150090726518713 -0.0137123029321017 0.0519537948532073 0.0483149241396306 1.05837410806596e-08 0.740048330235161 0.136873249401088 0.0824462720659343
ST14 0.106960765637659 0.506140028669384 0.0901254933942536 0.140259780993119 1.48587226448628e-07 1.31291443897895e-90 0.00349042231056229 9.54435786992479e-12
EDNRA 0.0210754266124017 0.0043855779082909 0.0174860247096325 -0.0120580278078547 2.22376823922172e-13 0.901882356886173 0.600158856706129 0.641776259644924
CD38 0.0215362380923708 -0.0107634863426353 0.0848281708404867 0.0144705322139834 1.38796253093611e-12 0.726747708700255 0.0107562763853414 0.579365868080769
IL4R 0.0561363588301822 0.0220782561103154 0.00142851004722844 0.0329632205166783 8.94751193650924e-26 0.550074056782732 0.965727845652049 0.176984630140188
TSPAN15 0.0117921211356865 0.0204305605239511 0.0304215327095758 -0.0221139081320618 2.26974226238039e-08 0.606126622904433 0.429967951092806 0.449032569241273
APLNR 0.0302690678503706 0.092073421014109 0.0274682256852361 0.0945121777640259 3.50705015413674e-14 0.00242574561716031 0.4207482584755 0.000185045181103598
CDH5 0.00610225220406686 0.0444922641763565 -0.00804780933564794 0.02769294367355 7.3227161285232e-05 0.189533592894141 0.831273970811739 0.310296045447483
PAQR5 0.0221661927696174 -0.0339855341276418 0.035100304644541 -0.0143384450061609 3.88348124768234e-14 0.322010194530068 0.342086039941216 0.586800155931424
GPR27 0.0348883712045029 0.08633118948098 0.0186913558588709 0.0552619850922609 6.88937651835594e-17 0.0174769606239974 0.570379667537005 0.0270307037211844
MRC2 0.0283874025171493 0.0241786545612957 0.0506833288561485 0.0576472447563513 1.00455985231032e-14 0.500715832525694 0.132525405223774 0.0279351889024382
LPAR6 0.0405855741484623 0.0316325651333124 0.0502262560363275 -0.0167261002149621 2.36311934406194e-20 0.372335519458038 0.134639601215597 0.496159945559151
RPSA 0.0983528526714524 0.198326202885096 0.00240479616597845 0.0853427297058122 2.06342986494234e-25 2.33829512302513e-10 0.941202358385556 0.000182076706422049
FGFR2 0.039781205519086 0.0751339448040962 0.0194922275209967 0.10324680519228 4.08674323773825e-17 0.0412313674631511 0.585292751081862 4.81786804855541e-05
CDON 0.00564749142647595 0.063483989457546 0.0076253678608191 0.0162879480846711 5.50637002569956e-05 0.151317873858294 0.838529567675981 0.57732030650786
EDNRB 0.00326275672090606 -0.0127395530936513 -0.0267862689520981 0.0427083912541575 0.00222825868222919 0.828253895257768 0.494208824685372 0.165963126780028
ITGB6 0.0483124622329123 0.0597722042674983 0.0783235655812601 0.052250692831315 1.17854727460894e-19 0.106666961628317 0.0162556539650903 0.0293783049099269
RTN4R 0.00437221080556432 -0.0204635375320855 -0.0129197037049184 -0.011001982316994 0.000268152908613131 0.624520277918499 0.689311579931814 0.741405897366763
CD3D 0.0132332602984739 0.0268677160018185 0.0333800074508928 -0.0198092110200144 5.86641227882035e-09 0.446879435944255 0.326725077340289 0.474192072060052
IFNAR2 0.0958706758312121 -0.0254903559741056 -0.0083158656123209 0.0166060459654874 1.5726237971953e-39 0.426552158363106 0.799964735814125 0.458733522287964
GPR34 0.0068589173743873 -0.0298451868707821 0.0361296444261635 0.0335468692508909 2.57091472024509e-05 0.486502643950122 0.312789949913832 0.230427920323388
STAB1 0.0236168000401383 0.0275138268991812 0.0646693748376769 0.0476615517369546 1.79777990007027e-12 0.446388325815335 0.0651356584990968 0.0894313223741653
GPR35 0.00266639656295014 -0.0172293567486363 -0.0166771312017837 -0.00662181140625258 0.00261954184384909 0.719731912386011 0.710275963174614 0.834402915543809
TYRO3 0.0195533656640735 -0.00313934377110261 0.045333503755821 0.0610528592285728 1.46231194532779e-11 0.932423773569925 0.233486455693321 0.0206723748804902
PTPRA 0.10369664006611 0.232886536113748 0.00462540797858423 0.0247613625086301 1.10189904982142e-27 3.8541603394141e-13 0.886469513755097 0.255754497329843
PAQR7 0.0285705799175641 0.013392886903568 0.0247890650527326 -0.0316214846639212 8.37391301430608e-17 0.722339607912321 0.473524130219678 0.217984207097911
IL6ST 0.072724009349984 0.0438050054379068 -0.0181506875920525 0.0204649556275438 3.74240713519485e-31 0.202353302552075 0.590689281577852 0.376467716682445
GPR37 0.00657428255265586 0.207355663146937 0.0174602092112005 -0.0107851290323885 7.96718709181174e-05 1.53368181548504e-06 0.650822210252243 0.739133437336113
FGFR3 0.0143396381968554 0.00200506948937746 0.0729620739259303 0.0344529381837677 4.15851471079689e-09 0.966155348887092 0.0561381414508702 0.22103050523931
MST1R 0.0251618431351695 0.0244201716147124 0.0164503924900126 -0.00135989403266363 2.76699595378313e-15 0.457215227558165 0.659539431302402 0.958599250514513
CELSR1 0.0381872779765397 0.0486476264396402 0.0365599371544451 0.136519740348281 2.74601792827407e-15 0.21431163257866 0.321679038867581 2.24157223191996e-08
CD3G 0.00775411696055238 -0.0138688468315345 -0.0115584221978551 -0.0133934278167243 2.96187855262069e-06 0.625650476257772 0.77565650843618 0.688300937661675
STRA6 0.0138361506010969 -0.0248335896258412 -0.0303069783942758 0.0254706416095447 1.42216076682837e-10 0.577745113179949 0.425697295729783 0.37178999525237
FGFR4 0.00379361285501876 -0.0144038774954249 0.0117402944121882 0.0378895611275005 0.000705284803583548 0.713700274030562 0.753376138671559 0.183175108934262
LRP1 0.0317525559981839 0.0629502685904733 0.0369447957696833 0.0309659026286327 5.5462021701661e-16 0.051729381387401 0.24707746897699 0.22746540896919
IL7R 0.013874940547589 0.0159662667801981 0.0875895668582979 0.0576173384294778 2.29109323590702e-08 0.665881121397686 0.0154609826165352 0.0251669730334767
PDGFRA 0.0116335162082761 0.0133402980664071 0.0695281540053315 -0.0267145691701676 6.61599829517368e-08 0.722185366749458 0.0611623060179614 0.350810331238889
PTPRB 0.0120187819038302 0.0472150648450693 -0.00730858114562539 -0.00292132652791341 5.30773213513156e-08 0.299742598517538 0.850436579358933 0.915859805210979
EGFR 0.0347912788260852 0.029453592906132 0.0324165744775462 -0.0443251298782248 1.04312135546649e-19 0.412915536448713 0.334423212684066 0.0925270953062239
SUCNR1 0.00304314654912887 -0.00888000682243103 -0.00900847640548169 -0.00643870564456058 0.00281062924918836 0.796495939818819 0.798311805266578 0.856118654927269
ITGB7 0.0192489784299893 0.0682835308227029 0.0821735816968064 0.00337359164124774 8.87338049072294e-11 0.0346178844900703 0.024301168866359 0.901334224212375
IFNGR1 0.0628515008745821 0.0703240694038531 0.0541788426979845 0.0146721040708179 9.84685676143984e-26 0.0251668974332179 0.090331958077428 0.549733258485695
RTN4RL1 0.0279110585303376 -0.00532435011145111 -0.0705083149230602 0.0633487806642521 2.51866301442194e-17 0.888281978532097 0.0640145526394213 0.0121888212031085
TACR1 0.00266490913787586 -0.0195408701397333 -0.0111461566917743 -0.00600340516886511 0.00275148766341356 0.713343286645395 0.778209877540486 0.863563158446191
APLP2 0.252183161844846 0.502692134929203 0.0282352151394931 0.0974431281019305 5.48058207645745e-17 1.51951178550584e-100 0.357220875413612 2.08483450792881e-06
RXFP1 0.00319913588176974 -0.0115614468526392 -0.0151930192318535 -0.00389156712369492 0.00149730244063205 0.74925194379157 0.715164754534799 0.903496434382897
CELSR2 0.0207264610111034 0.0579945106122018 0.024089637949059 -0.0161374358204482 1.06845544927155e-12 0.138116704928689 0.510888007156926 0.566451317211473
FGFRL1 0.0124931848224229 -0.00681127410402808 0.0491105621885844 -0.043547702744554 3.73658916908408e-09 0.805205047808651 0.200626902073312 0.179676836262588
CD4 0.011614322425262 0.0707625917473577 -0.0157166505869297 0.0836985732169444 1.04682245413462e-07 0.0690449254122158 0.651587157183411 0.00144002231638937
CELSR3 0.0031688761442842 0.00337523959579736 0.0848460726452929 -0.0178879157515184 0.00288513680043076 0.933552466008159 0.0518561439419191 0.5892040952201
NCSTN 0.0430822657890426 0.0750632737693156 -0.00850790689406114 0.000397918781821289 5.43141135064589e-22 0.0287814039043975 0.803231703091701 0.987355060197943
TBXA2R 0.00360823901453135 -0.0219462195527532 0.0446154663529955 -0.0153301383703889 0.00149053166603777 0.645774849993819 0.266904323717633 0.617182936476568
AR 0.00740119116823948 0.0518648670594496 0.00361873492970346 0.0522468395540092 9.5965610895408e-06 0.275826602957419 0.922540152035581 0.0411723038960113
PDGFRB 0.0294662134552112 0.0229835389057977 0.0323259383325912 0.0170335267348601 4.80040620429374e-16 0.52678797254938 0.336489131574025 0.505777328318546
TYROBP 0.0595914280586797 0.133218469969938 0.186735040015232 0.151051282032267 2.05393663480146e-13 2.5079473999387e-06 3.35084235186123e-10 1.43103448151403e-11
IFNGR2 0.0464875143566664 0.0364185015657317 0.0149347411011726 0.0420696853444546 6.64556658582919e-22 0.307623591440764 0.651020241966584 0.0728637764900677
CD40 0.00869188044272995 -0.0299176463406372 -0.0112591081352628 0.00108085804270311 7.26395056650875e-07 0.45423440499354 0.772437897471396 0.972555169552658
ENG 0.0478537845412775 0.012975643169812 0.0840400023790966 -0.0160150067378979 1.18156311596995e-22 0.711165387937258 0.0119245911053279 0.528428141947525
ITGB8 0.0477106086000988 0.143156981380717 0.106300213114721 0.0438620878852828 5.25636896698197e-17 1.94301495970647e-05 0.00167991898518268 0.0583753122958039
TFR2 0.0052502842789889 -0.0231950589800762 -0.00335732594070521 -0.010128322512509 3.5844862906649e-05 0.545767903534474 0.933837725395911 0.751034663958572
PTPRC 0.0604489643140102 0.0437112752780845 0.173397776310436 0.0366918411433068 2.40543296499986e-21 0.110954048573513 2.70987680493158e-08 0.11411432997913
CHRM1 0.00598804336907508 0.0011222614938833 0.0682330972793628 0.0327751641184934 5.62391395277848e-05 0.973921702499468 0.0783003966604657 0.287078742958174
INSR 0.0563102005045177 0.0742189254361481 0.035938180932298 0.0742556166833814 4.16355511319322e-22 0.0135584356795244 0.293406362809599 0.00204114949974311
FLT4 0.0066515414762118 0.053864188746401 0.0206226913985274 0.0986446936924629 0.000104348425730456 0.293638655143157 0.613759564194576 0.00020282714807812
EPHA1 0.00731017946703711 0.0277693965552269 0.0259819220480757 -0.0201119559987596 4.09104254590012e-06 0.520537508714671 0.493136754946229 0.445635391979158
FPR1 0.00272185016198667 0.139778842591329 -0.0117638064735931 -0.00630734530302635 0.00581569705094374 0.00528420416203895 0.750869715413077 0.857359568297486
LRP10 0.0752672736045544 0.10520882594045 0.0284146624111065 0.0276448035202049 1.17201047931452e-26 0.00184996966778299 0.391365312914869 0.247379457307585
UNC5A 0.00486272999816657 -0.0215335029349948 0.0283299947271803 -0.0156813232508803 0.000170735663076734 0.619092624323345 0.457719141172408 0.59268791810173
RYK 0.0532215345327989 0.045787008606696 -0.0642230246666123 0.0457973384985256 7.69318201589187e-26 0.164575242095487 0.0629532621799252 0.0702820416513728
PTPRD 0.0119526458519489 -0.0172077010944798 -0.0370982642933938 0.0157592991745681 9.86003751565561e-09 0.590170354964175 0.347071527270357 0.503242390457433
IFNLR1 0.0117481542052711 0.0748330330180355 -0.0260273358976594 -0.019090860994506 1.31524398728914e-08 0.0508412005613616 0.518747041560478 0.523002635631216
CHRM3 0.0203427360711685 -0.0057024034252482 0.00833978308907993 0.0191046291073655 3.0173016452213e-13 0.8805619322372 0.817812718663229 0.475933741442364
NEO1 0.0584575640462032 0.128735663839721 0.0552573712233088 0.0137057971154008 3.37169361497066e-22 6.17207936549924e-05 0.0903555664372716 0.571444442296773
S1PR1 0.00404815198699978 0.0447347710626436 0.00323081111876628 0.0180735332048442 0.00061860744432307 0.314033987155396 0.9365464680082 0.581838783620159
EPHA2 0.0116625740258391 0.0541776396551316 0.0562962857762302 -0.0188568918601962 5.73500277555463e-08 0.109571961424851 0.153501816471689 0.503725515538614
PLAUR 0.0802310809252922 0.0160116932551263 0.132905246931743 0.000821613987076274 1.41952951824635e-28 0.620895543385315 7.74835975131388e-05 0.971447845396716
JMJD6 0.0896147123034478 -0.00401355628604414 0.0532007757844675 -0.0201617609627724 8.29307116698703e-35 0.90675518220754 0.114852696410789 0.373957035914822
ITGA1 0.0304386302731051 0.280031418157134 0.0748071894689452 0.0734237687644054 4.6617338582905e-10 3.78595230485388e-18 0.0263215960424324 0.00270312095867115
UNC5B 0.0137537453900252 -0.0128463596004899 -0.0139617071699565 -0.0249377622495112 2.21122628246112e-10 0.67230870273685 0.696190951697995 0.367773173473754
FPR3 0.0345982787910143 0.0481371546994508 0.15547120992069 -0.00380042352146487 2.30062335788544e-15 0.140529810318611 7.43027289108998e-06 0.880883252129892
LRP11 0.0699978985676761 0.0850928455317369 0.0611771208434256 0.0503977409415521 5.43033885695933e-24 0.0108479634481302 0.0876345333016473 0.0318020460604582
CHRNB2 0.00814863394252814 0.00859125594307573 0.0274944709077634 -0.0112276740749879 1.53099854327063e-06 0.808032528639982 0.498803993340259 0.696811887494183
CD44 0.147176860309613 0.3738915079728 0.0730263297816772 0.0803110252548576 1.91532775336149e-17 7.5908097399882e-41 0.0192176384169335 0.000149850560673226
NLGN2 0.00909251635364044 0.154482937307068 -0.0271113423680998 -0.0115063079355478 1.12877905673006e-06 0.000652351416540689 0.451037771776511 0.697077666584158
UNC5C 0.00364321545913143 0.00363952844262181 0.0699268113892681 -0.0233406891594225 0.00135322123034992 0.932878621235631 0.110223143356623 0.469333124080124
EPHA3 0.00897658789652334 0.0545734019836946 0.0413983961554788 -0.0341947965506268 1.11976163787343e-06 0.267645075199889 0.282114246507921 0.268194073972216
ITGA10 0.00358902486231648 -0.0285313861951812 -0.0142239046553512 -0.00579876694182376 0.000792702423241662 0.608733129397749 0.717800765012754 0.849255280579181
VIPR1 0.00445508438266309 0.0192417396157298 -0.0138559137039576 -0.00902029562725475 0.000153001674425702 0.618477919050041 0.692766537328816 0.782108856030037
CLEC12A 0.00603538538408527 -0.0137171150896414 0.0159008732595859 -0.0064040166553148 2.70807526227053e-05 0.66159945021945 0.690715715435437 0.840916816313617
TGFBR1 0.0952444265177753 0.174580943506156 -0.0209136605043538 0.0494750499112462 7.1729019795942e-30 1.33632703320017e-08 0.52010990037551 0.0311151354703425
S1PR5 0.0260028190510937 0.06868634516487 0.0238329185510258 -0.014815744264304 5.96755765900265e-15 0.0712646474199783 0.518045014150028 0.568077889580253
IGF1R 0.111051540450439 0.333415677284292 0.023318588241833 0.145152558430062 3.70195297544279e-17 2.58590254432434e-29 0.474114453607679 1.46013441718342e-11
PTPRF 0.0978127916735811 0.402860233768775 0.155601245657174 0.109761456661731 2.60947147196057e-09 5.16768460415359e-52 1.0119483761745e-06 8.70390171193397e-08
ATP6AP2 0.109566472525587 0.697772637841827 0.136414758632228 0.0723607536953017 0.00973978960733194 7.65571580665106e-267 7.90691909138094e-06 0.000208733043959999
KDR 0.0127813365924861 0.064592753511216 0.0839920641259605 -0.0137290605129175 5.73913899080822e-08 0.119520155320764 0.0204130987331552 0.613282322806627
FXYD6 0.0350820946451586 0.00170918716860825 -0.00696906545876728 -0.0348385559565124 1.02805952671249e-20 0.960048356729854 0.839712217236031 0.172918778904938
NOTCH1 0.0287457504565311 0.0834119557715828 0.0285444324880016 -0.0247633433466701 5.48969930743434e-16 0.0261654471899771 0.422525943362476 0.345558099158067
ITGA11 0.00805453361978955 -0.00490613893325059 -0.047005863017215 0.154331087376059 5.15242012632948e-06 0.91334399469284 0.274700617343136 4.80092452876915e-07
LRP12 0.0330734671706919 0.0875787516389079 0.155034534090792 0.0285624589781921 8.14980487766222e-14 0.00790682658042805 7.04831297696443e-06 0.244735961295051
VLDLR 0.0126394008047137 -0.0130247370944646 0.0605819715557517 -0.017508799246593 7.65403160266778e-09 0.731010991756175 0.116737582449442 0.51926661776497
AXL 0.00810300411888247 -0.00915800098859652 0.0421301970419512 -0.0248375549758587 2.64178226962028e-06 0.8380409881405 0.262463549536046 0.438517339485608
KISS1R 0.00281288944500089 -0.0119069420842884 -0.0114529252524192 -0.00771762155324928 0.00276971099600519 0.789010749918186 0.780933203958013 0.835714733821324
TGFBR2 0.0222652325759176 -0.00813164490044786 0.112021210480627 -0.0621014197697633 4.23520122342485e-13 0.822907404935722 0.000507745270300457 0.0264713340467981
KIT 0.00484938428457242 -0.0238101208941915 0.00581648368576078 -0.0143632823254877 0.000120003100364799 0.591672673444674 0.891698780318992 0.655779879360452
CD46 0.0754329076038666 0.149871611925101 0.0268901991767951 0.0677562038182709 4.47705954550956e-24 4.7859502183304e-06 0.424034721889912 0.00373551504596775
CLEC2B 0.0365437164365256 0.0325351003344819 0.0802567140831621 0.0347376309450671 2.00778251725913e-16 0.38860744706632 0.0187593485043578 0.164850924190848
PTPRG 0.0437977448565357 0.115875118868175 0.0713292722459485 0.0103953728855935 1.0356555569711e-18 0.000246235566251374 0.0309168745870129 0.671106352019797
LRP2 0.00596050225728764 -0.0151317404829446 0.13353630126887 -0.0260770631235896 0.000101024883948947 0.632579034788888 0.00151286261103335 0.362334269099446
BAMBI 0.0189964995930771 0.0952237029124543 -0.0361073048061199 -0.0232284823808212 2.28550865482038e-12 0.00578515913546637 0.299908036239483 0.409072846545338
FZD1 0.0216303527155172 -0.0240992364408774 -0.0277606438341471 0.0436094122033369 3.31649413502844e-14 0.594516105039034 0.405644256729241 0.0842705425073772
KLRG1 0.00898243773355852 -0.0374140264763537 -0.0178338299067263 -0.0182724038034238 2.50743832033285e-07 0.398297100129087 0.644655283512399 0.550189573573449
TGFBR3 0.0164660954817942 0.0178294893091066 -0.0482417547244546 0.0209083620117618 4.50630728458013e-11 0.588117077232492 0.201094649658494 0.441049692503309
PTPRH 0.00465134629092677 -0.0051125306868915 -0.0226152902966251 -0.00914302257339361 0.000182281600539322 0.891160759740082 0.63215721596289 0.776647971922573
BCAM 0.0107903248356554 -0.0303710024099133 0.00563254108583303 -0.0130347465401898 1.57475440078848e-08 0.456658327951255 0.886868458821306 0.642369113800958
IGF2R 0.142734052970253 0.204590515260908 0.045432481679062 0.10588917963364 3.70124569990589e-26 5.1446540555333e-12 0.150975671033313 7.0180388828332e-07
THBD 0.00574658086056379 0.0249782085058791 -0.0266421437032507 -0.00818388308904614 3.67180330216593e-05 0.568906579645607 0.533033628298119 0.792966101626719
LRP3 0.0140387302642958 -0.00536798941207315 -0.0546320485277063 0.0706079207385428 4.27882956493029e-10 0.887216827612912 0.164111148378674 0.00951108188950885
NOTCH2 0.0646099185800903 0.201575663843029 0.0678306117694571 0.0436731512227808 1.44792810072374e-19 4.37525898860289e-10 0.0496406945381 0.0461697859864128
CLEC2D 0.0286562018997042 -0.0489023165260369 0.0385758596082474 -0.0385116569841542 1.24313202218523e-17 0.203984666730881 0.256291815278082 0.155450983045844
KLRG2 0.0444963784990784 0.0387896185026036 -0.0263253485049484 -0.0271833662061624 2.83003368720482e-24 0.286103873622052 0.46692391510161 0.314365853772122
PTPRJ 0.0250211139792863 0.0269432352703193 -0.0420698890204122 0.0975502386395314 7.71110059075441e-14 0.473998484598177 0.244780182101858 0.000214561249540608
LRP4 0.00308477263303171 -0.012423791282212 -0.0139359750811344 -0.0048871508463276 0.00269803465330206 0.753354986106877 0.750891109718303 0.880167220445649
BDKRB2 0.00729233456942784 0.016529777838686 0.170013558995182 -0.047333164963873 4.7439628693311e-05 0.68540116835203 9.5102751909331e-06 0.112443236600873
CLEC5A 0.00833927035535555 -0.0237948669330689 0.0717598422593679 -0.029523703237384 1.72497122531539e-06 0.5035980947886 0.0555185613072227 0.303098478578998
NOTCH3 0.0129123288077227 0.104469357483333 0.0443174116404428 -0.0189544896774732 4.19793431214451e-08 0.00636633772552358 0.235007783048228 0.509472129190585
THY1 0.0558064592937994 0.101763005793686 0.190790725057784 0.0400790351989858 6.59959869119758e-17 0.000592337125474983 2.7899123027808e-09 0.0835199650121079
TIE1 0.00518670841859325 -0.000375915416715875 0.00133292831613257 -0.0110312301286059 0.000144040817830755 0.990864260601111 0.97036565571734 0.718099881279353
BMPR1A 0.0401526143283106 0.0594372181799621 -0.0315939931398792 -0.000138275480139387 8.77959667810196e-22 0.0541982945654701 0.37295940332262 0.995702686381854
PTPRK 0.100489726313033 0.251884439165298 0.0713004802588032 0.111042120758024 1.01644318788276e-18 1.30557041443538e-17 0.026451582174324 2.42891410523845e-07
CLEC7A 0.0174582148506416 0.0131117345153433 0.0193559291562154 -0.038893250141651 6.14165452725367e-12 0.760221622055146 0.59169425366784 0.186275574767159
LRP5 0.0400940304558652 0.0677141632539531 0.0417325136204013 -0.0226154561394623 3.98347992280473e-20 0.0549882333200542 0.221406897477106 0.356449133719943
NOTCH4 0.0248812317428633 0.0370612801090174 -0.0276635144277605 0.0648254241860705 2.32302946202186e-14 0.308445055241525 0.448932154526899 0.015003967864065
TLR1 0.0697711134364999 0.0367632688000441 -0.01275939188485 0.00150246398070732 1.07554057231222e-31 0.246382455752647 0.69671875329959 0.950435581328336
CMKLR1 0.0201022900418646 -0.0277160235599214 0.0116803505735464 0.0191945564078864 8.74558567244937e-13 0.474509717568275 0.734360763369054 0.473415211914409
NPR1 0.0071759787417396 -0.00429117252684889 -0.0202572691866323 -0.0131270377361898 7.7653539295794e-06 0.900317517997253 0.601825272623123 0.678320219079829
PTPRM 0.109611706476316 0.103008578723368 -0.0773987627646501 0.017731370053937 3.70101321972821e-39 0.00223510353193479 0.0158116186525377 0.428049520535566
LRP6 0.0839332773405558 0.221729047145489 0.049377541457167 0.0108610447900347 1.16957383106163e-23 6.78346706586076e-12 0.141456696023595 0.632915858564638
TLR2 0.0284255835570517 0.00360607431016225 -0.00969002443924179 0.00732806006276398 1.3739724486246e-17 0.911684610222721 0.780295643837007 0.77450255250413
NPTN 0.187257836697255 0.42607138306893 0.0742666500566732 0.0994313558099189 2.33401026798342e-16 1.69017312304513e-66 0.0175837644664961 1.26538819764098e-06
NPY1R 0.0150881716431356 0.006210090987197 0.0228951333867706 -0.0224474361041753 1.39759786314248e-10 0.886083394128693 0.50501330056657 0.404509325443905
NPY5R 0.00284681113134072 0.0278776214540371 0.000835920759025073 0.0318522153005772 0.00338774977474876 0.549670351320787 0.98462873553862 0.332233302187706
