target intra.RMSE intra.R2 multi.RMSE multi.R2 p.RMSE p.R2
CD14 0.159283164184934 0.0241488106874908 0.159300380775204 0.0239705083874016 0.500768228515945 0.50579571786187
ACTA2 0.225471472336509 0.146089532462263 0.225489456843022 0.145709213704468 0.500416210542681 0.505646957928817
SOX18 0.226038986512515 0.0174178598294369 0.226056034487629 0.0172741685016412 0.500913524279505 0.514157501849669
PBK 0.551858106283278 0.410541142733232 0.551715413815209 0.410852079862842 0.497000192790003 0.486926571328299
FAT1 0.506991132388262 0.0679822726622579 0.507071655295575 0.0677066655965992 0.502850159638915 0.511942881589642
IL2RA 0.294954595333996 0.0206311872929596 0.29496136151788 0.0205600059656457 0.500278701217022 0.505299376543515
CEACAM1 1.67108090657113 0.152642253806138 1.66419039650136 0.159618561094907 0.48003789519626 0.33501774703403
MAPK13 0.575994899160639 0.0702890052255552 0.57559985002041 0.0715572742253214 0.486693575366897 0.426900271307632
CD163 1.69334818741291 0.640962186683806 1.69259062893306 0.640977952520968 0.497653002918762 0.499711327672654
ACTG2 0.537127160379121 0.0281346808577351 0.535873412124501 0.0314262285847708 0.495021754884667 0.425375485909202
PDCD1 0.109921483389331 0.00117777743716089 0.109913864441031 0.00129594871490567 0.499140882080466 0.429453898737302
IL32 0.214230253601611 0.141912719520494 0.214247401328854 0.141928997405276 0.500483067825537 0.499819917385611
CD19 0.14606189782564 0.000758229314911341 0.146085880144336 0.000727236552447019 0.501169548154257 0.523185826399194
SOX4 3.77762207003618 0.417688550920888 3.77196211487514 0.419476020047073 0.489362796269997 0.467090431748933
MAPK3 0.289965625609787 0.0208168364923644 0.290018563196184 0.0204747881938901 0.502715115501494 0.524384939617826
FCGR3A 0.470552782654606 0.140009415592452 0.470562777530833 0.139974912079134 0.500489951627657 0.500775397252454
CENPF 1.69251955378602 0.648866842665821 1.69225949556582 0.648962609838346 0.498524422379949 0.496978531877035
PDPN 0.227003148292057 0.0158214612276496 0.22698758311258 0.0159275667835225 0.499056891056077 0.490804247694713
ACTR3B 0.626962974955145 0.0831739071704354 0.626843300052765 0.0835084872263595 0.495329280430534 0.483937289249903
IL3RA 0.183182733152041 0.00327647309358684 0.183208763561114 0.00311055678179409 0.501261431027029 0.534345279963735
CD2 0.254608022011486 0.463484536874117 0.254777546338692 0.462519165089428 0.502446496328843 0.507832267508938
FCN1 0.160027400354778 0.00543684431672 0.160043888669486 0.00520099881311933 0.500280199947299 0.531898113079684
SPDEF 0.510676231529114 0.065339304930996 0.510268021088573 0.0669491892912734 0.494066966193651 0.441361332487892
ADGRL4 0.177994076767816 0.112969071158759 0.178065537500514 0.112181794548939 0.501908596010476 0.51241890953409
MDM2 0.516565718488716 0.0610678563576611 0.516592151490491 0.0609476412955894 0.500849838761886 0.513258758774187
IL7R 0.351184491526597 0.215614896374936 0.35113605898857 0.214446156172162 0.499614147520337 0.506160298719008
CEP55 0.693918388555288 0.503941161805635 0.693919337736232 0.50391079149457 0.500016745645525 0.500508187149241
PDZK1IP1 0.323306869004692 0.0280056635396562 0.323305047393469 0.028017062617287 0.499933425658837 0.499145235790845
FCRL5 0.420944735739149 0.645447109974808 0.421154279660626 0.644632064077994 0.503170596029384 0.508161193349645
SPP1 0.318498500966918 0.0732730015626361 0.316903765871887 0.0853929716559325 0.489104547157012 0.341549450383606
AGR2 0.105709353823943 0.00186033216617477 0.10572273540163 0.00175984014176964 0.500657407556481 0.530488856500057
CD24 2.85452459590404 0.388736775986254 2.83102019467241 0.399021452919292 0.42120219828927 0.0626721885950994
CLDN4 0.248863107366634 0.0146489710926279 0.248907080994647 0.014313824654537 0.501575760654442 0.536421117879029
CD274 0.11486001468991 0.000791454144889103 0.11487231070303 0.000494578433910631 0.500719310655038 0.762274025292495
MELK 0.576537870144858 0.403432979055054 0.576603235568839 0.403308696126207 0.501597299533787 0.502649976129526
ISG15 0.700829396933431 0.0798425012267835 0.68383452732723 0.123950537442332 0.234097376808482 0.00106804344733251
PECAM1 0.28423478608352 0.275220148489094 0.283934330567006 0.276753594710837 0.490885900699871 0.483710861507167
STAT5A 0.268917489540366 0.02748772073355 0.268913845269123 0.0275116738435713 0.499814076145788 0.498412969749443
FGFR1 0.549037796917279 0.0689874943938487 0.548836849827895 0.069607787565037 0.492918445602012 0.462750991423884
AHR 0.308252204017702 0.0215710322168451 0.308281073467792 0.0213411394016382 0.50082945927252 0.514739248443282
CLU 0.164749143969783 0.0131686119782472 0.164675198489885 0.0144086294655885 0.498651968417383 0.433895872590844
PGR 0.151448080371332 0.00395730501219059 0.151452620910029 0.00396518615026359 0.500463892073179 0.496790526622262
CD34 0.481511630879281 0.486528783586241 0.481587798568473 0.486447532890415 0.500761861405549 0.500853174281513
MIA 0.545384763429178 0.0897120914060617 0.544066890480632 0.0941064442308364 0.465299511742165 0.311172881460853
AIF1 0.165862421868513 0.0039137749423213 0.165873369292463 0.00389309750005886 0.500504405569465 0.503677520166496
ISG20 0.545935283916558 0.094156017239373 0.545924836788217 0.0942072010217092 0.499557286583388 0.498717590571257
STMN1 1.75952242361894 0.573395468766113 1.75497701496856 0.575616721585181 0.425871243279703 0.397044820999436
COBL 0.454842325707636 0.0426900699466342 0.452976861888727 0.0504376809732632 0.466465919413573 0.202560682437747
CD36 0.182076865376168 0.0206563386360975 0.18193467901607 0.0219828432333907 0.497335075778159 0.436065672820199
FGFR2 3.92436011588243 0.410868087675112 3.91637576221089 0.413240493025819 0.459597179095976 0.434595961376831
PHGDH 2.11659456260931 0.389748280947681 2.11349594736137 0.391540047577376 0.450808794744188 0.432584205243249
MKI67 1.38544567307155 0.664387259163777 1.38544395100961 0.664387275317857 0.499982401201858 0.499999534235512
CD38 0.197465637348334 0.0589594486019502 0.197395836651895 0.0594766065943532 0.495565957646 0.489816885886806
AKT1 0.400245670720936 0.0354609014679961 0.400353857559392 0.0349299514475428 0.505125647473905 0.53318814317628
SULF1 0.330434143372159 0.12573702527166 0.330271657650713 0.12651483888987 0.495805532288097 0.488340335212091
FGFR4 0.230554540905988 0.00566690394057092 0.230500315997592 0.00597848341997885 0.498001276969473 0.450609073598843
ITGA6 2.39317128113058 0.270795960852396 2.36400304842578 0.288314375167656 0.328535953878169 0.0478378042041572
COL1A1 0.907701737909546 0.655752264925784 0.907142028371658 0.656076539356444 0.495993592708801 0.495095692743458
PI3 0.175297076698706 0.00542986543842366 0.175332591263827 0.00531024533683115 0.502050541666134 0.519117309221018
CD3D 0.13353227947507 0.175273987244049 0.133369088928999 0.178054980917019 0.495418065264234 0.468544890520464
MLPH 0.173333205367103 0.00780872965251584 0.173362036282341 0.00751726651758685 0.501896785180019 0.535540624110605
ITGAX 0.470339123639872 0.303008238549773 0.470768052637167 0.301930302227188 0.505262160785003 0.507714387360934
TAGLN 0.211533888478623 0.0256981565705472 0.211561745397199 0.0255442618955866 0.501831007558317 0.506877616113623
COL1A2 0.729481076218822 0.697728180252754 0.729611877277142 0.697613696003618 0.50166426427037 0.502285288952579
ALDH1A3 0.382030177936593 0.0397651372364031 0.382005204905719 0.0398996394437179 0.499582305493781 0.496504617664515
FN1 3.0538235580711 0.658276262820949 3.04499662332498 0.660004012977927 0.487044923648831 0.473500718399191
CD3E 0.21446110315545 0.436011198335667 0.214628995167148 0.435448839897025 0.503384956724872 0.503030626480018
PIK3CA 0.830748120749604 0.134420441108373 0.830472650409805 0.134991494735617 0.489389120296498 0.458050414905975
MMP11 0.277109133389555 0.00983143150036322 0.277111153841761 0.00986184247906876 0.500056179496181 0.495909016427598
TBX21 0.154470075151326 0.00206204553965628 0.154470314684438 0.00216587607426537 0.500011899423358 0.478868500757905
COL3A1 0.817159888134211 0.60419699699445 0.81645313832978 0.604572524892302 0.494373638816398 0.492777472469278
MMP12 0.0961845487660642 0.00091572530606423 0.0962051307043662 0.000705836938016191 0.501005542888686 0.62570606564188
FOS 0.554919779251548 0.021270751514611 0.554105997903669 0.023665747945686 0.497029225939119 0.407443774129465
JUN 1.5330454785065 0.0760774303890605 1.53284731534655 0.0760275882188718 0.499888671770926 0.500341926373188
ANLN 1.15911272399768 0.658754633212258 1.15942378692051 0.658579478817589 0.502892169306289 0.505865759863924
CD3G 0.368295213866102 0.0396514607484178 0.368089671185808 0.0407600290569537 0.486977483303329 0.409497850201915
PLEK 0.239824696470653 0.153111628318214 0.239851885449699 0.152928721480019 0.500877578104631 0.502331375452331
FOXA1 0.105854729642608 0.00906555108120871 0.105868691803184 0.00890268133456255 0.500620376973714 0.510382966522792
MMP9 0.155279066115529 0.00192898643939523 0.155274460617767 0.00183378023092047 0.499713625371273 0.534550264936954
TCF4 0.315430858071256 0.0587562568041665 0.315267099159457 0.0596853238667765 0.493296573548983 0.455501328796309
CD4 0.189953533663817 0.109737925985231 0.189733017941908 0.1117720111531 0.493041031873052 0.471877184886319
COL4A1 0.798479672436343 0.547088205759561 0.797772868436313 0.547246259653955 0.49385270442272 0.497952860295642
AP1M2 0.245984754935515 0.0242714555789691 0.245964615038259 0.0244251113706382 0.498556423704899 0.489163843810631
TCL1A 0.0750184454546542 3.50768075236041e-05 0.0750206910856655 3.38263154074703e-05 0.500138974747039 0.511635497266298
JUNB 0.574892423881866 0.163730124792436 0.574913109631287 0.163865024127387 0.500145298136093 0.498429394687202
PLVAP 0.39104291048632 0.207051931125144 0.390684588397029 0.208603303248891 0.492488240918926 0.485270420880385
MS4A1 0.182319526933769 0.00603271350774921 0.18230137675404 0.00673660637522724 0.49920790210544 0.405532712099418
FOXC1 1.57498119191706 0.235484975368924 1.5748583792531 0.235582585285386 0.497954982959531 0.495866093347939
TFEC 0.206682022874849 0.290614339283734 0.206651256618665 0.290284800900524 0.499552578385195 0.502022160846052
APOC1 0.200304194054497 0.072110376348791 0.200369087978164 0.0719322262359356 0.50221032661454 0.503327320684396
CD40 0.330187899210111 0.051540022812965 0.33011522425173 0.0519636165508289 0.497762279729064 0.487096772961098
POU2AF1 0.379122055106159 0.470940646755469 0.379945269431711 0.469152356923787 0.507179782178526 0.506251258827548
COL4A2 0.600483077363888 0.389326909333661 0.600033484672034 0.390125755464538 0.491351495649159 0.484182622740172
MSR1 0.265714878770355 0.304489993161783 0.265628475604312 0.304642322895242 0.498644844891153 0.499288021212028
KIF23 0.918440322681368 0.610754827129602 0.918595468409178 0.610605104338583 0.503131832415292 0.503762892865129
CD40LG 0.156533936768622 0.00588383126452888 0.15654151845123 0.00564816568081153 0.500283521250696 0.529159895916801
FOXP3 0.302808097947871 0.0429341275392704 0.302804556186862 0.0434407360366048 0.499943493977635 0.490058833521282
TFF1 0.249180140530065 0.00365782017497047 0.249199282048352 0.00351076700819455 0.501084897437734 0.587491479840207
APOE 0.333705988094685 0.121405940195201 0.333677322010462 0.121632317081126 0.498937083365651 0.494853505883182
MT2A 0.156618365492988 0.0079986713334206 0.156631030552979 0.0079923126586226 0.500687903740387 0.501011751780764
PRLR 1.0194700204781 0.224075013038937 1.01893842707277 0.224879931500419 0.487028349257751 0.464318161213214
COL4A5 0.70787540256945 0.182491387281621 0.707680100332878 0.182935541083774 0.491087811449962 0.474983971320593
AR 0.128129237140402 0.00861789155532259 0.12814375018832 0.00874848488317915 0.50055369528419 0.489479391645207
KIT 2.9719465421942 0.372009121070268 2.94623517896231 0.382904818275682 0.340021742409063 0.186193497703038
TFF2 0.189154403673315 0.00358399571648275 0.189169104863185 0.00355289416541982 0.500688084730509 0.507411716855571
FXYD3 0.413882745937771 0.0573576680762936 0.413755470853389 0.0578735624685746 0.495632345559212 0.473950480542579
CR2 0.130277706563264 0.00211512770535621 0.130294675708704 0.00190744376220872 0.501064157912246 0.57227326611162
CD44 1.2415422521746 0.247951359248204 1.23895600936767 0.251098356137602 0.438844634820956 0.374191774903906
MUC1 0.598197952195137 0.103721079885792 0.596906964725242 0.107598810466044 0.485575244815766 0.421775853208883
PTEN 0.239519230389073 0.0562756514913961 0.23959229645139 0.0557106865254901 0.503467423479866 0.521295993484416
GATA3 0.147956099774137 0.00934164687338813 0.147879278629416 0.0102795141400161 0.497041677968732 0.42385269936982
TFF3 0.216276337027173 0.0044177342802905 0.216284906824091 0.00443041599905626 0.500815646945747 0.497564727464824
CD5 0.148722959465131 0.0168202245115159 0.148713083144262 0.0166827144140709 0.499617064521019 0.509632077762001
AURKA 0.925948950913853 0.589050693618985 0.926046397518864 0.588966554703859 0.501124848769249 0.503856451188668
KRAS 0.632229082555698 0.0984798679410459 0.632094744051521 0.098841067625859 0.494172659289783 0.482837398591196
CRABP2 0.271764657699732 0.012677244860407 0.271771291706726 0.0126327303350843 0.500101877045886 0.504256092584943
PTPRB 0.195223734433146 0.259351529566845 0.1953109586464 0.25868064509914 0.504329846062831 0.504981995482587
MYB 0.699332502733279 0.175903942069828 0.698779351965865 0.177235710059788 0.488037049999491 0.45633837208902
KRT10 0.158192372314535 0.00483292331394131 0.158211985576153 0.00431845960645741 0.501635190027655 0.599797616939163
GNG11 0.232084376572317 0.0171194957568259 0.232055974945659 0.017387917858324 0.498326367542371 0.484935844499926
PTPRC 0.201739549186049 0.157653196247248 0.201856319160181 0.156924096529949 0.50359316669715 0.510049402892478
TFRC 0.980733265572789 0.177922327845362 0.977328739466457 0.183606997418307 0.423902206265344 0.286939761772068
CD63 0.551491577014703 0.0507901525802655 0.551299219243267 0.0514582659623872 0.493723741329692 0.446727726542566
CSRP2 0.836894753739192 0.111992084163241 0.832728689351178 0.120797804897646 0.396336182595907 0.0609806846218404
AZGP1 3.06771943632939 0.250881461123904 3.03973576193586 0.264295845451553 0.429139216268018 0.213236314872332
KRT14 0.128081321204261 0.00375955014816121 0.128100565029255 0.00348415708659892 0.501158890417773 0.545744595123703
MYBL2 0.676166097090459 0.384135465680611 0.676246093235235 0.383991540679097 0.502399102717592 0.503338431959142
GNLY 0.198294968962542 0.0134100749900207 0.1982647804114 0.0137393407338018 0.499632004168082 0.486709405575683
THEMIS 0.137683772430293 0.00327801550934503 0.137688072562807 0.00332518912598231 0.50031903319135 0.489690910281908
CD68 0.171004759690892 0.0287330424505171 0.171006892617318 0.0287469105792186 0.500085340147105 0.499535361850456
PTTG1 0.558144689322002 0.433966249218022 0.558107960393705 0.433955901678134 0.499327378837242 0.500181255114406
CST3 0.601931028522072 0.0624636189670733 0.60176138746559 0.0630535332490079 0.496934081008251 0.467448531095898
THY1 0.183753534568666 0.0443153755465633 0.183719351763489 0.044868304248767 0.49890438075056 0.482579233447637
KRT15 0.332307234059405 0.0461647339635559 0.332253332930137 0.046573466947805 0.498459593551685 0.476688814240599
B2M 1.30003424513631 0.301393518972194 1.26924108881337 0.334188748807167 0.207329523918617 0.0351599403541825
GPNMB 0.47403954815037 0.0820331332959691 0.473774425912715 0.0832487460085503 0.498544920081424 0.47973748693908
MYC 0.899385814253191 0.200110931955 0.898436767062774 0.2018012462093 0.475407453151414 0.435013051861633
CD69 0.244473674735751 0.0151246064632336 0.244449879933786 0.0153723265364243 0.499118654520465 0.474212717803911
RAMP2 0.166761685055258 0.02496245544806 0.166755992800627 0.0249603344370548 0.499693126601912 0.500126417367385
KRT17 0.204036287637873 0.00823560244585432 0.204029859674218 0.00827504026763314 0.499958131686551 0.498089846244759
TIMP1 0.738551782368621 0.289342809740552 0.738654728406357 0.289015515672382 0.500388332656773 0.502497635346612
CSTB 0.247679149078565 0.00866416922840378 0.247675882290488 0.00883921643667983 0.499662477518936 0.476740463583525
GPR160 0.232040293825381 0.00983211455041106 0.232052268016128 0.00969752997496118 0.500693436817085 0.528203384736021
BAG1 0.568713923235415 0.0508396141990488 0.568753445228766 0.0506995331496238 0.501106749504091 0.51179993947086
CD7 0.204028509100227 0.0108552863773684 0.203974017204298 0.0113641138866589 0.497533164922846 0.460079813459225
MYL6 0.997334956880498 0.142757015653631 0.997019582666262 0.143304013295671 0.491016785673974 0.483252571506555
TMEM45B 0.142977951415026 0.0023937916638134 0.14299532320567 0.00221645390690338 0.500955740975696 0.550334948137214
RB1 0.717538649925399 0.120755786447591 0.71675020587368 0.122705922045271 0.473221822251295 0.343305448356501
KRT18 0.652778150075236 0.0872021979167033 0.652067496777459 0.0892538007539713 0.484630674031171 0.391707032004989
BANK1 0.146834822244163 0.00673116900056525 0.146832089254509 0.00655935885705636 0.499882652549604 0.517015042644925
GRB7 0.190903950615014 0.0125300514493757 0.190924171877677 0.012458684942632 0.500991095483522 0.507138227335303
CTCF 0.804809855779907 0.157140787386457 0.804864188274908 0.156999122526646 0.501405066846384 0.50528968895813
CD74 1.16480465341534 0.618818897185846 1.16295056628361 0.620184538275066 0.489720778488891 0.477950690969589
TMSB10 1.35415265597393 0.187446943731054 1.34801113686197 0.194753789999754 0.384060674862007 0.15528642226005
RPL13 0.495896491379737 0.054724723214146 0.495849294802729 0.0549207720179578 0.498671423920789 0.487094782756062
MYL9 0.556240385692275 0.135063841133597 0.555767057141481 0.136596832667776 0.481473534702593 0.471489642778098
KRT19 2.4419933607812 0.391592685019882 2.42741379084474 0.39896474886108 0.413923261967153 0.297906014758482
CTLA4 0.203213112919802 0.0138269124073863 0.20321626750461 0.0139286108918344 0.500136289023599 0.493287064702081
BCL2 1.56903594169521 0.361842331532366 1.55946210966724 0.369581599578151 0.352178911938047 0.197631492749556
GSN 0.293563630877882 0.0243834817869018 0.293436613120325 0.0252009700456044 0.494913296710935 0.439515279858259
CD79A 0.153737219632913 0.0154090290360995 0.153714949517853 0.015724833029737 0.498672142613406 0.483741929988652
CD79B 0.102123321215938 0.026525295096868 0.102130541738122 0.026554132522882 0.500320565483835 0.498992510434192
GZMB 0.130268117660793 0.0328331510221756 0.130283826796861 0.032673143031716 0.500813815041085 0.50320935701228
MYLK 0.381248990390778 0.179299577523865 0.381242224826977 0.179378479875018 0.499853794354027 0.499099042274373
RPL18 0.346279434244285 0.027751509762547 0.346352364532843 0.0273553491468221 0.503240697017328 0.524979163482664
TP53 0.955304495149715 0.172615053913006 0.955417727077231 0.17241857724939 0.502733794532899 0.512868460258966
CTSL 0.481898375421426 0.0644597701653488 0.481866058361118 0.0645602775656227 0.498938500551655 0.493786327740385
KRT5 1.68457097889727 0.137174850748989 1.66525485942288 0.157300294446424 0.424686042718312 0.0820236646476818
BGN 1.26193766797293 0.368919438225357 1.25149430401659 0.37943186247702 0.443222844987565 0.395257070779671
CXCR5 0.113473632626714 0.00284405781517998 0.113471170770254 0.00281637831909273 0.499838833891711 0.506874171011321
CD8A 0.22276401337616 0.00802880309454343 0.22278704825736 0.00793331715261054 0.501041392647678 0.510416158903823
MYO10 1.22882335583974 0.263192615698077 1.22836657723062 0.26374263268373 0.490884736738981 0.478878706259272
HIF1A 0.903654251647475 0.124936012992868 0.903082478303977 0.126033349689672 0.484717621079154 0.443758016977685
RPSA 0.961363881570851 0.224118960163534 0.959887799223605 0.226466707364802 0.434840430626629 0.408689966787806
CXXC5 0.0949629290702927 0.0043631236019651 0.0949267661497389 0.00490953439994636 0.49746307748332 0.382284475899968
TPM2 0.490732710728206 0.0647585314487998 0.490281319217278 0.0665098288499954 0.490900710112906 0.422482516485505
BICC1 0.232593067886444 0.0212452032519437 0.23262934041734 0.0211667409156132 0.50087344828847 0.504429374874617
KRT7 1.29725541599068 0.252516185699883 1.2954430580839 0.254677052252052 0.483400139280418 0.455535108009813
DCN 0.167370415943437 0.0827590476117779 0.167426601824554 0.0825886714857572 0.503098848177308 0.502729384356595
CD9 0.462780811025623 0.0616301760261906 0.462437050531261 0.0630003920534385 0.484074651330213 0.393758527445228
TRAC 0.169859101493171 0.0366546963514673 0.16989386065371 0.0363311106091716 0.501509662509008 0.509310711507022
MYO5B 0.292402478043611 0.0467046971488421 0.292353187941165 0.0470574438640846 0.498696078345569 0.489591343883529
HLA.A 0.294972344351143 0.024950710297117 0.294893072373169 0.0249920179101886 0.496617571806722 0.498021471799815
RRM2 0.530244942779691 0.389475396698576 0.530288630021495 0.389368794348871 0.501065330615295 0.502254404960499
BIRC5 0.274505438980858 0.117376776465013 0.274543686531882 0.117120708539363 0.501577582036186 0.506839104810829
KRT8 1.37163818943386 0.276324296046236 1.37020067891971 0.277878757088252 0.480094151410242 0.448097322864491
CD96 0.185929998053796 0.217078817178093 0.185942119554171 0.216742404361656 0.50025466681194 0.502094986479243
TRDC 0.134159054750677 0.00113896595000984 0.134158625120397 0.00107087976865299 0.499977055608718 0.553261923234983
MZB1 0.419272875129528 0.60166658023552 0.419335081550616 0.600328527279257 0.500411986258871 0.51231159768744
S100A14 0.168086337158316 0.00522819149005032 0.168108109565195 0.00497457158076466 0.501105126665842 0.549765829582983
TSPAN1 0.0646995622831204 0.00400698136475801 0.0647056988899623 0.00424832883078466 0.500399530088315 0.467170651376147
DERL3 0.48740639555349 0.0615919228683993 0.487443393273041 0.0614745239098014 0.500602567361858 0.504922452956199
BLVRA 0.291095828283885 0.0162338943866472 0.291138853618283 0.0160190206516385 0.502489116956698 0.520962732911764
HLA.B 0.6148938529318 0.199800908409499 0.607092493890543 0.219649065231887 0.303781216586207 0.232165681701589
LAG3 0.225544188154559 0.0104459069081404 0.225487110681132 0.0109311581100639 0.497244956587375 0.459615558238609
TTC6 0.143941366784909 0.00208643641230155 0.14398450096196 0.00200940238678705 0.502265775564522 0.528418374968389
CDC20 0.50452872488274 0.331485327730442 0.504527556489368 0.331508923813075 0.499975204619373 0.49967659551678
NAT1 0.22816964665426 0.00941668730662515 0.228201028149139 0.00929951995261913 0.501983490879231 0.512922335972118
S100A4 0.301653783364441 0.0234409665970954 0.301502101407914 0.0244120930456274 0.491361329414139 0.423106076062029
EFNA5 0.864238823007366 0.148496076203962 0.860977683479426 0.154967484185845 0.445196111485806 0.271080269498404
HLA.C 0.343841359606032 0.0362151920953017 0.343232624133813 0.0397488444545574 0.479201950508274 0.317265173737247
S100A8 0.074990827772749 0.000118469089191775 0.0749897253325415 0.000212284147655373 0.499932856543984 0.286336317786353
BRAF 0.376925169339937 0.0383042913193195 0.377003949918917 0.0379256976277351 0.503184219801562 0.534531226123682
LAMA1 3.02544715078312 0.280723298350213 2.98744543344501 0.298888720061257 0.356231629789966 0.0846437098860417
TTYH1 2.69057085724858 0.483951920982364 2.67909677202495 0.488378572927683 0.397020513965927 0.29187760696971
CDC6 0.385793198394137 0.124445957762996 0.385860621078709 0.124140546972798 0.503733697108583 0.50856367992554
S100A9 0.0962353698370943 0.000269887717658945 0.096245342793441 0.000132427322539708 0.500359985330116 0.788596510008991
NCAM1 0.657873230548436 0.0494177728395015 0.656580122134871 0.0531354583960909 0.468239530662653 0.20266454159188
C1QA 0.303189503462201 0.391998042544745 0.303432671818997 0.39105978117365 0.504390775729089 0.505637456117578
EGFR 1.08710204903301 0.168682256879767 1.08056602763525 0.178544118115287 0.42483758134947 0.15474548015052
HLA.DPA1 0.308165724140258 0.0999507880423704 0.307968855916443 0.101209434957748 0.490903261626203 0.466954427652869
C1QB 0.334299188834204 0.494734849422158 0.334697214224293 0.493652725284561 0.505910026461959 0.512548736665101
LAMC1 0.728118166504279 0.114733670145141 0.728019292037679 0.114970793679078 0.496141977602222 0.490998923442811
CDH1 0.80130106978283 0.166100895078824 0.799341101150416 0.170214830173344 0.441503383263802 0.356960765844477
TYMS 1.13530940221384 0.568929561235687 1.13556723747419 0.568733460392723 0.503572733201108 0.51290066616541
NDC80 0.634031186229378 0.501487273393992 0.634147294953864 0.501291322488157 0.501828773558377 0.502572140600044
SDC1 0.771611522940325 0.146872723357176 0.770044980766804 0.150148906164722 0.479977266348909 0.40356799612746
HLA.DRA 0.332646721256377 0.41392606131004 0.332347406430197 0.415713860849205 0.493056414106048 0.475450053432185
CDH11 0.162848450657702 0.0918178253953297 0.162856540321745 0.0915463079846217 0.500140868141279 0.504248754990919
EIF3E 1.10951588459831 0.252032046220672 1.10713868445495 0.255245231450474 0.44992724812173 0.377919406319645
CALCRL 0.212813193276094 0.15195575235913 0.212886377420532 0.151492436810085 0.503649762287724 0.504232682698816
LDB2 0.417480317192708 0.372603874079389 0.417335931601645 0.372851043920008 0.497265779677065 0.498033481088785
UBE2C 0.358067617907276 0.182640931012825 0.358035195185555 0.182829918016071 0.49895740111155 0.495964283618494
CDH3 0.148521579834305 0.00194224417531772 0.148521868117376 0.00192244718309798 0.500016652388978 0.507880343280412
NDRG2 2.7858691382592 0.407294082635247 2.78170229963575 0.409083979199289 0.457286661622106 0.440938081407386
SFRP1 1.04667699976401 0.2153200120795 1.0411460874152 0.223650678306173 0.436191349425502 0.236330038844365
HLA.DRB1 0.217241977134269 0.0138822434247285 0.217224996319461 0.0137963325931255 0.499255644178801 0.506730151236557
CAPN13 0.141339844514504 0.0108888785758294 0.141357050906523 0.0108714115421831 0.501382156685821 0.501267001089803
ELF5 1.35986674813144 0.294169337234789 1.35940828937064 0.294622700540545 0.492341841532181 0.479786704637538
HLA.DRB5 0.14737494356652 0.0168039564070371 0.147380989364516 0.0166964789086734 0.500227738037833 0.505107036658165
CCL2 0.116696587017518 0.0035588374765943 0.116705799357829 0.00348558660544014 0.500478088262598 0.511200353873409
LGALS1 0.449981328072833 0.0688480789977974 0.449056833304842 0.072743212689104 0.474558095489239 0.393007894986318
UBE2T 0.622445385953876 0.335773116449738 0.622089839104819 0.336557474052964 0.492645494342281 0.470935100515492
CDK4 0.531873603912084 0.0640301928137993 0.531852687244974 0.0641233781925999 0.499140333917671 0.493833705561746
NF1 0.752582439941323 0.122356947144717 0.752633468047546 0.122234199050187 0.5023904073256 0.504798827722919
SIAH2 0.339543282585286 0.0188610278311757 0.339601224255261 0.0186289361178398 0.502620437247476 0.520529390264938
LGALS2 0.139113210438036 0.00300755407428611 0.1391266537794 0.00289676822798079 0.500948554942869 0.533778659664646
EPCAM 1.50415559268711 0.343322739899048 1.49805651940767 0.348565177986498 0.396078168011164 0.347113888379165
CCL3 0.279866391901663 0.0361547851319433 0.279967018450017 0.0362627954033552 0.500882485907442 0.498385837340091
HLA.E 1.01874177603641 0.320123766606548 1.01552421570667 0.324520727856772 0.439367337566985 0.398892626135149
SKAP1 0.220912632439912 0.0612928363108959 0.220705223523312 0.0627191454156553 0.490711956270453 0.471470266284986
VIM 4.77593784054293 0.266074446059542 4.41018862707433 0.373922461254076 0.0108380342742784 4.82377585276621e-07
CDK6 0.428077588204052 0.0357046780978016 0.428138021233393 0.0354300087521166 0.504494096482845 0.515030187861311
CCL4 0.165282932483554 0.055921945441448 0.165295261973948 0.055840033090891 0.500169232622126 0.500857257020089
NFKBIA 0.494362470403983 0.0407761975236551 0.494349750086146 0.0407824601462326 0.499632406683551 0.499665251573404
ERBB2 0.335889097869433 0.0321847488094898 0.335891920465307 0.0321743562583313 0.500182164892572 0.500705308064475
LGMN 0.792651415173216 0.287967964490283 0.792810461666918 0.287512511712106 0.501111231815709 0.506859433972447
NKG7 0.192391253372192 0.0389374708928117 0.192423854555716 0.038698011626706 0.500643782095102 0.505126583224573
SLC2A1 1.17268357072638 0.206237197850899 1.07661685434633 0.330764693698185 9.77116312754679e-05 5.33863898863709e-08
HSPB1 0.968882610938925 0.0748118616959028 0.93127041077886 0.140314262202271 0.40011564296219 0.0436698777390649
CCL5 0.230529641448426 0.0162889080436672 0.230556897976738 0.0160709567488682 0.501260291076198 0.51885931831411
VSIR 0.291358910907224 0.0249165217125134 0.291355088064174 0.0248387283365636 0.499872850800471 0.503757685941255
CDK7 0.378901340300521 0.0257796922850237 0.3789264407622 0.0256641989588812 0.501301418114341 0.509482152085645
LILRB1 0.261703485126646 0.189157613919296 0.261680604724826 0.189271493923369 0.499575053928367 0.498143909128693
ERBB3 1.02392696437148 0.191350930407886 1.02129777323645 0.19548131043396 0.44511008980077 0.314282766748116
CDKN2A 0.164378924510768 0.00377360520654976 0.164383577991055 0.00387567446905572 0.50031420352733 0.477548199310231
SLC39A6 0.489107414097855 0.0435531726363541 0.488852630588984 0.0445593542311529 0.490121011373025 0.431859080429921
NOTCH1 7.51785831356728 0.450787753245568 7.50592547338284 0.452536724717854 0.454578481620297 0.442323504367872
HSPG2 0.387181236069062 0.191798266716504 0.386993419873263 0.192595196122811 0.495571705551764 0.488111035427856
LRP2 0.193262777036187 0.00328663336746694 0.19327212971147 0.00331612388840228 0.500485321352833 0.493309716187369
CCNB1 0.821603058240265 0.532447411297269 0.821776659478774 0.532248757900824 0.502602219328027 0.503665744457921
ERBB4 0.180139167601735 0.00406282077876028 0.18016547743197 0.003860514958002 0.50111477534349 0.541526212348796
XBP1 1.99863301215291 0.546023989815817 1.99239900937976 0.548447039416993 0.477948904740535 0.480173957851302
SLPI 0.175501397572025 0.0104868667860317 0.175448507792232 0.010953166758768 0.498986785397467 0.472961936641386
LST1 0.131730202570002 7.12675644028105e-05 0.131761891489204 0.000268715656123164 0.501193530476952 0.22841047123182
ESR1 0.0935434603455337 0.000563487567385412 0.0935472553160848 0.000502506709300776 0.500231097851808 0.566879093372552
NR3C1 0.281482287891366 0.0351247778338557 0.281484416726833 0.035160419270132 0.500091061694978 0.498308277782418
ICAM1 0.28823532650861 0.0194283159147994 0.288296750410358 0.0189508461954644 0.500692473263684 0.531495596018377
LTF 0.114594015551416 0.0154767637694743 0.114604757496545 0.0155132779787328 0.500384994036726 0.497710562661685
CCND1 7.58609585304188 0.390222409405334 7.54031929986037 0.397563314133221 0.331078901839192 0.21178158136222
XCL1 0.318773542057347 0.0180204497878183 0.31857715670752 0.0192326228811179 0.490650507243644 0.380504835521563
ICOS 0.143141676865232 0.0655088871491312 0.143158476177459 0.0653816827826693 0.500392387903574 0.501931479762155
SNAI2 0.502432427948083 0.0762572743641836 0.501219076388141 0.0805076931482439 0.474495493432994 0.354591997255251
LUM 0.181746349681584 0.198682444426359 0.181837506701344 0.197948929177704 0.502227140451854 0.504498104153888
FABP7 0.502934465185559 0.0662237844271003 0.502256183445953 0.0686878271751108 0.471715398039864 0.369831834049113
NUF2 0.552003875757445 0.40993341759704 0.552003392060838 0.409882483635452 0.499989105564729 0.501160089835982
CCNE1 0.312712779313596 0.0747573738631942 0.312682168131634 0.0749365037496809 0.498390001676246 0.493249887534525
LYPD6B 0.17145399234121 0.00438370519495456 0.171407030108129 0.00481871990849532 0.496308734763279 0.427078845744017
IFITM3 0.260520547243597 0.0430117993696076 0.259939767762303 0.0474734036229422 0.475463953668321 0.343143221457461
ZEB1 0.672807872611594 0.242610127566346 0.671961468218154 0.244300184140105 0.478323325831295 0.471172177323042
FAP 0.207438013589006 0.025880857197621 0.207461880506752 0.0257646734512526 0.501483714416863 0.506899440115904
SOX10 1.16533462403333 0.265174538806647 1.16450653230381 0.266233850753545 0.481629933850417 0.454339461070907
CCNE2 0.279247906351631 0.101513097642115 0.279305789433052 0.101138582647718 0.502163265454947 0.509592761416845
OBP2B 0.740791713117717 0.0814462260212272 0.739656096555375 0.0842101054171669 0.488623067916564 0.381996486085658
LYZ 0.440302507560597 0.227403705431993 0.436114154217065 0.242973116695002 0.463282158374018 0.205713957144784
IGF1R 1.02441891749074 0.187669690123414 1.00646134222427 0.215336339092774 0.29974484197502 0.0244851092819941
ZNF571 0.457792849700181 0.0638176991010451 0.457852785540517 0.0635811098649 0.50219666818887 0.510042123819489
FASN 0.819011816419823 0.143432283201581 0.816348653207058 0.149001618801222 0.445069635153317 0.226678935690802
ORC6 0.802206466236881 0.412878772747612 0.80230913880837 0.412725135859112 0.502066021543787 0.504984347101203
IGFBP5 2.6967690366122 0.269611371212781 2.68419186148547 0.272924250079755 0.484021014330823 0.46356293920225
PABPC1 5.57210596779499 0.600198350862312 5.5461939595449 0.603914711215856 0.422449687897606 0.345523182893265
