target intercept intra juxta.15 para.100 p.intercept p.intra p.juxta.15 p.para.100
TMEM45B 0.0841117453759267 0.0163049461547431 0.0669238750563979 0.00564963864556016 1.20296007282198e-31 0.638974243096509 0.012046364938647 0.784128589780461
GRB7 0.144592635634208 0.0635697577762952 0.0435481936139747 0.0291946214329209 1.80695440583366e-37 0.0597300296995067 0.0926359568155384 0.128666643247593
ACTA2 -0.849388487001208 0.927491769921628 0.129513072131095 0.305190405428929 6.70466965484689e-76 0 2.60116635814894e-09 2.02212138422213e-92
CTLA4 0.080753912659335 0.00949419615123673 0.0322206355787941 0.0326695344860431 6.85293827425431e-32 0.784351395255778 0.236135661953563 0.106459812407517
MYL9 -0.539966649881535 0.811260093467745 0.259198074506442 0.189506052386325 6.36698567560645e-35 0 3.8619437787945e-29 1.59596419580275e-32
IL2RA 0.0778507315434512 0.0771634869382992 0.0525081831373619 0.0468232908906248 8.11679315024208e-27 0.02281666987891 0.0425688359522095 0.0199534713108157
PBK -0.103111589222077 0.69494174559644 0.247243366705517 0.15177330661809 9.54981852692504e-10 1.30085225342157e-226 6.971014124853e-29 1.83758425796451e-19
MAPK13 -0.331774754770565 0.791433240879104 0.195613438198887 0.151412797980927 2.95900901830207e-12 0 6.38548380976795e-16 5.8567516145197e-20
FAT1 0.222882328095707 0.341561680931243 0.0722239551475337 0.0925170610926148 5.64304971541915e-17 1.73592547164984e-29 0.00513529824608059 2.96313199568382e-07
BANK1 0.119503080923889 0.0791937760504976 0.0615049887573361 0.053340020241849 5.68087739741471e-32 0.0158491577429926 0.0163211253579556 0.00644631824078826
CD68 0.129881841059904 0.146745766863776 0.0923979775491804 0.106945678178839 3.32941963972382e-23 1.776806188949e-06 0.000326279749809932 5.08231892679756e-09
SOX18 0.0448371376495453 0.445749903216548 0.126764686656378 0.0742605548589536 4.25954542194617e-06 1.56438188479712e-56 1.41821000651272e-06 9.19783875556435e-05
RB1 0.021424200528875 0.602648715379686 0.178892856283097 0.146731252566877 0.685755321057125 1.61823292274065e-113 2.22958766504397e-11 5.85782632319998e-18
KRT19 -1.49249375230483 0.860513786340125 0.142425973411619 0.253458737184347 2.25204765769761e-73 0 4.81087779319158e-14 1.4433226035678e-67
CD14 0.101081868300591 0.290371976490136 0.0643934721624526 0.0795208335007716 2.80242643705642e-17 1.27369282513521e-25 0.0137037509356608 2.86797619215095e-05
CEACAM1 0.0649217622869492 0.470074415215152 0.160578831951443 0.155725905957854 0.00654071934010275 4.17828695284518e-73 5.52265211244612e-11 4.74691084807695e-19
PDCD1 0.101006965699234 -0.0234953685011989 0.0215023380528601 -0.012532695652498 2.01468560629013e-41 0.490448973746113 0.439399930410526 0.539434336909612
GSN 0.236071897561302 0.166759614367392 0.0614484848434551 0.0511594748381195 3.97313665302563e-34 3.87902826926481e-08 0.0197380466761584 0.00595496064277275
MYLK -1.06970647452329 0.974771774167352 0.128820204891393 0.220106261759993 1.40091386641694e-73 0 8.72056394350626e-10 1.42984882871661e-49
ACTG2 -0.0545560269065728 0.570973439232518 0.164666740656305 0.263082082762598 0.00561639852974916 7.79496112354226e-123 1.17573814080559e-11 8.89800980610201e-56
KRT5 0.0659580600297131 -0.037162223017797 -0.0320229699299363 0.0104230895410966 1.47824401945455e-35 0.282072927721278 0.24471324995826 0.628342144235718
TMSB10 -1.63290969624518 0.879138338726753 0.146196897146923 0.290470724593363 1.39964403227898e-47 0 6.01374970163785e-10 2.01889903309743e-81
CD69 0.163111521643163 0.202875725164483 0.0583592515465746 0.056300566827968 2.11585184841641e-28 7.7276387909906e-12 0.02240847411579 0.0025630505176695
SOX4 -0.2096777810871 0.645696718099069 0.155061730492058 0.260395855434446 0.00911701809045241 1.34794327640299e-135 1.80555915657981e-07 1.5700778689613e-56
IL32 0.131805847597892 0.338392737168753 0.0970454192871941 0.167122196766512 5.21606101448491e-10 7.05074617632683e-35 0.000240249002958208 5.7690817115245e-21
CTSL 0.273645109907436 0.350353681402598 0.159796680608511 0.0879681684399562 9.21711322283109e-15 1.74908012723697e-33 2.5584432567172e-10 9.56271447921299e-07
BCL2 -0.0250720564402566 0.611364538495967 0.214885798494167 0.119651564291679 0.457304962606326 2.62655948564709e-133 1.06160663698926e-18 3.73618504671033e-12
RPL13 0.667976509146572 0.131841490045955 0.0758263052336947 0.151976050826196 2.70912555776813e-33 3.73797701324805e-05 0.00828554808497914 3.62728376648568e-18
CENPF -0.762160379904758 0.829961051043322 0.240552956132346 0.351882398788307 3.36595379391672e-169 0 2.35136298085973e-42 2.40562772302719e-135
PDPN 0.0486639361328264 -0.022806277110975 0.0220525494177311 0.0409854142936325 5.96799373766916e-25 0.524355739447926 0.435166550342077 0.056229748612609
FCGR3A 0.0874035656013712 0.578647851011661 0.0935853008946026 0.15481274011968 0.0223016353487744 1.77312420007191e-124 0.000280144416630024 2.25864039850513e-19
GZMB -0.0409212682167674 1.01594633761856 0.126992819894995 0.160870831527488 5.80532493848112e-12 0 1.11303970929315e-07 9.49108827454611e-17
MAPK3 0.336214998250676 0.0139373246938984 0.0707003213890084 -0.00816605476682487 6.1195098505113e-58 0.670108946890861 0.00552437265871375 0.664126942579338
CD163 -0.682404714880764 1.02223183728215 0.115008761390038 0.326029563918456 1.4982726567073e-83 0 2.49677984954532e-07 1.57083962678104e-101
CXCR5 0.0649228572170962 0.0537162127086681 0.029156806688112 0.00961216351403673 3.21342236900967e-28 0.122573148763784 0.286407750969589 0.641162207655471
KRT7 0.044853217439101 0.15827941903424 0.20701180636187 0.124443328973485 1.69705619088281e-10 4.1539166683594e-07 3.40435500441855e-15 2.69027991626119e-11
CD7 0.114689056310414 0.019746402926929 0.0689644174854948 0.0637703236828692 4.47771046299705e-33 0.558274328808875 0.00864540488270961 0.00107589415644843
TP53 0.0733970241277414 0.67127780605461 0.142433462295808 0.1257440456747 0.394507765990874 3.14833506752992e-141 1.96005820299443e-06 8.41129157359046e-13
IL3RA 0.087945205961608 0.224525768480258 0.0152662833087746 0.0518523828057855 5.28855168723711e-23 6.60580763078406e-12 0.557910137071035 0.00909962269132547
MYO10 -0.0313915774745845 0.704878330716274 0.105144536154859 0.142142555768133 0.290612484386614 9.95060426466302e-223 2.62444758112826e-05 2.53676031302144e-16
FCN1 -0.0701008702208875 0.573866424061539 0.145764835225536 0.449730473687333 7.7876676116717e-10 2.08928116367056e-120 5.18876328596142e-10 7.53202127150237e-152
BGN -1.12255921486354 0.985147529647789 0.00493067199047812 0.277894542463091 1.50949843886506e-51 0 0.815619070438018 5.77270521769045e-78
ACTR3B 0.0829033682042404 0.447219077594535 0.249829268939652 0.122934207345094 0.0191844857813321 7.43450926247235e-62 4.79686916825593e-24 1.00310089713456e-12
RPL18 0.379866924368718 -0.029760201763513 0.0473826151437668 0.0348181947916199 3.21147808987352e-60 0.368416963093509 0.072749695823287 0.05741889554756
HIF1A -0.337574873454277 0.753763438162489 0.162270575892765 0.198250284175835 7.84701208666172e-05 2.29369492866825e-219 2.26414313586571e-08 2.78179360417533e-33
SPDEF 0.116235823670869 0.358307456859287 0.111411554487065 0.209184230910387 4.56347183870319e-07 5.96690640424614e-38 8.85674847414958e-06 7.50503858561238e-35
CEP55 -0.381361267725924 0.893863792725355 0.175943596277736 0.213370229905313 2.92674109949249e-52 0 2.06625322585895e-18 5.47767086340221e-41
PDZK1IP1 0.222207688017237 0.162350314362742 0.125587195949068 0.0774839100843181 2.37698234840811e-28 7.86392082402541e-08 7.70739589349166e-07 1.44669315785051e-05
MDM2 0.139480200130464 0.412030857483578 0.114638457749628 0.158615097316746 1.77929510504045e-06 9.83725968161892e-45 9.36433741517086e-06 2.60128739963487e-19
BICC1 0.0603128340305894 -0.0184317956055418 -0.00443770784736921 0.0166773718473599 6.96441059264206e-31 0.612078870077706 0.87453172469974 0.421051980942873
CD19 0.159056568675912 -0.0405751967892357 0.0249956758019673 -0.0157943327404903 5.16214318899773e-52 0.231443961587591 0.345481418865668 0.420855752791442
TPM2 -0.779013659698583 0.832241831852306 0.243264493060934 0.220474580945045 5.34550181620262e-51 0 6.58558399857017e-26 2.50587829962871e-45
FCRL5 0.0793809776061143 0.00577050672978268 0.0512884417626365 0.0385255870651149 2.7852419758741e-30 0.865699461973286 0.0623906127347854 0.0578650019833313
CXXC5 0.106310260081421 0.423668814996306 0.188730278600988 0.131560926385361 5.71054623772694e-05 1.93659580066835e-54 2.23989449733777e-14 2.0086392867658e-14
KRT8 -0.283256170375238 0.709420166263204 0.168693250094329 0.216668757827533 2.09054476497552e-05 1.17730821033096e-216 1.36863808638011e-10 1.45041352322172e-39
MYO5B 0.120973398533801 0.18614061367446 0.134969476019699 0.104950713940313 6.62740567798412e-19 5.67447321885066e-10 1.11253817611692e-07 1.60722184386599e-08
IL7R -0.0425352046908129 0.661898204117048 0.181490386969437 0.350636268896745 4.13787264842567e-09 2.91944237663986e-176 2.48913007227791e-15 6.26208304590629e-85
CLDN4 0.0659021233380415 -0.000176651838383795 0.0623325425068687 0.0353576876039047 1.53603060708001e-27 0.996040320513269 0.0166442013274097 0.0893016889966476
SPP1 0.0503673524336468 0.0458717017238338 0.0116596964229173 0.0517040686057305 1.85602552703781e-23 0.188194122743042 0.67280457424103 0.0114597054109836
RPSA -0.586237476552394 0.83370232847037 0.171699616622563 0.152092326435696 1.1314070002731e-08 0 5.33529734766699e-10 7.41826018071623e-21
ADGRL4 -0.000300526762714232 0.675852783591206 0.0788418085629534 0.139935997989144 0.984760764506441 8.39794403430623e-196 0.00129020906799654 1.00740375588787e-15
CD74 -2.72606551749265 0.854568558850203 0.10321887324424 0.520225300905419 1.08314699166294e-125 0 2.98950059166496e-06 0
PECAM1 -0.0376141558862702 0.844740802904201 0.100716223143491 0.0654979740624824 0.0197271942383626 0 3.07817273185011e-05 0.000234555824615105
HLA.A -0.471294626437476 0.777085725430203 0.189153211348768 0.22876231965795 8.96020202955451e-19 6.040941367159e-288 8.13247810436998e-15 1.18175489399967e-47
BIRC5 0.0551238415110185 0.187079426639659 0.128665145627766 0.0271695739583974 2.01137154500368e-16 1.09986138963777e-08 1.52603428162125e-06 0.17090670701889
TRAC 0.0163871127171166 0.585787959856896 0.117750069392862 0.110759965097241 0.114302083265021 3.33588911788599e-116 1.18491619625789e-06 1.04761861633808e-09
MELK -0.143101118436028 0.926233596649098 0.146593012511453 0.0886825598609137 4.06073823852672e-16 0 1.93370410344734e-11 1.0194631329136e-07
MZB1 0.0603407433230185 0.261894574787054 0.0743610946414782 0.170005551699838 1.37671783199744e-10 2.60040541450806e-17 0.00299772462833239 6.61966649833403e-19
FGFR1 -1.43108194912429 1.02978282700935 -0.0178028011219289 0.231080565945303 5.60783488665006e-105 0 0.268768004086478 1.55619186651514e-65
DCN 0.126582246219166 0.197240389485074 0.0295431621684644 0.0509488632887691 1.20980530482932e-28 2.06318997315065e-10 0.268863895003192 0.00605615633298283
CD2 -0.238853945959341 0.997034989055631 0.185486732865719 0.321022004006115 4.2057832641682e-77 0 2.82322480956005e-20 7.08678989354035e-94
AGR2 0.0500427194951568 -0.0198204123691203 -0.0155244362933849 -0.0112439544526197 3.83991416248784e-29 0.583180224106053 0.591765193810557 0.597842871736076
RRM2 -0.0317204581536398 0.726436395533227 0.15953510977177 0.125651176487623 0.00206699205174216 1.00284376588061e-216 5.24264504182863e-12 2.31256210665204e-12
LAG3 0.160901876462746 0.234982151425279 0.113139337886178 0.0307551442570807 2.6449606200547e-25 4.1697422012045e-15 8.68534409249252e-06 0.0979291250967715
ISG15 -0.471726196918024 0.596544544363286 0.155425928922554 0.382785247439625 6.05576527364348e-05 9.69484898677621e-112 3.20162652135382e-07 1.00484912015013e-139
PGR 0.0641959219088897 -0.0131741705059901 0.0315913923878051 0.0576044739248579 3.52091864044253e-28 0.707545962278661 0.250432591254047 0.00476277259574548
CD79A 0.0579516311500562 0.0241983807048606 0.0511109271006203 0.0640963167480789 1.85041929820121e-24 0.456773016337405 0.0622950671769169 0.00198986511054802
NAT1 0.0718412709995668 -0.012112915708261 0.0216051321295783 -0.000859778497512216 3.99353661086629e-33 0.72785797457864 0.436740225655256 0.96687070286602
STAT5A 0.250014984035954 0.0641696438490804 0.118500255299573 0.0602641969846165 1.68728717996506e-39 0.0402458946040625 3.58545256584719e-06 0.00129686517943598
TRDC -0.0417141031436071 0.798846976654878 0.105566153183303 0.202029185984376 2.18686879609565e-05 3.2667510720791e-280 1.90444876574117e-05 1.98127434481919e-28
CLU 0.205348780625092 0.352746715600003 0.122693374141657 0.186555263413328 2.05861248232498e-09 4.47620196911653e-38 2.40458876702634e-06 1.23018750831819e-27
BLVRA 0.0334604679802339 0.581368499827059 0.188564177203618 0.148838882566543 0.493285347073839 8.91207729102827e-118 1.16844199046451e-13 9.18335411769894e-19
FGFR2 0.0770132077009404 -0.0220754095984948 0.0103534579859755 0.0125342541245124 5.02647120521663e-35 0.521229344062973 0.701070447481524 0.542466812769124
MIA 0.0711296362408582 0.0117443599820848 -0.0531514377673927 0.0505414445802551 3.12425537843313e-33 0.734368716780434 0.0629069035959874 0.0128165743244044
DERL3 0.115979717450432 0.00967751634696227 0.0756208286582411 0.0698018631592 5.13544916429673e-33 0.770935752557452 0.00475437114235298 0.000308051475545504
S100A14 0.0588992691366947 0.0343107435450756 -0.0242078009823229 0.0715383273720883 1.15025077383394e-26 0.338495897402454 0.384262600875058 0.000347914295147557
LAMA1 0.102283591123607 0.00955384820650972 -0.0115885219200153 -0.00562817076382026 2.57652780793851e-41 0.77973479728136 0.678142942374418 0.782105950204887
HLA.B -1.52277398376667 0.84783041983134 0.0974541009041511 0.304857444878985 1.03522341730678e-48 0 3.33387280109893e-06 1.67496615834574e-99
CD24 -0.974982051568046 0.875745238237631 0.0846153423279217 0.276121880805006 3.22428412793914e-35 0 0.000163428260875701 7.07231030653004e-75
AHR 0.183411134511731 0.241178238361812 0.113473523398156 0.0754965281825482 4.05272433281594e-21 2.48802689746644e-15 6.23055351193733e-06 2.67965537710492e-05
CD79B 0.0807555045024078 -0.0268536782385414 0.0542055353060938 -0.00181926415041619 4.92257312637731e-34 0.435379163229481 0.0556655246508347 0.929325833673372
PHGDH 0.22868007212083 0.145209768935429 0.0782752687518365 0.0380302639567718 2.02106224326336e-34 2.41675963626396e-06 0.00247447515402197 0.0405530817039518
COBL 0.0866405858880697 0.240223784254337 0.101249464977666 0.174816639731403 1.59104555872418e-12 9.89256523069324e-15 8.18598838153013e-05 2.163080404128e-22
TSPAN1 0.112905054704861 0.127889748095151 0.0773270820391277 0.0870280008229468 1.14650999422405e-24 0.000105987883383209 0.0025144943503512 2.98988005413521e-06
FGFR4 0.120845935120974 0.0953408333881881 0.0865091253143349 0.042469916004184 4.14637235409393e-30 0.00281814523453822 0.00103786484358283 0.0295012623859382
ISG20 0.236363552762404 0.131070098433184 0.103930556445171 0.0871268963137088 3.31473716969813e-31 1.81481862293806e-05 4.75940981773967e-05 2.32319854909941e-06
NCAM1 -0.209862716304992 0.867881085506778 0.0795546769710209 0.147482989178666 3.93173155537208e-07 0 0.000946393133436592 1.35149016633841e-18
EFNA5 0.0648224467230737 0.107022191804966 0.125625597183523 0.0589054445005316 9.6016387624154e-20 0.00152292351153942 1.10810106934545e-06 0.00241911669249478
BRAF 0.153756324247408 0.418180705874814 0.161472334651475 0.0522074658264072 2.72556655214988e-10 4.47402389938769e-51 1.50234488191734e-10 0.00344090482441431
STMN1 -1.09374778117963 0.810895675065723 0.251808109056298 0.257282168240729 6.07068387973645e-57 0 4.6755072816036e-28 2.67114937439364e-59
S100A4 0.211607489030425 0.142393724047069 0.0742219615920649 0.105288470784671 3.16418682305329e-30 3.62622026406353e-06 0.00369587118004964 8.32929903919613e-09
CD274 0.100918401699066 0.0373181784413108 0.0633989995468311 0.0511911487952273 8.55000665216187e-32 0.266934354143233 0.0167218324222909 0.0124595703967996
PI3 0.0573981353424637 -0.0147302271427301 -0.0610269814390078 0.0615699151583166 1.121957536925e-30 0.667620022297268 0.026520501590362 0.00355771798069434
MKI67 -0.265052522402775 0.967074050353637 0.170474125811658 0.166335595705596 1.70844543588561e-50 0 1.13956437158993e-17 1.60980272560313e-24
AIF1 0.206824346477557 0.155788146523101 0.0579850670281077 0.0570841807003062 1.11971740474844e-33 3.66231264855788e-07 0.0262781721104318 0.00218618601696038
HLA.C -0.356858419692628 0.824621041932608 0.167064705932798 0.13358434430359 2.90268249323493e-08 0 6.1575980033236e-11 4.91245604679234e-16
LAMC1 -0.566027755037351 0.832904198207706 0.156512615158598 0.236118840351872 7.08978530311708e-15 3.21791345043441e-291 1.75517162887587e-08 1.49164862141269e-47
CD8A 0.145659705270187 0.142402986673341 0.0598395352406663 0.0402514888638325 7.11650640177157e-32 8.55837266718663e-06 0.0192636959008565 0.0309520746828415
TTC6 -0.661569232240899 1.02165916580453 -0.0239654491050366 0.213519842648093 1.1647832893888e-32 0 0.25512123155534 6.36059740873363e-46
FN1 -1.152948732636 1.05787225942315 -0.0232025650590943 0.265023100747161 6.28409590163112e-91 0 0.211066180616212 4.09017340250235e-84
NDC80 -0.0834896504320769 0.756264091078013 0.17687719122726 0.127885451621622 1.40309306198125e-06 1.24876238504778e-282 8.19530911385726e-15 8.4900658762829e-14
S100A8 0.0340897039079541 -0.0793372566688289 -0.0254564816343118 0.00685213304450857 8.50167135686504e-24 0.0353128120854306 0.374716612052623 0.75743413023161
ITGA6 -0.555408298022012 0.983352806579506 0.0748053206035276 0.31885050271662 8.90598432606657e-64 0 0.000925961057614514 4.33602764523607e-98
COL1A1 -0.218778224662847 0.868455067327564 0.141177996949872 0.184339847845739 6.06187781355632e-26 0 5.03973560273479e-11 1.35111129665758e-31
EGFR -0.365306727047485 0.830968063145287 0.111820409113126 0.25500217268278 1.23272367568254e-23 0 1.29935744523699e-06 7.7865230719273e-59
SULF1 0.0613485988027999 0.351827752231635 0.132729108739907 0.136148050347293 4.93085446938954e-08 2.48766377451852e-35 1.77066167555623e-07 9.56014231656946e-14
C1QA -0.21637270960652 0.788198207898433 0.140533619211076 0.187605741964501 2.27817686006787e-08 7.69662253549493e-313 2.50267561135958e-08 7.00089838859451e-30
CD34 -0.581267632873709 1.04977860086662 0.111001132161953 0.166567425510629 1.61418513430539e-51 0 7.76405332036743e-07 1.14133742128336e-26
TTYH1 0.0900189722945811 -0.0140436213299888 -0.0117894530239554 0.0539982620456789 5.183965817203e-37 0.69032483013965 0.663104649983745 0.00620584578155611
PIK3CA 0.20762527049079 0.389295063887022 0.166757158015768 0.154725594306731 4.78800283363063e-07 2.90022994306243e-41 7.85563563484454e-11 2.30464368826947e-19
S100A9 0.0589946506033682 -0.0344799912933522 0.00862188822879294 0.0315112857636283 1.90437821724006e-29 0.339068577428346 0.759214674942562 0.134889565135106
AKT1 0.444636386758357 0.167578681096047 0.122944994182953 0.0717182421376092 2.23367082581264e-33 1.00329362814394e-07 2.40164115502833e-06 6.47285293839238e-05
NDRG2 -0.487290209840075 0.865048548892327 0.186789446304035 0.162701979086436 2.92027319486308e-16 0 4.39854109478755e-13 1.16835727025401e-22
MLPH 0.1091300827009 0.42890444005787 0.121670870308897 0.0974802420202054 1.16467766051941e-08 3.72820677928572e-58 1.22950432151387e-06 6.22934178767081e-08
ITGAX 0.00492251076028567 0.62540390255039 0.0944541222644722 0.144126891553243 0.670370436464278 1.54828289472932e-154 0.000114019315734442 2.19981399042336e-14
CD9 0.189057232763627 0.100876975065759 0.0338773605187951 0.0463035499520064 3.23464931892438e-38 0.00154762514051972 0.198363996526488 0.0150510591526145
COL1A2 -0.597066858873554 1.09937289297738 0.00992781891762591 0.158827773092454 3.62947109686838e-52 0 0.619444418893928 3.68045538848441e-27
FOS 0.0904673346403571 0.204690223097213 0.0754200525846715 0.434376687863471 0.000280681587915726 6.70575147107897e-13 0.00348847913625287 6.5555758759452e-153
HLA.DPA1 0.0715680612395357 0.583919004749834 0.110562304395805 0.157073554314913 0.0723228256411748 2.03626401913135e-124 2.57347478047213e-05 7.30468115025749e-21
LDB2 -0.806646888026114 0.998454332584192 0.17824625231266 0.223069818516294 2.33858248935421e-82 0 2.76351207064567e-16 8.0696677756715e-50
TAGLN -0.435142058927717 0.79824021942257 0.262328021636917 0.209058000504608 9.73985881263635e-37 0 2.84947991058354e-31 4.44717215739082e-40
CD36 -0.808210170250038 0.825306531393821 0.135220230213251 0.477390280592315 2.65153358625139e-78 0 5.72827240974895e-09 2.97266388401787e-256
EIF3E 0.37296223260708 0.247941757644122 0.140398068642446 0.12103342869427 1.14026067377023e-19 1.93901727239874e-15 1.34681461527668e-07 1.68126765367625e-12
TYMS -0.454484587412642 0.899538174675513 0.126327042473091 0.304102925677428 1.0203341125602e-53 0 6.30365733433967e-09 1.94672919383298e-84
C1QB -0.325763572049457 0.83591490955186 0.176071790299928 0.178149721859649 4.29548506208579e-16 0 1.05052181106354e-12 5.60271702548586e-27
NF1 -0.163940807948695 0.778571326249607 0.152640894581778 0.121371493909647 0.00209816455296321 1.04922004018493e-230 5.46583454527727e-09 8.06703352066407e-13
CD96 -0.00383293935840915 0.728583607186115 0.0812316645821296 0.107048944752447 0.65932886909035 1.3475882825858e-242 0.00061592677480383 7.56920064684957e-09
MMP11 0.138558475266516 0.276536238296656 0.0393044549270006 0.0966329845505555 3.96726089505167e-21 1.10505496474879e-20 0.12397610386506 1.17138843378162e-07
PLEK -0.261876322573751 0.889739230122919 0.146591777932396 0.174444572344834 6.73283310091068e-20 0 5.77539165737991e-10 8.89737208611481e-26
ALDH1A3 -0.214988057288316 0.433984877896721 0.185487016897455 0.50523274128204 2.24092942500995e-10 3.85727959180704e-68 6.33778796113758e-14 5.77687118435327e-255
COL3A1 -0.520903512647892 0.995455872034909 0.086582912192066 0.204279733278822 5.42525867232084e-48 0 4.07187649544197e-05 3.32026061141046e-41
SDC1 0.122416558983734 0.440019626943744 0.170945985736133 0.139078453628487 7.00644546704542e-05 1.02459578245599e-61 6.63676093234178e-12 1.87686799411563e-15
TBX21 0.106814451337218 0.217861154638725 0.0602102696445637 0.0492165453853252 5.81691642574943e-23 1.65361390053831e-12 0.021209117272134 0.0117136844493293
HLA.DRA -1.7550400988881 0.938991427781972 0.223253378257456 0.323433211812474 3.19877375942834e-85 0 4.43133261953605e-18 5.94792231053951e-106
JUN -1.00601707859951 0.885687917861483 0.0158776697771485 0.285542516258524 1.29131113995106e-23 0 0.469796440200703 7.67701259233474e-79
LGALS1 -0.366784392126968 0.747585304434919 0.122194414163244 0.240606754306533 0.000228413792882891 1.07533822551922e-231 3.33791665543049e-05 9.21441433950352e-48
CD38 0.0565277979457988 0.2599846207949 0.0760578683050671 0.0128192205748396 1.97456459626336e-16 4.63273108340586e-17 0.00395109445168366 0.515259252889466
MMP12 0.0445980401394274 -0.00512140790290642 -0.0394819648822478 -0.0059484304549992 8.39565005591354e-28 0.887340278337472 0.161613654528574 0.780850920532851
FOXA1 -1.18753949977497 0.955309140707901 0.0996534305333835 0.153623809877148 7.97695109956762e-53 0 1.37501080629353e-07 1.27966319262388e-24
SFRP1 0.0410704567712671 0.0359829428596591 0.0421281684608092 0.0953353131524901 6.97744026597324e-19 0.306751822558604 0.115066238602455 5.28466717839285e-06
UBE2C 0.0811468491760362 0.365032237921582 0.103788162242348 0.077935286442845 1.45360647189601e-11 4.73299055085738e-38 3.65121205127219e-05 2.61458027838216e-05
CDC20 -0.0837364573779118 0.669405912965822 0.218221981211394 0.196157868183824 1.65600214142209e-08 2.076180879305e-201 2.48122709280928e-22 9.13460656528026e-32
ELF5 0.14798677219699 0.0864137081254063 0.0119382414548344 0.0241908527817893 4.93521807124964e-40 0.00920177198319841 0.656282601210993 0.210739605513451
CALCRL -0.00125269275586915 0.536279155382369 0.178241651956987 0.175542323407399 0.949694187670513 7.97647281776324e-103 4.18377333870428e-13 2.16069538928603e-25
COL4A1 -1.10429127825744 1.07657782869204 -0.00959151530477029 0.247186630503632 1.63937896682292e-71 0 0.63077267293386 1.2229281252223e-66
MMP9 0.0431776771455501 0.0402710373759252 0.049868183284239 0.0615780070276756 5.82867788906573e-20 0.255274593649172 0.064734770313687 0.00218130323950878
ANLN -0.254469671044502 0.901385168378762 0.153677411889122 0.187394398025602 1.74453002595507e-35 0 1.39849654656431e-13 2.90274063614506e-31
LGALS2 0.0588116125049444 0.123051683173548 0.0702460445865067 0.058063947023771 1.32698975591364e-19 0.000358190308517619 0.00878459223283905 0.00334458036255732
NFKBIA 0.327039986944131 0.243348749054114 0.112682809115098 0.159026098328316 4.55036143425754e-19 6.16675684047157e-16 1.57934069491134e-05 4.16250807286309e-20
JUNB 0.108615485583191 0.496095150159754 0.135258310654189 0.251971507781617 0.115378130669356 2.46272253484941e-67 1.82502554800531e-06 1.4440075786422e-50
HLA.DRB1 0.113592202830466 0.528566732050234 0.107585202591016 0.0985210640189105 2.79096549579197e-05 4.96220150249727e-92 3.00937564243367e-05 2.92846996571189e-08
TCF4 0.114135332618318 0.536707472802589 0.0869254724019357 0.0699537312462899 2.00112632303779e-06 1.61135630855818e-91 0.000734730682319287 0.000119605786476963
PLVAP -0.586716231093505 0.985976930705004 0.156609137395734 0.195024591039739 3.5162334692427e-50 0 1.18104617624921e-11 5.98291648201874e-35
CD3D 0.0304886111807275 0.738144983311176 0.0362093073945072 -0.0267428037864244 0.000818582635040483 2.15841745832332e-225 0.138618584497892 0.148971525325182
UBE2T -0.0822725237795714 0.700504739894569 0.160432058732554 0.138120210548833 0.0208557863052845 2.47034817837933e-210 4.33186962941243e-11 5.95783676187155e-16
SIAH2 0.307446066240277 0.314394163504037 0.15677249836816 0.136357071387765 2.60165291127085e-14 1.77102781520674e-26 1.62394597308138e-09 2.45319168905469e-15
CDC6 0.0218417648928117 0.672322562875266 0.0642815812349788 0.0948670649893817 0.120691533490322 6.06041572996588e-157 0.009221000667273 1.31129204712248e-07
COL4A2 -0.886727460488824 1.07425006320164 0.018558739163816 0.156922859319688 4.49638053005738e-41 0 0.381562691623856 4.89646002302833e-26
FOXC1 0.260786897791666 0.33828666003879 0.126400363555098 0.196283383705739 1.76890894018249e-09 2.89250343492035e-32 2.34957828642296e-06 9.07502887120256e-31
AP1M2 0.136041558431043 0.306492572541832 0.144172834950412 0.0915082032899788 6.80343579814319e-14 3.13315336298811e-25 8.62189742676817e-09 5.32614934911481e-07
MS4A1 0.0881334973900126 0.0496101308415341 0.0334862313562997 0.0159908419437357 2.28596307342165e-32 0.153617788176631 0.217654130514083 0.424810619859062
EPCAM -0.522782060236508 0.902320746218868 0.123992158518816 0.129369602072686 8.64634501089967e-15 0 1.23360948323068e-07 1.63263631598484e-15
POU2AF1 0.0549885346721714 0.124242426606484 0.0504933637168887 0.0970726342599293 1.14374739868478e-18 0.000253574774879295 0.0518057823452706 9.09764839120433e-07
CAPN13 0.15132299060432 0.183603139604811 0.0745304551059352 0.0728877034535635 3.58472938362368e-27 1.08741631011048e-09 0.00407836973645736 7.81477546518201e-05
LGMN -0.342725214381909 0.784380176407032 0.139331131364615 0.230348239043724 8.62028493220688e-10 2.09399329517842e-266 1.70689105845454e-07 3.42570498496996e-44
TCL1A 0.0743410792707702 0.0293471612168042 0.110487338189428 0.104147455488372 5.2355067479284e-23 0.385301877159709 2.58818006837248e-05 9.36035741319724e-08
HLA.DRB5 0.160213553925393 -0.0105123719425636 0.0458376277520637 0.0235970494897042 4.0596296194741e-46 0.752120591258689 0.0752144630872692 0.210928071317072
NKG7 -0.0798704382903457 0.852951964625918 0.105926484897758 0.144599459641087 2.49909086521246e-08 0 3.63010576331683e-06 3.60506648550616e-16
KIF23 -0.216380753305723 0.908738932066643 0.168940164000821 0.133711877200219 5.47539181827421e-27 0 2.33295947117696e-15 5.94190340084746e-16
CDH1 -0.578786275366635 0.915217394185439 0.0428056729206673 0.289843169100111 6.45801239401861e-43 0 0.0441944782573889 4.18814808620725e-83
VIM -3.20701100033021 0.999719801890252 0.163374265951805 0.264969944181919 0 0 3.97747832774056e-29 3.48535460662267e-100
CD3E -0.123275293810514 0.99586440068252 0.183970464728094 0.131380501639339 5.17136015786581e-29 0 1.80986043970158e-18 3.82740356786662e-15
SKAP1 -0.22248922742339 0.78393485415178 0.125595372680621 0.173731391292649 2.04283091303948e-05 2.39133670592734e-299 9.02962502722442e-07 1.04390143936961e-25
FOXP3 0.167399907453006 0.0738519282141593 0.072878475658942 0.0376460853811739 3.54946284670373e-37 0.0226453094596443 0.00546400587299636 0.0467898058621629
COL4A5 0.201423879961875 0.1144903335238 0.096334307982908 0.0765157315022333 6.97242608448923e-33 0.000297074693960875 0.000135835276232541 3.41578372326267e-05
APOC1 0.257865226663212 0.249613344060775 0.0660450798746359 0.131243751867912 2.26966586409666e-23 1.6288603117215e-18 0.0104240988095444 1.21578760746154e-13
CCL2 0.0701555359979781 0.0247457106064758 0.0450197555984403 0.126598821239819 7.52032785420118e-25 0.465942261566227 0.0882273211980991 8.78685541677158e-11
MSR1 0.0986488280213154 0.402990708721627 0.116130737795793 0.0773927656617669 2.94331951369649e-09 1.78948254135666e-47 3.35871281628376e-06 2.42210143051375e-05
ERBB2 0.205760870859024 0.0581977530822344 0.0924048683530173 0.0655433348394242 2.75626175610507e-38 0.0627746258686735 0.000296312193291288 0.000449028289461559
LILRB1 -0.108249915875849 0.964448374959596 0.0753087810607277 0.0856817181208388 1.06767863647512e-08 0 0.00123797735719639 9.37034731959527e-07
PRLR -0.27329138070303 0.731802382703057 0.17510205140337 0.212488716618977 5.34289407112119e-10 1.24415502351882e-272 5.2777139058743e-13 8.22449232840673e-39
NOTCH1 -0.250959079880782 0.939727907619908 0.0899383476909716 0.131095857824077 1.19011419863107e-12 0 0.000203071745381037 6.58513054805426e-15
TFEC 0.0230962483449103 0.627101268672353 0.0821204459600852 0.0477705407330466 0.010979602492147 9.88070269501375e-142 0.0012745888790611 0.0130043762900003
KIT -0.104492178034844 0.578404764520712 0.175754033167939 0.276167678450673 0.00011534010699602 2.35152047511775e-119 1.12614198674647e-13 2.69211172697994e-67
CDH11 0.0359347976831368 0.746692246168887 0.0578759769531694 0.0331814719651647 0.0938738255682449 2.55487419191014e-249 0.0213907080770607 0.0592355617997514
HLA.E -1.47193167528867 0.895545638566688 0.220107848651829 0.232485310118897 2.19537221923623e-46 0 1.37489455672625e-17 1.07422251302935e-51
CR2 0.0599787604209166 -0.0143609085607582 0.0184767983201503 0.00645180910105599 1.56416771992534e-29 0.687470971133156 0.496360443208604 0.757688536663402
SLC2A1 0.195810271551785 0.0288417111183407 0.04144238771146 0.016804978702651 2.18482275430029e-46 0.380817745459598 0.11847389030243 0.374444238149482
ERBB3 0.0404583853634129 0.087867054762818 -0.00380662874716667 -0.000268802314077536 1.81673500306185e-21 0.0109457134621081 0.895636465670056 0.989770119014413
VSIR 0.1169278511123 0.273200712031192 0.0526271233573281 0.0281030195797575 5.75771555124821e-23 2.27747361989611e-20 0.0401115862157928 0.146047893755236
FXYD3 0.111753358142245 0.411638325018238 0.126473923704428 0.14833201787606 7.6383097698102e-07 4.91649158629285e-52 4.70972507995877e-07 4.13711081695063e-18
CDH3 0.0675060420380158 0.014079500697987 0.0535250674506914 0.00427378290933812 9.6520716657334e-29 0.686503098948912 0.0548468654186749 0.839706095047193
APOE 0.0731052276927619 0.603827460212743 0.0911397796347691 0.117921905954736 0.0182319793708905 1.63567993316506e-140 0.000457070395503291 1.39723431730696e-11
CD3G 0.224371003932924 0.0361799546818685 0.0274735542754364 -0.0240253464114887 1.98345685601354e-55 0.257264412329195 0.297650350344671 0.199396989183268
LRP2 -0.486625318451183 0.988030362404384 -0.01465777512431 0.230277812517698 9.32532054354384e-29 0 0.490682703707639 2.21270648712778e-51
CCL3 0.0681163227312337 0.488794980702483 0.163893719173322 0.16698766909577 0.0291635935294781 1.49002322482221e-72 5.13858472356972e-11 1.68773360961389e-22
MT2A 0.19765593722575 -0.0646067665195227 0.0563811595445958 0.0850498704507862 3.53666808387243e-47 0.0537493802106122 0.0350235324167363 6.8204239965575e-06
NR3C1 0.270381664705755 0.419353302022208 0.123498578624297 0.180908619511209 2.50846546801954e-07 3.8537837447354e-48 4.26407059960395e-06 3.07995497598479e-26
PTEN 0.374532561176139 0.287171997941123 0.0335331390298459 0.0933403840082307 9.60509397418746e-27 1.06418744293599e-20 0.218066913378911 1.35684247394136e-07
CRABP2 0.108608120425273 0.00126573353074865 0.00166808171909153 0.046836539199405 4.36630995401212e-40 0.969057277427325 0.950802996895731 0.0175662516698599
KRAS 0.28602562249486 0.300962185673829 0.11440318008153 0.078852206529929 1.13884074279363e-20 3.88240756932684e-23 8.20708855027655e-06 1.08954801537983e-05
ERBB4 0.158229875874375 0.218381289773213 0.067087102018051 0.176059778610027 1.65070511166689e-17 5.87644517070234e-13 0.0116790529741427 1.33411455190312e-23
XBP1 -0.959778901994512 0.845793703502154 0.154402788751648 0.259473977385292 1.02838620205252e-31 0 1.67718379604469e-10 3.1328990013022e-60
TFF1 0.219039367279081 0.252833212017709 0.110372090445581 0.0721796253028453 7.89109578462427e-24 6.06224659223996e-17 1.4841159789455e-05 5.41717628755048e-05
SLC39A6 -0.522758369969363 0.862004961277229 0.173103332905141 0.181383781432099 9.36412472677591e-25 0 3.96237632483611e-13 1.57573073020117e-29
HSPB1 -1.0144796728452 0.819421161996614 0.104559105204504 0.261416990313505 7.58660880987409e-16 0 1.09203497370336e-05 1.4278242138425e-63
CDK4 0.395732112793578 0.411137249653269 0.118370670482853 0.0698075810668356 1.94170555676489e-15 4.02426729433082e-44 1.85309436659452e-05 8.84930261349166e-05
AR -0.229833981931585 0.66530332746624 0.122433452858233 0.369307021286519 6.43170166918396e-15 3.93130357692446e-189 2.69795473183532e-07 2.96513425372149e-129
LST1 0.177748614800801 -0.0182741625383008 0.0236826179696798 0.0243403190475468 1.78043762082333e-50 0.582529129571941 0.363341099774644 0.199669183421805
NUF2 0.0356859235259392 0.539985688392798 0.172275634753205 0.0570243294940913 0.00687646504883361 1.21188048312638e-102 1.16413605462863e-12 0.00166720774557572
CCL4 -0.00172553465856193 0.620701257659728 0.0699393454936967 0.208643120227302 0.875613681903703 1.07679782357681e-137 0.00421877476755571 4.10085646236155e-31
PTPRB -0.0582693134562378 0.842158126635773 0.110340350604156 0.132900961597144 9.40463378239001e-06 0 6.87089838942095e-06 7.17100096075927e-15
GATA3 -1.1632557843274 0.969424373725674 0.101277239491332 0.136967082356735 1.0675578772406e-53 0 3.4438856279751e-08 1.40696066596108e-20
CD4 0.186246547092933 0.348412013630411 0.0588476558249859 0.0112484280670565 6.23987623653247e-24 1.75976192416159e-36 0.0242942308215778 0.545602798106851
ESR1 0.0744680887342717 -0.00587151745082502 0.000815108583328548 0.00731280347419132 1.6139235985889e-34 0.864913605646751 0.97713173540857 0.722012785909485
MUC1 0.102622130627753 0.163346877931806 0.0801519155348259 0.23193363309467 1.37812256413944e-14 8.57773826562076e-08 0.00183317300742731 3.78331719611721e-38
TFF2 0.0541845075421951 -0.0344372932401661 -0.00576185787537934 0.0357404057247553 2.0261806652925e-29 0.327689205071209 0.832395911522837 0.0918176201212261
SLPI 0.082291572318837 0.0181322524935492 0.0414140122185087 0.0237852655635782 5.32841684515531e-31 0.61145630980727 0.129294008419572 0.244044662667251
XCL1 0.134275889809473 0.0236476135531595 0.0116782656642769 0.0255816059104509 2.2803386241401e-40 0.489391891118321 0.664136296998599 0.184551186276811
KRT10 0.10285495153884 0.00414256098921515 0.0344260397936208 0.00443568535857924 3.58339449580437e-38 0.904134759311658 0.206860758834421 0.826355740466591
HSPG2 0.0277518900519023 0.726942201046778 0.1029793850436 0.00500846943221124 0.0979517993002113 7.15325735420286e-224 2.98644880335641e-05 0.782194749493881
CSRP2 -0.216183434123589 0.698837525968302 0.210968107486433 0.229087739136127 4.83291351115989e-13 8.68376107853881e-234 6.97336683977626e-19 3.34249349896175e-45
CDK6 0.129541858802978 0.0620075913824248 0.0425951500121392 0.00857542381165941 1.38064243207683e-37 0.0624113466737139 0.116503144021572 0.668301554538207
OBP2B 0.0855071432761448 0.116969824748743 0.023170389165462 0.00379178332142348 2.14472683686878e-29 0.000867250337662666 0.395311357506621 0.849144585915368
LTF 0.135260590159905 0.171824535585309 0.121614906711401 0.0623323078946025 1.47764252561401e-22 7.48835352997695e-08 2.30670694922363e-06 0.000736148064353938
AURKA -0.283940771201504 0.785122546944063 0.246280936536331 0.16834834999853 3.03480813259935e-27 0 1.03715688616203e-28 1.81701834572768e-24
CCL5 0.0982639701851555 0.319842117850172 0.0825677481259634 0.0728507976022933 3.25460038928558e-15 8.22253004834393e-29 0.0010510710056452 0.000128075727223018
KRT14 0.0283081044249592 0.0283943171290858 0.03762389773252 0.0876724392606294 3.31190969202301e-15 0.441262726678323 0.195872867259694 0.000100900552389247
PTPRC -0.0253560028715294 0.819135960356023 0.118682942816859 0.0610611182944069 0.0356442314534132 2.04549225556724e-306 8.20922308112728e-07 0.000756243140272185
SNAI2 -0.0883769434053836 0.643637298332168 0.188865124089033 0.199473072806663 0.000405040862593446 3.93992319478191e-165 1.10975525889342e-14 1.27176171747364e-33
FABP7 0.299357114655241 0.0461558061000363 0.0132251077716833 0.0445956209528898 2.06975527055811e-53 0.141043368536125 0.623721661787737 0.0157567969299558
MYB 0.121074748732418 0.355921125622613 0.115523711581969 0.0711706744658346 7.89865826732056e-13 1.38361621978423e-36 9.0628624860822e-06 6.55871723812533e-05
TFF3 0.0935202250415618 0.0466691212706579 0.0330205967300845 -0.0103959555188157 6.60585124887751e-35 0.170878710723008 0.221348994499623 0.603257772968305
CD40 -0.058803814983008 0.804951382920486 0.102325788705397 0.104472357890694 0.00471948571629807 2.49452756453954e-318 2.33321248116795e-05 1.41335585395476e-09
ZEB1 -0.702932797519745 0.93099037867994 0.162758283151743 0.170246781052695 2.28123582556864e-26 0 1.95389754258364e-10 1.36917047191223e-25
ICAM1 0.0609669813017844 0.433512017178704 0.0644560738051232 0.173588773667488 1.38841224313077e-05 4.28342287853226e-54 0.0116956278457074 4.83066658925161e-22
GNG11 0.158168716875252 0.346482030025373 0.0403339479140145 0.0341991360557261 1.80576249397315e-22 9.96681122672105e-36 0.120204597579427 0.0670264319945708
LUM 0.00805293791216598 0.261970726757665 0.178462990319265 0.367831590340603 0.133237480242136 1.07831718667963e-21 2.364515370799e-14 1.62954388408103e-121
AZGP1 -0.0264428330672831 0.294781619417951 0.192473308761278 0.538933091945713 0.00306391836449211 3.27998499231396e-23 1.02428544728555e-15 2.45937983854694e-293
SOX10 0.0798088301496356 -0.007871958039016 0.0308327978662842 0.0119266210361741 1.53560952837511e-33 0.822322114343187 0.265554444847632 0.562520800638358
CDK7 0.385261235859517 0.124741717851067 0.128119238599796 0.124428265949895 1.1265861613174e-32 5.59973339088768e-05 5.69793008812567e-07 3.61972646412166e-12
FAP 0.0723886931612299 0.262786334630269 0.0494758306281798 0.0693428299645808 5.4848272743685e-17 2.12723281931393e-17 0.0622238885580889 0.000464422564382341
CST3 0.00090412223727131 0.660398972601619 0.117629898934123 0.155797492474329 0.983556298674801 2.9160321618234e-169 4.91051139986591e-06 2.61237277389369e-19
CCNB1 -0.670581057024537 0.795268691231632 0.291154339534486 0.290297377830108 5.30591242384597e-108 0 3.33236396324456e-49 1.32125243050357e-85
ICOS 0.0304917947444456 0.405835362273429 0.0417251574960361 0.0193479541807663 1.30598605837133e-09 4.43586621142675e-43 0.110993456415298 0.355796608569474
PTTG1 -0.205556113281717 0.729288707801828 0.255411345306117 0.211141594054721 1.29466420462474e-24 1.09159357304559e-286 2.02964592680944e-31 3.4840897405345e-39
CD40LG 0.0462275741150934 0.326521306217544 0.106655465016557 0.148858194296223 5.02203763279999e-08 1.63338030207809e-31 2.36325236732621e-05 8.79727037464206e-16
KRT15 0.102630937936314 0.0513715360948793 0.0188366839626828 -0.00793534718272666 6.60983303084861e-38 0.136181993076402 0.47308553630616 0.694338132975424
MYBL2 -0.36818331218123 0.884285614105773 0.145385952765376 0.316141592708693 5.62210499753034e-57 0 6.21466065263199e-12 1.39106299780047e-92
ORC6 -0.0155515974612855 0.667502190000308 0.136270304036971 0.122736726391628 0.491484000141585 7.85235729651673e-178 1.59484013713571e-08 2.33387451324574e-12
TFRC 0.172294807824186 0.314842700015386 0.119766192986946 0.120667633510326 3.21856187645183e-14 4.64763230576936e-27 2.13247425196987e-06 5.73154234551139e-12
GNLY -0.173225133552184 0.956856127643165 0.179938156954004 0.486182852798583 5.16012246092059e-73 0 2.34573383439405e-17 1.39605925539796e-181
ZNF571 0.339423595859683 0.143395569036664 0.0745614671957395 0.0680864308953466 2.70638032822471e-37 2.25441897311726e-06 0.00446284712174591 0.000141008115742415
LYPD6B 0.208452495107808 0.164048197433392 0.0353354071424586 0.0809000448124895 7.73090849348879e-34 7.67375837819659e-08 0.172246580777361 1.36370820525508e-05
KRT17 0.0451911360714673 -0.0143338052518232 -0.0112098469059574 -0.0104486206958296 9.33132090354258e-27 0.694782556193453 0.683584555561076 0.621078448911494
FASN -1.04622073799063 0.827972034192645 0.118295264179876 0.330736161806297 2.79156214731974e-54 0 2.73032879190256e-08 4.65237126003017e-112
CDKN2A 0.271219413436912 0.32783218454638 0.119879690463079 0.0934523227878794 3.19802386480735e-19 5.78264938031688e-32 2.05291531147276e-06 1.72215302225067e-07
B2M -1.69910415945546 0.766119413489798 0.121258653533064 0.351618108067751 2.22421081997321e-27 0 1.71055899674454e-07 6.09252060604483e-127
CD44 0.0789892512691929 0.17251687630356 0.0808557698742757 0.266207751698761 1.70549195142064e-11 5.2560290093747e-08 0.00185193618321871 7.06945954784517e-53
RAMP2 0.141960377367868 0.368939040874065 0.0258514025730684 0.121943867794957 1.37681632855061e-15 8.90798538571448e-41 0.308098786243656 1.95278349692113e-11
IFITM3 0.1117663246649 0.497274399734899 0.153611151369622 0.183244373517992 0.0114285279813103 8.42725398512444e-84 7.09508511788644e-09 5.55736641454491e-27
MYC 0.108496794002124 0.549158741959432 0.152290539100243 0.120224684228279 0.00508259095053124 1.99818877002184e-103 2.12518483585013e-09 4.40699335832534e-12
CSTB 0.194912135781616 0.0348103532453184 -0.0304261706037151 -2.76214685346012e-05 2.41694848191626e-53 0.290983866669434 0.253907243250805 0.998851295064993
THEMIS 0.0650706621235695 0.259058611283849 0.0563634848993179 0.0365240872324358 6.98343227902818e-19 2.66521980019888e-18 0.0316436165309494 0.0662392549480116
CCND1 -1.5816519255799 0.835390249285553 0.0686492395210248 0.317611421224697 2.06611308442267e-42 0 0.000649931532957507 5.25159637616928e-101
GPNMB 0.142356532168244 0.0915122025489493 0.061486206867731 0.0479085033619796 1.82428219852756e-33 0.00581723101887503 0.0178573453959086 0.0111725509601343
PABPC1 -1.6487170320087 0.842612270867829 0.122554515781412 0.256450220665185 6.99404058845293e-46 0 5.85896776477069e-10 1.31854660752004e-68
KRT18 -0.187025141187198 0.735054546141513 0.150539601233567 0.16835248535645 0.0165145302554159 3.41508191247024e-226 4.67518842106694e-08 1.94166852817176e-23
CD5 0.0510075659557969 0.24579443556494 0.060150405125927 0.0420601672435572 5.39469750038547e-16 2.51261848349465e-14 0.0213897314383456 0.035115138050487
LYZ -0.269021696376863 0.591088994265272 0.256455855046875 0.343627057266405 5.51714995192965e-16 4.7813756807457e-136 1.18142838320891e-25 1.27398310706464e-105
BAG1 -0.167078197893309 0.738634945798461 0.119836190219701 0.187535221782784 0.0816414794062652 1.83253340979503e-207 4.40580090961063e-05 1.44752869449542e-29
IGF1R 0.04516327475567 0.584809920742788 0.13512917588979 0.149781573254119 0.179444586750737 7.73353707674467e-119 9.56609108810959e-08 4.8367156791529e-18
CCNE1 0.121024924829564 0.320754993900191 0.0855937732911712 0.0263414607640802 1.19951129598461e-18 2.01238776261244e-27 0.000891876408647268 0.165069674076532
CTCF -0.234746439818157 0.885203611168378 0.101619409872942 0.0839760377180516 0.00709609522787915 0 0.000255874801650217 8.16116364422797e-07
MYL6 -0.269225615701647 0.819384904283169 0.129412500160663 0.113767518389472 0.104075868783873 0 5.96960545323917e-06 1.27296337832206e-11
THY1 0.0397793587848794 0.544236167281025 0.128519683338679 0.147732018799719 0.0963493006708095 7.67700946416006e-93 4.10016508667018e-07 7.47558097204038e-17
GPR160 0.161696169176848 -0.0126504350636935 0.0362834381365589 0.0657614873082577 5.50397778619696e-42 0.708193103992081 0.174793594947386 0.000535582635604561
CD63 0.514912641486225 0.531983916641723 0.109761546208096 0.118177879008915 1.15886480932017e-07 5.30904051329034e-76 0.000374099233935279 9.59654819957189e-12
IGFBP5 -0.914525815105244 0.633729913213971 0.0978514503227302 0.582444477377387 1.05179522663135e-33 3.08797182664583e-191 0.000222039769432488 0
CCNE2 0.0278558009354864 0.500466383272751 0.115475330596735 0.129556121922669 0.00692997298970209 1.93329621209543e-76 3.91541383027637e-06 1.01232647128957e-11
TIMP1 0.122245422675816 0.366796002613577 0.113947718827037 0.289947845658077 0.000623607944406803 1.33929662952083e-42 1.38222429521797e-05 1.50373664731939e-67
