target intercept intra juxta.15 para.100 p.intercept p.intra p.juxta.15 p.para.100
Endothelial.vascular 0.398747998506104 -50.3761029135217 0.338215042497873 0.647744611933182 6.68400114850603e-14 6.38490495612958e-14 1.93837022220249e-45 1.12862262789021e-185
Fibroblast 0.636140549212738 -48.1660439710698 0.25880721706127 0.756885173087273 1.83007648668296e-15 1.6541986554942e-15 2.98224294945682e-26 4.60225211156749e-304
Endothelial.sinusoidal 0.0087580024696733 -57.440813144792 0.17425020371989 0.0688158742924853 1.86319312134375e-12 3.49869967375379e-12 2.12402843109259e-05 0.0320444381264121
Hepatocyte 0.380957752150916 -49.7622830318123 0.216156734068937 0.459855107855193 1.85463809907705e-10 2.28890382895323e-10 3.99818479318097e-15 8.00862300863237e-75
Macrophage 0.475899067597351 -46.1985301950794 0.324525139815127 0.680027404038178 2.0300735534006e-12 1.87472625125976e-12 1.44394250556622e-32 7.12566635701929e-257
MBC 35.8011616498787 -39.9178681358605 0.314696693354905 0.687429812887289 3.20778518291459e-12 3.19297921508496e-12 1.21562060660907e-48 7.02494155458418e-318
Smooth.muscle.vascular 0.0825004197219093 -52.4307806509182 0.296032380719143 0.597244916704018 6.07398883194177e-12 6.50144483060885e-12 3.5324974676302e-19 1.19202634358392e-74
T 2.70333292617432 -43.3409323483344 0.340371129375754 0.556725085672311 1.09647111686009e-10 1.13656131767666e-10 2.07000802621292e-38 2.52974782440285e-152
Stellate 0.00434242113333331 -59.1957938804312 0.0193629102696522 0.0522111335949566 2.34863037487579e-15 5.70707160823191e-15 0.708135798135552 0.215575445188135
