target intra.RMSE intra.R2 multi.RMSE multi.R2 p.RMSE p.R2
Endothelial.vascular 0.0482046383720004 0.00427530625798334 0.043686145511576 0.179597352512187 0.192192406551732 2.53711729217875e-05
Fibroblast 0.0738106766988545 0.00631846994335541 0.0647264342206158 0.222659127232996 0.0146733352410812 6.97016638780509e-05
Endothelial.sinusoidal 0.00216272299733352 0.00219375652825335 0.00215916337489087 0.00589981208073379 0.498120914203348 0.118493320369793
Hepatocyte 0.0397309069622221 0.00366427008791697 0.0384354403870861 0.0691377524453529 0.363114620560031 9.51011541097061e-05
Macrophage 0.0653489693934574 0.00513333672933433 0.058422256525367 0.21210176324928 0.104092440933428 8.44817770768753e-05
MBC 0.233196081351502 0.00795373829747612 0.192694531030048 0.321086606996459 5.08356718130695e-11 3.14644165372144e-10
Smooth.muscle.vascular 0.0174974404606327 0.00357804141623819 0.0170016273474908 0.0750408234614696 0.451844192171532 0.036942458097342
T 0.164826709487142 0.00731683977794542 0.152049174885096 0.152450191277459 0.000597301187217797 4.12232644437189e-06
Stellate 0.00142140151862302 0.00272625769147499 0.00142131669332305 0.00298794673508143 0.49995414879107 0.442373590882558
