target intercept intra juxta.15 para.100 p.intercept p.intra p.juxta.15 p.para.100
COBL 0.00352548498388443 0.263242959763177 0.007986820313396 -0.012781767973131 0.0557847256885073 0.0140885447812356 0.929972867077834 0.867704677413653
BCL2 0.00596563606095573 0.318379204045129 0.0560236994528407 0.461478971354775 0.481452056846043 1.54792242154556e-05 0.493531479263649 5.99252456048731e-13
CD163 0.0200755959414138 0.180411056995588 0.134768493487166 0.0662672192135117 0.00184765591916116 0.0371324642222886 0.136266814968332 0.311995219697047
FOXA1 0.00864228802385579 0.388218449475739 -0.00616314705022239 0.26098053658895 0.0898149940016737 5.05321785631123e-07 0.931416461236755 6.9842941773778e-05
CD74 0.00392280281897171 0.356728463223786 0.25875190233635 0.245327917808016 0.632650180250078 2.68807759007996e-06 0.00143942315349377 4.92316631800952e-05
COL1A1 0.0119909413672068 0.233652101109127 0.0530376227922038 -0.0452780067236744 0.00225242799811722 0.0202207422916323 0.616526896256524 0.498572505097924
CD19 0.00183426152048383 -0.0634184650765412 0.110226407049567 0.250211563736243 0.167204568039786 0.608695206398587 0.304260079879943 0.000711033373412434
EGFR 0.0144689173188164 0.192134738971429 0.169923650562836 0.207762197779322 0.0267607717564707 0.016996715279191 0.0500257314704341 0.00082436908223562
ACTA2 -0.0641409991994175 0.648888846254922 0.153432328414122 0.405967054070401 0.0143600839216786 3.54556900146823e-25 0.0525086421490086 8.1055904386607e-13
SLPI 0.0223809365277931 0.0905354538384569 -0.0804188627612647 0.015656041537396 3.98080622310627e-06 0.243272090735551 0.335800257112173 0.824593158553597
PTEN -0.00357608615312793 0.763725692169368 -0.224138957944697 0.535269946655988 0.586161683660983 2.31042816317518e-22 0.00800075598297702 7.03209332912203e-20
HLA.DRB5 -0.0190807644977457 0.608639153420277 0.0719823672779105 0.441114386670859 0.225328052117455 1.74479277881627e-22 0.365991768345073 1.18637958151165e-12
LGALS1 0.0343584568249686 0.218687686813777 -0.0686958034989509 0.0592525030728395 1.21606585075613e-05 0.00796148919917541 0.462165223550743 0.381858674017284
CD79A 0.0109088401156714 0.236757166908068 0.153577047639611 0.140009292971996 0.0315849168104302 0.0050181521000528 0.0584934740662855 0.0354958950390502
COL1A2 0.0173915426428752 -0.0144925749381556 0.067878450447354 0.0737879714402134 0.000134141484668369 0.873025549248208 0.420418427726882 0.227773351663337
FOXC1 -0.0175463468274574 0.72842852617658 0.217561777188882 0.345631741167449 0.0370770396780005 3.04726789832019e-23 0.00450671606800027 2.07206539923102e-08
CD2 0.00955130663186491 0.401441667260887 -0.0050956891136358 0.0813539231761183 0.0170179374425924 2.10152922803105e-06 0.943656472569912 0.233253172798635
NKG7 -0.0631396552855247 0.811296938549895 -0.240407551737033 0.702419969044975 0.00449724150753537 1.64170799696177e-47 0.000609564923943581 2.72902223154896e-38
ITGA6 -0.164168775153875 0.688395118792827 0.333732140928441 0.497935724527749 2.74956232867281e-13 2.39740109055013e-41 1.04150917356114e-07 8.33332637785229e-22
ACTG2 -0.0124698222105204 0.351138005211844 0.125957538835895 0.709455651122124 0.0746126745754847 1.0934854603423e-06 0.110363896363769 1.07858132970063e-26
THY1 -0.0389764868362559 0.762150590297653 0.0883353433283951 0.29905905826769 0.132345122670726 3.79214164794799e-38 0.269192505710109 7.66591563857578e-07
MMP9 -0.183971965145061 0.802968207612146 0.0334043573106842 0.629993150200602 6.7874056973421e-08 7.51976485733504e-49 0.627132484684877 2.22445606502016e-34
BGN -0.0176815494119108 0.639697778887402 0.302100363105058 0.181508621425432 0.188880663415267 5.58680755437203e-20 0.000132799582088293 0.00160954684484125
COL3A1 0.00919788367288749 0.326860242087354 -0.0802156096526967 0.0290002962346299 0.00421493592149039 0.000210362531561771 0.447076927051222 0.715578358649039
ACTR3B 0.00372355813235744 0.432074246224766 -0.0523804452553822 0.365885692381314 0.256103281426842 1.04771500244816e-05 0.556666345869023 1.13313594522751e-06
TIMP1 0.0106298465525009 0.132496561415327 -0.210580230703017 0.454776546426852 0.00795431237517023 0.193655363415554 0.042388583269469 1.31858203604754e-15
PTPRB 0.0335877183357051 0.488303027779899 0.00963357558986576 -0.0284213010753292 0.000434589696329021 6.14847988051998e-12 0.910381186217136 0.674097173066263
SNAI2 -0.211443895132383 0.937812591051889 0.133036242585322 0.531280049749401 4.3556751385864e-10 1.70503576564597e-51 0.0951785159833811 1.9069760436323e-22
COL4A1 0.00717758755751849 0.0246937629338423 0.0408924532243019 -0.0695124002564151 0.00184043179577634 0.809658285114426 0.697231460991097 0.396508803800086
EIF3E -0.0404790440751182 0.881565703787079 -0.0191365850258645 0.280822081813499 0.13988761748562 5.67026318691522e-50 0.795818307477171 5.35591043732343e-07
ADGRL4 0.00178064481182042 0.16388161013307 0.227911180350691 0.1681079024761 0.284512261522816 0.0728515429891087 0.0153701720857284 0.0452895215789687
HLA.E -0.171033241863052 0.877750106709867 0.309943794992907 0.433055786824773 6.53417205760945e-10 4.63529570851579e-51 1.93017627924396e-05 1.26323144241559e-12
BICC1 0.0158883352003356 0.285661853123678 -0.0234026263524656 0.248302620681518 0.0298028673526063 0.000967965565654127 0.8366416185541 0.00161073263013164
CD79B -0.138398894673186 0.808096593998206 0.26501666626673 0.363708901484929 4.25759754199999e-08 1.39836753364942e-52 8.97369726747008e-05 3.16864008634417e-12
ITGAX -0.0311702805200126 0.598287122442023 0.174867155688576 0.431099101467019 0.0470033532730171 8.43086815843758e-21 0.0214360700458687 4.49983015284832e-13
FOXP3 -0.0427080818440161 0.63432524433483 0.175872732234073 0.397940666960607 0.0344751407306593 7.41285831714851e-24 0.0353302980573754 2.15295792449396e-11
LGALS2 -0.12025230190999 0.847080735190076 0.0196855475046321 0.570812655136829 1.03486620282367e-06 6.77121010648569e-58 0.787691438121905 1.15955279106309e-30
CD24 -0.263016163779886 0.774097585842149 0.0924293315050641 0.662112427083979 1.28698256665245e-10 3.36054792688546e-43 0.214883903224971 1.07226297855645e-38
NOTCH1 -0.267948627832284 1.01758345168083 0.029831165223838 0.571922908613959 1.01871091930762e-14 7.89117102242956e-95 0.658197832899288 3.8902779273312e-27
HSPB1 0.0051959589947753 0.36338194418104 0.160552187917168 0.118380869244713 0.143635173480288 0.000253955561032975 0.081696051480189 0.105809499111746
AGR2 -0.000172635685263062 0.577043388405138 0.194519039578696 0.190807793802647 0.983399990133158 2.98585210453441e-15 0.0149492993338817 0.00469182056860088
MS4A1 -0.319408099110258 0.846955498240905 -0.0942735292727773 0.629883947755243 8.05670533792612e-06 4.89209153917956e-52 0.200747019757516 3.7778348928587e-33
COL4A2 -0.0459359143462834 0.865890413815939 0.291585625629683 0.233619522226049 0.000756543556969383 1.26979527944569e-52 6.37476621840489e-05 4.22790371748421e-06
CD8A -0.0466676596575108 0.908820045473245 0.135271183877602 0.504971839498434 0.000230803709871853 7.84617367658779e-31 0.102504843416465 1.26449044911086e-16
BIRC5 0.015369447007439 0.475311602290008 0.0950514438297801 0.241415025208048 0.193881683442414 4.94018547141565e-12 0.273846244244487 8.21513432454478e-05
TMEM45B -0.221951303285212 0.899294295113701 0.032444240390847 0.5116935308938 1.69006148010224e-07 6.41785887249625e-65 0.668075787946 3.16389063821707e-24
LGMN 0.0161829480435708 0.148040346002575 0.0822196573746001 0.0108933889602229 0.000302393418649499 0.126728087673098 0.323984925113801 0.878096612053083
SOX10 0.00770828128548204 0.730765455083512 0.0777136105485199 0.110277649598889 0.58669087694403 2.77806515993571e-32 0.304327136338083 0.0640789867102233
CD274 0.00693960622089314 0.249783725313774 0.126994646976175 0.308157755955225 0.16498210520777 0.00852177322926887 0.194726596920856 1.66466394661178e-06
JUN 0.00730342379584804 0.47880704450423 0.174682385882422 0.203917330266182 0.520072258372806 7.99840749892485e-12 0.0331777357189825 0.00115247297176996
HSPG2 0.00762161058845608 0.203115271141952 -0.0718016510033054 0.00875092864741844 0.00483781711762242 0.0377150688401458 0.42493856890136 0.883024734499501
PTPRC -0.102707696858038 0.69353923324614 0.000125332121594447 0.624885550352456 0.000237711146928905 2.83599966967502e-35 0.99868412202267 6.97616274435909e-28
COL4A5 0.00348636809106105 0.168668947877646 0.00585220191350749 -0.0574356763176103 0.0269702232263984 0.186003753739461 0.941769105256881 0.5442141530233
ELF5 -0.0380573779007397 0.794752196789037 0.167472346275574 0.411610672419254 0.00511602563332711 2.49985935661669e-27 0.0180437379938548 5.94792977713655e-10
PTTG1 0.00670199671029836 -0.0268609931669911 0.109610123935144 -0.0967679848217534 0.00201910772822212 0.790867251827365 0.232432823671348 0.191010687831996
NR3C1 -0.0718218852721327 0.572679956202634 0.152020879825639 0.739917630672184 4.21806049219551e-06 1.53283138495647e-21 0.0312100195479839 1.0908242045664e-40
BLVRA 0.0126968424662198 0.157075716399747 0.0759009420619287 0.135594032509852 0.00355496477271021 0.0674019643938119 0.392929629176961 0.0402293624927379
CD34 0.00938756069095532 -0.0309109873036243 0.101692224627258 0.102811398628917 0.00257133531233225 0.737975835774194 0.256876592683042 0.144266799642771
CD9 0.00708494532878291 0.348378953464939 0.106631711934693 0.145862324831536 0.0799547088439169 0.000201698125356753 0.243897100951854 0.0177003854531894
FTL -0.183760084272859 0.996395251144429 0.046493218921372 0.586954057893354 8.95913281570027e-16 6.1279418022517e-90 0.416762522823247 1.85178576720796e-30
ICAM1 0.00931529503449969 0.302819024579576 0.00833152429823153 0.149500353074746 0.0207894512553711 0.000234897950280816 0.926547389194673 0.0330502753360134
SOX18 0.00798207908511315 0.345744361346749 0.169358557952307 0.149655046327975 0.153925406192847 1.4436635142684e-05 0.044842139646614 0.0379994752058862
LILRB1 0.0114723440197952 0.495039498658931 0.023170914262719 0.225075896379859 0.183582647083956 1.56120065215647e-11 0.783221721646877 0.000228451504497353
AHR -0.000556951895008304 0.627517261666201 0.015843415051493 0.349696995345988 0.97936781048351 7.35591911235528e-21 0.85252931537882 7.83926470239525e-11
ICOS 0.00474267510836346 0.000155086910049687 -0.034765094895587 -0.0340451306695976 0.0056285066239168 0.998867751724731 0.699492134840357 0.641045488355593
MSR1 -0.0682530366405813 0.754864449773081 0.245296484558897 0.42708209177761 0.000272181980882484 3.35371219584308e-26 0.00171530721025614 5.1120813143187e-12
FXYD3 0.00654199763397902 0.0832730375749192 0.128114256617003 0.262672694768013 0.0420378910014223 0.357300503063992 0.174650886811573 0.000432909924029869
JUNB 0.0252375394524508 0.426288646006995 -0.0116341981019767 0.318241790838733 0.0710706904025898 2.35930543037576e-09 0.891503658541273 1.99460600758998e-07
CR2 -0.03962944734302 0.854868170830963 0.312911446375363 0.272288275078201 0.000140069785794997 2.11472522582072e-44 8.48597078680136e-06 1.81849876447219e-06
EPCAM -0.00695998711319552 0.701628585783236 0.0151320186480137 0.366666268453206 0.409342271820299 8.11520912397948e-25 0.850660350694613 1.00062799288239e-08
AIF1 0.00818953107960822 0.271511972283792 0.00560419207665776 0.064049194350127 0.0138640519391285 0.0190199873965915 0.957133943170381 0.377058615336423
LIPE 0.00995978900695282 0.201850261931448 0.160663705289308 -0.0539709761267487 0.0043975457496602 0.0227079178028031 0.0308181435852654 0.483268955050298
CD96 -0.0295125002519541 0.813492785250842 0.164257129500445 0.237423092455643 0.0958321427994057 9.48672196446002e-33 0.0372107798925097 8.41126997528067e-05
TMSB10 -0.392524287005189 0.96674129314103 0.0137694646380928 0.61613870437952 3.82242675189915e-13 1.08405623644934e-69 0.842350316406473 4.07646669267045e-31
SOX4 -0.0209470927657551 0.700152651480903 0.21556030300336 0.363238590120657 0.0214981279916955 8.07251465436597e-26 0.00788764182116618 1.94735617487857e-09
BRAF -0.0965490426821761 1.23149358358031 -0.16334384465446 0.61108818491724 4.58689288827713e-08 8.87607642447967e-75 0.0218243342543175 1.46793722498938e-29
RAMP2 -0.00936718207804972 0.640194918941073 0.158503874244869 0.236732528291257 0.639261555107356 1.02923515435926e-24 0.0399300734567217 0.000115236009541645
CD36 -0.0328838745634596 0.708703489323844 0.00855230796477152 0.468495414357748 0.0903337862146428 5.47435437987735e-27 0.920036144054335 5.0483138240078e-14
MT2A -0.13659994566255 0.786793643555093 0.188055940867105 0.578116782862074 1.36543570823153e-07 7.82780475782542e-33 0.0164587676914654 4.89557503705848e-24
AKT1 -0.00587040787600607 0.268187580492256 -0.00481701734752784 0.75196871887594 0.541909785817528 0.0010055744621745 0.956363422549671 3.66930031368574e-43
NUF2 -0.883759355068211 0.962339915628187 -0.0373315595766871 0.667097442677547 2.33089810485889e-22 1.82727130192768e-107 0.54063008617014 4.65921881967185e-50
SPDEF 0.00773289221347059 0.250619344691173 0.0898047275383755 0.223614547901551 0.0760687247175749 0.0071221238747038 0.120342887230277 0.0044623885025299
TMSB4X 0.000725719960623368 0.466221152763367 0.367893843151139 0.0792334373811988 0.914113479756297 4.12987520445039e-09 3.20342686529778e-05 0.232900369421823
C10orf54 0.00663887683335843 0.542704889198869 0.0200808322083706 0.155546287686298 0.162923769945006 8.79504074236316e-12 0.833340967439885 0.0157805583269499
IFITM3 -0.906218415677329 1.212024600123 0.0359460843828379 0.476119567543207 3.13539242672787e-25 7.76531416597232e-188 0.563069023905163 1.21007217452757e-21
ERBB2 -0.163718694467875 0.822728934416099 0.10661968299816 0.651603207544457 6.71543561683579e-12 5.71338856708003e-55 0.0973700567486983 3.83509421727175e-39
SPP1 0.00536169268781512 0.306895483479252 0.127350908005051 -0.077803049519576 0.0255738962981915 0.000784329658023242 0.188655050093795 0.230368014115593
LRP2 -0.1446200926767 0.86495138019081 0.23994093044118 0.52650597827861 3.65060421945111e-16 1.16590425029227e-83 5.4100407586384e-05 2.28771168629715e-27
RB1 0.0147901632657586 0.43990925930714 0.163307969318181 0.185567505015586 0.148133775991912 8.32561054034451e-08 0.0444231215642103 0.0042651185642378
GATA3 -0.927019972165371 1.1011709070392 -0.0486919534776171 0.623622638946652 5.77252647204961e-24 6.98276342285989e-131 0.438428208124988 9.64223308408564e-41
CRABP2 -0.413824602525091 1.12874501676992 0.119826853307509 0.399340356237851 3.79825471011936e-16 3.79362495214394e-98 0.0676499475291011 1.8048390916464e-14
CDC20 -0.0707475815769994 1.00966876074434 0.214943477269994 0.192156699622567 1.12121081186837e-05 4.20060714757823e-77 0.00115418147051125 0.000284342461038842
KIF23 -0.378890413496279 0.730569472216855 0.076619588548558 0.639826508225077 1.57222121531679e-06 2.54240248179779e-31 0.354777281402516 1.60179767289277e-36
ALB 0.0167108089810432 0.151107459537418 0.120520574148663 0.107085345326141 0.00250932737173566 0.0770702868807212 0.145851570303885 0.0990535481874557
TP53 0.00984142929923023 0.253960068385838 0.0413969768390852 -0.0259096985212475 0.00461021976642135 0.000802563769779626 0.551104075658449 0.747027037732304
ERBB3 -0.00254592474723187 0.400437159123401 0.0246557398255582 0.627960323388972 0.553590004425354 9.23788382785048e-08 0.73782968555237 1.50356635998197e-24
CD38 -0.240957343974917 1.19032796968066 0.0721587159689798 0.313091712731873 1.787797254508e-10 7.84315137308081e-121 0.275307520890651 2.20706027186664e-08
MUC1 -0.0271864356971427 0.948677406670277 -0.00239944995747294 0.276952302048432 0.114980985748709 2.94938666023484e-31 0.978645011395938 1.87707018349482e-05
STAT5A -0.00298556640523167 0.561289430211666 0.384319255325278 0.235993592850903 0.328116629740522 5.58381101356714e-13 1.332883182833e-05 0.00203151629217604
OBP2B -0.151679219707402 0.877667981735791 0.120881348027802 0.721513215551778 2.97287485361176e-13 3.66693487632645e-45 0.0460799867273814 1.52382446079998e-45
ALDH1A3 0.0112402102163833 0.240442533231 0.0691924679092958 0.135038356302774 0.0177212832127657 0.0104107624085437 0.418170785834699 0.0332831347216884
IGF1R -0.0360555185790883 0.803071481825241 0.0450233986168278 0.365503675377116 0.0214878701002871 1.44253832848754e-50 0.565674225502732 2.51474398107621e-11
RPL13 0.00643213104421079 0.303562288128055 0.365657895332322 0.151553643646542 0.386913505907622 5.72632927633369e-05 5.66774337869049e-06 0.0249555580409589
GNG11 0.0131395406231991 0.438852379596398 -0.0325700189252371 0.439755217475669 0.420362745757569 2.64996249776322e-10 0.719698043801013 3.36985639918129e-15
ERBB4 -0.00106257552793087 0.339134967937363 0.295499186954599 0.373850376726725 0.834848630371141 1.51440398567538e-05 0.000242879844128635 2.9390748379052e-08
C1QA 0.0154682600602045 0.873063783639494 -0.265466659407492 0.388109824677033 0.801695712095368 4.23353141767769e-47 0.00317153507301266 1.56789554233851e-10
LST1 -0.024877938520102 0.614050520631509 0.314901740853755 0.273128716361263 0.0382220462345158 2.06626032970567e-21 7.94278962757725e-06 7.13085243507748e-06
CDC6 -0.00871645035512061 0.808158942437934 -0.1005615626133 0.345241821717963 0.677006805012573 1.79187223317926e-40 0.233193333036815 2.71709076468899e-09
CD3D 0.0119162116054426 0.471424802961213 0.170567988184248 -0.0210741533365804 0.0430144368315349 1.2856363619999e-09 0.0279608247509912 0.727171266704354
KIT -0.0547680386715307 0.64709396406115 0.216538538421672 0.350214275352723 0.0207830870435641 8.57159004333192e-22 0.00540734484496117 6.00412208166471e-11
CSRP2 -0.436497293314164 1.21415039032338 0.322239585099497 0.697702866998448 2.53049788345123e-50 1.52270720450403e-114 1.12547846004626e-10 5.85083703037292e-37
RPL18 0.00474349423272491 0.441006294692262 -0.0233120673431923 0.27431282839424 0.19120608984859 7.79245284188804e-07 0.80119315530529 1.17791168159271e-05
STMN1 -0.0243581282688276 0.715376462599062 0.396578194645421 0.319767435688647 0.00178642447232041 3.82471357698116e-31 7.63496784174211e-08 5.66917732355815e-08
TPM2 -0.183015839040327 0.979875387499954 -0.00218129913380187 0.520434604490762 3.10221521053335e-09 2.40721472350344e-81 0.97432800630661 2.74053771987184e-22
ORC6 0.0108287525999319 0.525493328790499 0.0451145661851121 0.260340369590565 0.313367074812898 4.25644132434688e-12 0.587165462341194 2.3155105091984e-05
ANLN -9.34166381883858e-06 0.444140469370923 0.134568927007443 0.382599730911255 0.999283692337835 1.5181315774915e-09 0.106644057541704 6.30321181773398e-09
ESR1 0.00265141664806178 0.417428641501093 0.20271177944139 0.264122194639005 0.64447327371152 1.73546598762625e-07 0.0233211063851414 6.42365413803821e-05
CDH1 -0.0103243168933589 0.428135908685558 0.289212748872035 0.436790774068492 0.102083135260929 2.50684042537169e-09 0.000301183688278172 1.34271442963347e-13
RPSA 0.000744061913620281 0.439237422304995 0.105700099433886 0.412182024140485 0.864201221668142 3.95147914415963e-07 0.203799790611279 1.31999710015342e-08
CD3E 0.0122475710635927 0.480169138862657 -0.0400651839884355 0.154255364284408 0.0313475343500526 1.91474802710505e-10 0.66217826794179 0.0174208577382867
C1QB 0.00497429108882809 0.68515443567877 0.0459944826274887 0.20819605517388 0.702509273609037 9.73699828246771e-22 0.565607717907129 0.000834418260753562
MYB -0.576096111913281 1.06115883539037 0.0606877867175958 0.487540323626222 1.04978391777264e-17 3.0047727921439e-121 0.328556494407964 9.99753910453807e-22
IGFBP5 -0.622357522338496 0.99663326816668 -0.00638292412391038 0.593374086663556 2.39393185816605e-14 6.22205073403461e-95 0.926863537020814 3.67029608818918e-33
GNLY -0.174108414252539 0.820939811319744 0.0456386111205126 0.613204232924897 2.97050659708754e-09 9.49533375850083e-47 0.507343800868067 8.41895029507951e-32
TRAC -0.00160023538735345 0.510252786456358 0.17089877716849 0.316008778047947 0.794728448350322 9.84536076708594e-15 0.0176869760475028 9.16122699380537e-08
AP1M2 0.0057168804576071 0.340180761147701 0.0296690538907815 0.375532559981987 0.274757132254932 0.000203299772087327 0.746101833650772 2.83132212376169e-09
LTF 0.000417391083851282 0.480967252765338 0.127668273939077 0.373307628510392 0.987811802182051 1.53116031773107e-10 0.154154013463355 3.53556647178302e-08
RRM2 0.010254746492186 0.258258375431554 0.179072627329339 -0.141012642236726 0.00500298215464859 0.0039284699059798 0.031120911497145 0.100057507446203
CST3 -0.0715789986043284 0.725757008401024 -0.0484207725929718 0.539675409876773 0.024747678377489 1.28435269934293e-31 0.573142969001632 1.9730477187889e-23
MYBL2 0.0112042166933095 0.354891064503745 0.0679372108811234 0.0584071743965899 0.0195013324133023 2.24965703814863e-05 0.460695000277969 0.403869112070016
CDH11 -0.0219852194604356 0.842700583279517 -0.0240059284149236 0.439409766033191 0.0508059679625208 3.89105604802354e-34 0.751850503959866 1.72209468878965e-13
PABPC1 -0.0565743170081518 0.591101087917222 0.215810764309364 0.543109733125299 0.000143655037852324 1.43951238238591e-22 0.00262882280473442 2.10884877527711e-26
SULF1 -0.118382353488285 0.840188084453187 0.173739167962719 0.389919124015129 1.77937296094913e-07 1.61915170104606e-61 0.00847488550582859 2.14949153501685e-12
CD3G 0.0112021350051941 0.373123144568597 0.182462916010623 0.212794445801625 0.203956372908819 4.52250887996229e-07 0.0221934858554822 0.000865602857247003
CALCRL -0.000487133917354455 0.457660139621006 0.172941450387822 0.325010895689481 0.964867136308312 1.62000187069427e-09 0.035345100390599 3.70533869529392e-08
KRAS -0.282679452288497 0.976776961347988 -0.0889499848650556 0.554341822958744 1.18444379630004e-06 2.43194653488801e-79 0.273908135672674 3.19899006008987e-26
LUM 0.00949343520282367 0.183377639600939 -0.17997973749627 0.57878441197367 0.0813498351936405 0.0262184127308181 0.0832175079607398 4.10128376637612e-12
FABP7 -0.163674986217476 1.0818786823539 0.0405679393377384 0.413581270417586 1.94638652123255e-08 2.10153687825749e-97 0.590440929269686 2.11136644931888e-12
TRDC 0.0211137334301456 0.268314285771818 0.0108557986054152 0.187208143815194 0.00753197340879035 0.00102517891621478 0.911247670079475 0.0043338127990554
IGHG1 -0.130602822070379 0.950155802974411 0.366046361122528 0.48250066545043 6.07944350336832e-15 3.1007766796005e-47 7.96476632405364e-09 7.15009484194075e-18
APOC1 -0.0183601598986745 0.577465092312438 0.187153068629144 0.41517439386277 0.0716014526704527 1.43737450698356e-18 0.013397312999543 1.71631949953207e-11
MYC -0.00939522217401663 0.859609434848839 0.12218546864685 0.18581751190625 0.225668462647999 3.41116607591206e-37 0.0923955154237008 0.00529644791223097
GPNMB -0.212687494590348 0.65998662552922 0.0679792052931825 0.793414254439188 2.01891633795664e-09 4.05421856831733e-31 0.389445195128505 3.7751372216651e-55
PBK 0.0127698030255309 0.317911839324992 -0.0783257710623437 0.418418819949024 0.0786876099961512 4.06031572456805e-05 0.413210742948603 4.85434780246579e-13
KRT10 0.00743974189544923 0.388292179586518 0.059128285761069 0.20674359760059 0.115320630605895 4.23161763622093e-06 0.548300537192123 0.00529108969337946
CDH3 -0.00496046256866681 0.878790471242415 0.181299560572535 0.0331656359493478 0.653867901262112 1.26627435314994e-40 0.0286136149403018 0.59663192487454
MYL6 0.00274838426993622 0.230314664912384 0.0892999679035936 -0.0595541332018691 0.0868248583365948 0.0361466709831032 0.350363325681261 0.473452626522546
CSTB -0.450898878699932 1.00522853344527 -0.0907700698951017 0.700458766507331 5.11568253944693e-14 8.68631295985224e-80 0.225460326474546 5.84305194905341e-46
S100A14 -0.125644512442415 0.908825136911519 0.0590682839509635 0.31396670628107 0.00145305338206918 4.79362248175748e-67 0.430374785458415 2.88060021524593e-08
CAPN13 -0.0739086467571338 0.697935840790901 0.210963492210823 0.5847537974614 3.27567426508459e-06 7.25095094620111e-25 0.00257106724101048 4.79492544200268e-33
CD4 -0.00903852657821144 0.684156556579036 0.148136605227682 0.248613881627956 0.49460408616826 3.9586110662611e-17 0.0898029391382631 5.66430131713014e-05
TAGLN -0.0350156167790528 0.726227960233321 0.0981178220103299 0.441838058245218 0.00407634865006821 1.91048392155585e-32 0.14765748859703 8.02992543619409e-14
PDCD1 0.0131293333020457 0.0738429199866413 0.130085764394965 -0.051590222126049 0.000603828508145043 0.4208306049522 0.156395100111413 0.47860619147554
IGHG4 -0.00202246233090124 0.337583399940852 0.445753927204697 0.200346519128752 0.746290026529736 1.57791810412187e-05 1.37774388812708e-06 0.000565634411368092
GPR160 0.0131135290411034 0.214772919428612 -0.169028345785355 0.400105466374298 0.00411810678936055 0.00732582637295364 0.0398917161614025 7.6879243925518e-08
FAP -0.0254420578938187 0.623669459807545 0.13582657643421 0.418229625925473 0.0728486993546416 7.83663933195909e-23 0.074425730789193 6.19561816535831e-12
S100A4 0.00831728105892182 -0.0299740118094095 0.00310518425556861 -0.0402197969943478 0.000898312133696631 0.751864174277456 0.974143944591819 0.56973059819648
TSPAN1 -0.0468087717357997 0.74116652618717 0.00442882433672915 0.428359322190081 0.0536565964773856 3.29988864164621e-37 0.957130709262215 1.35920204007202e-12
CD40 0.00318333629712437 0.314060030106784 0.140186220521085 0.18710476504712 0.226106907711297 0.000788975694787252 0.113514687135981 0.00637464341780298
APOE 0.0323696142212228 0.382157056622137 0.0508079704750849 0.0874406426868985 0.00164471621691188 1.01205502806618e-07 0.553595016114171 0.170556557706024
CCL2 -0.00807056449841949 0.695573140267411 0.283515020622363 0.204047795207288 0.208608103747531 6.29066317988498e-29 0.000198581081469528 0.00305362622628745
CDK4 0.00763336977600161 0.386378970859221 0.0653708498302693 0.351120364548449 0.384435634745601 1.16061147688242e-08 0.468076462096368 8.08198459470031e-08
LYPD6B -0.46897908320935 0.891172444523675 0.0369797509610082 0.621519975542778 1.91155738149079e-13 9.60707780066054e-68 0.612676162439648 3.22741554298099e-31
KRT14 -0.0953212301393336 0.827728489300407 0.257325298340893 0.386910766193541 7.8183310250955e-07 2.38228645048963e-39 0.000192766793868411 3.2708247833301e-13
PDPN 0.00476225170319781 0.525508849942887 0.121321899180313 0.181599719569473 0.43811589040977 1.94092608799596e-12 0.192089683088142 0.00421170428220192
TBX21 0.02757278376532 0.427520864938777 -0.307738445335458 0.192140086356402 9.42919788107294e-05 2.37153663001223e-08 0.00114527973991984 0.00266469690795705
CTCF -0.0279027605993852 0.750515610789256 0.18146266614202 0.212682655551981 0.150199761118651 1.17135765639436e-33 0.0201000652180051 0.00046152455940931
S100A8 0.00922175369297844 0.274243946944764 0.115194096631079 0.248407747986887 0.0940132085955401 0.000548293103925177 0.184379049617768 3.34180136263402e-05
FASN -0.0981432724206133 0.761008199210437 0.330232413689976 0.619281157511633 1.83641211911475e-14 2.30881006105486e-44 2.55400360194929e-07 1.08777528162662e-31
MYL9 -0.0717432571996544 0.802704179643869 0.167024608187869 0.376859322086772 0.000233905538480838 7.51258861119127e-46 0.0404493674598996 2.36050473762676e-11
GRB7 0.000408285851026487 0.367262327501383 0.307693344917278 0.261809325979629 0.969239141940172 5.75173945481811e-07 3.23387031530276e-05 4.30938344199583e-05
CCL3 -0.00451862434906183 0.31185160374277 0.336529713020085 0.438399891790381 0.438999383939638 0.000956337202189875 0.000183452696718419 2.02052037055989e-12
CTLA4 0.00320581563862311 0.620524178821542 0.146646727200274 0.0491501307061629 0.402708498404193 8.87569557260066e-12 0.100961833321637 0.464116489728045
PDZK1IP1 0.0155989846374033 0.216027219445022 -0.00231797251200192 0.0338733248142012 0.000408156291054669 0.0107481262713847 0.980256126937714 0.630780076689892
CD40LG -0.0480434593963934 0.783629271309011 0.318062546694081 0.262133398199163 0.00113869791610234 3.13639511456636e-31 8.71839749450158e-06 6.20914417589264e-05
IGHM -0.261076504265664 0.924280443302162 0.399404259432391 0.237248162262151 1.41414178799444e-12 2.66148217985396e-62 4.34078828007808e-08 1.779662091325e-05
CDK6 -0.0702023296233923 0.885796976263278 0.0958659903640454 0.413747893068963 0.000494223108967302 6.9105274313257e-41 0.233564170909309 7.83997277562286e-13
TTC6 -0.176194035820996 0.850890510673964 -0.017326133570033 0.635488146020307 3.55293579748046e-09 5.96172626982624e-66 0.799061344665485 1.71033091522657e-41
PECAM1 0.00420294436482126 0.175513771535208 -0.00979188327585491 -0.0071327178696117 0.0297914968433924 0.136304262372896 0.937053824969742 0.917094876628972
KRT15 0.0195240722641274 0.505360243314701 -0.0642292154799472 0.25438985900738 0.0881856266019408 1.89981636285935e-12 0.490324566702092 9.62525661835442e-05
AR -0.205277985789163 1.01581512235092 0.0774636114153397 0.363469305834787 6.54509960266094e-09 2.18398223980637e-87 0.217969913921354 1.8183000805034e-12
LYZ -1.52343921038367 1.13769755904122 -0.233813457251967 0.69616401401329 1.48597649632543e-18 1.02951037750929e-136 0.000345056967949745 1.40576745741993e-48
MYLK 0.0293148016656939 0.415905783308918 -0.126794135585102 0.36238128832472 0.0305987838293949 7.06528010813135e-08 0.212732025254298 7.08134677654248e-09
S100A9 -0.109900190043049 0.844718532225108 0.311268244160189 0.339276331543065 1.261169567153e-07 2.32828485423124e-55 8.71444628834995e-06 2.62894049548362e-10
CDK7 0.00567089603273858 0.350529373499433 0.112557358432427 0.311283711478433 0.293839736811232 9.58277080720126e-07 0.164108220416658 3.60271456439773e-07
CTSL -0.00880652352399968 0.710123341795886 -0.00443993499655277 0.367888076406112 0.509064636540486 1.16623706676278e-28 0.948626995839755 1.1991989167263e-08
FAT1 -0.144163469947562 0.917220113234089 0.121265258971368 0.372467279937937 1.44239162012735e-06 7.86932548631031e-57 0.0956062689854262 2.97764499257113e-12
CCL4 -0.130163597740968 0.976648616202666 0.0104538615115867 0.497319098505206 5.54256070917088e-08 2.83452430735263e-76 0.880593158474926 8.71706546042952e-19
TTYH1 0.0102544700696814 0.482646959091194 -0.0682092679117683 0.280776232187045 0.123284236348014 7.60714986091521e-12 0.458205388377558 1.63922836539191e-05
GSN -0.103859556988787 0.675756127579791 0.228481024615534 0.540487179393336 1.42430314780459e-05 2.71961322606547e-25 0.00460734672571925 9.04053502730944e-27
TCF4 -1.9293816878264 1.09917194998486 -0.147110775065842 0.6439711715247 3.00072621092365e-27 2.80210798538291e-152 0.0108919508235188 4.88626322139179e-51
IGKC -0.0287075579796274 0.570367926314355 0.146069846409922 0.549172036253564 0.0176185069610085 5.80253475187075e-17 0.0651288069016178 8.38781803471091e-22
AURKA 0.00777386405766628 0.385876637658772 0.0626945945261564 0.291453416191647 0.182940287780997 8.76308016767997e-08 0.435964004273279 4.29511410531652e-06
PGR -0.0143727087636211 0.636631161740283 0.312961930897813 0.234334991951764 0.0791367999506613 9.52019069950702e-25 6.31941480659932e-05 0.000296191433330684
KRT17 0.0137100942562646 0.441787910455244 0.221856972153875 -0.0914562049562335 0.0230679210259894 7.61340251488592e-09 0.00633620631277858 0.217667195552235
CCL5 0.00626401399278543 0.039045542710847 0.0394877188196199 -0.0210553420689662 0.0133616515434933 0.76539209304206 0.66848416532938 0.749768349109662
CD44 -0.139588239983343 0.791339691058729 0.176664989423773 0.487602722941563 1.77952882597342e-05 4.80590660511127e-33 0.0464335222688443 7.95756963118107e-16
SDC1 -0.0308556791358933 0.67678028554588 0.0253028988255363 0.526500470137611 0.00794894640323416 1.48827540818877e-28 0.726682548170778 3.64394432291428e-22
MYO10 -0.00742361477384458 0.526208776558484 0.183253516259942 0.33119999255626 0.529846549435491 2.43247097616574e-12 0.0305092548988639 5.85551021375555e-08
CXCR5 -0.0364669336767361 0.761626473683996 0.0557430938722974 0.522731622905925 0.00276191006422706 2.35420996900799e-34 0.484834077817912 1.08071617303912e-20
MAPK13 -0.10115802362115 0.657303792592665 0.226877079052457 0.464019528155617 0.000636789408717094 5.66670552046242e-23 0.00988386046792394 8.4945275896388e-20
AZGP1 0.0112339748165425 0.218237327018355 0.30237310363517 0.19613870477503 0.171246761477661 0.00448458649877554 0.000135537242826581 0.00206568236726412
KRT18 0.00204332025616951 0.334463556238727 0.238302922425629 0.302754803898961 0.709746202257283 1.31888440530413e-05 0.00480917342658646 1.33556343580073e-06
IL2RA 0.0119951165360747 0.388117337979975 0.0725533287179044 0.3445305676624 0.364218851835006 4.31024019708453e-07 0.433503117036845 4.35196377919473e-09
FCGR3A 0.0278038879890532 0.55639522616805 0.090749906991447 0.0995726128326531 0.0506322447814573 8.15057252884909e-19 0.204720278970678 0.11608198647945
CDKN2A -0.242528578548679 1.10941116076421 -0.110989911489052 0.479435077749515 2.90209902025579e-09 8.3849637064715e-134 0.0893000806677766 3.93677369764747e-21
TYMS -0.0109701513730433 0.715083281556574 -0.0222435516305813 0.370448200639745 0.549014028230357 1.29488457896946e-29 0.763500583373364 2.00128539656017e-09
CCNB1 -0.0127105986872266 0.814851141388712 0.115016030398606 0.179948612088341 0.333195488095709 4.73077414063325e-35 0.189816634735663 0.00190520199569569
GZMB -0.0565520195930623 0.794054631063176 -0.0841470806446121 0.579240226247144 0.0106228907534934 3.49285125937334e-31 0.323765862313171 1.79788100853976e-22
TCL1A -0.216110990914734 1.06617721775632 -0.0974249117894469 0.600539561011272 2.37815704669957e-08 9.1943940762959e-60 0.224959641981473 5.45971992754643e-24
KRT19 -0.00453783798136371 0.376416640342413 0.368241283864355 0.454790219062528 0.212606008630325 2.21581078578848e-05 5.06068420583157e-05 2.84232685573806e-15
CXXC5 0.00855144677985419 0.485232287410267 0.20501259685109 0.0799613502693819 0.212730503861973 1.77241330416672e-11 0.0165900100898797 0.238321031483272
CEACAM1 0.00447242048091444 0.543759788780285 -0.00924866992335771 0.0735217288872137 0.152747430796754 3.70926978172692e-10 0.922297922256172 0.325719443555839
B2M 0.00845961960868755 0.73315981524549 -0.0585049271870096 0.179564873524682 0.252313030640906 1.58825371314967e-22 0.534482191300805 0.0034305984980919
CD5 0.00784237589748712 0.648938324190716 -0.145673914529826 0.431879684163821 0.630629383814408 1.30561505301069e-20 0.0866517107951792 1.77608116887055e-11
PHGDH -0.366900447800239 0.898939668805615 -0.16854083624448 0.846363970422432 4.09107524756463e-17 2.10319171001492e-75 0.00572102804100353 4.26867671998881e-77
MAPK3 -0.000780623494846117 0.64143781507816 0.165357629732443 0.190850588630237 0.919773376094798 8.99495295599621e-18 0.0366935364392673 0.00229533457479798
FCN1 0.0209135951705408 0.356881978404023 0.108276246380737 0.143621176457906 0.0265223857799128 6.46004755302961e-06 0.252195295311984 0.0228000088548794
SFRP1 -0.239103454249051 0.975378536764399 -0.0459879413442911 0.556084393766637 1.43598734244329e-08 4.49085503861374e-87 0.502618525098776 1.88480491436337e-24
UBE2C 0.0113449396245005 0.496240058739844 0.105186847655124 0.146979057124265 0.158662731744765 1.64540235164229e-11 0.215696425806356 0.0277551334409395
CCND1 0.00881795911746285 0.350868165931746 0.0700177126954022 0.355631917799446 0.242966033807966 4.98754815281186e-06 0.378687025475158 6.48660920916689e-09
IL32 -0.0290559476729259 0.450921533297081 0.143642573281343 0.66051715444395 0.0422663048489136 5.99526814574626e-08 0.104492360860418 1.64753139573468e-32
MYO5B -0.57226981239687 1.2693669426224 -0.0383124092794088 0.356633813284163 1.14727300484641e-18 1.64618834958857e-222 0.466339928334993 1.2994249662605e-15
BAG1 0.00764820117233905 0.239423887862556 0.0121705232866757 0.0479414902484906 0.00912442579893991 0.0109458234142335 0.887750869327456 0.46766829190364
TFEC 0.0219065373928648 0.21578040378531 0.152407263232718 -0.0574341243083475 0.000366042478474612 0.0143209666673407 0.0640265835533093 0.382149604678837
DCN -0.00399503946609453 0.544470625005801 0.464177481382536 0.0832509132015199 0.556299760286747 1.36184918776011e-12 1.53043587466144e-08 0.16305200118456
KRT5 0.00861373034431094 0.586078729639163 0.105966609397439 0.150932744492104 0.372992854896473 2.77658124937835e-15 0.220745246100041 0.0213741706445284
CENPF 0.014843279378227 0.717296361124287 -0.0108799850712881 0.0793398355831734 0.206897355096518 1.7294057203179e-23 0.904618757591985 0.256184277889319
HIF1A 0.0467205906064009 0.535080866369588 -0.00361158720218799 0.266985167387483 0.146896163315276 5.69235387910762e-18 0.970521558584204 7.89772619907417e-06
FCRL5 -0.0133773280878995 0.227018270059554 0.317522086556809 0.676734850536223 0.0401082597582368 0.00315312051578706 2.91369842389803e-06 2.62716161435426e-34
MDM2 0.0131818047751029 0.371856877415285 0.000304990466142024 0.228523096999078 0.0461634431575766 2.18419706185349e-06 0.997392781573726 0.000124690193751334
IL3RA 0.0136087476659603 0.377855035676625 -0.0639454776472879 0.17610567986494 0.0122021916761018 1.74191440252304e-05 0.537175479178097 0.0039751331422191
CCNE1 -0.051915086582437 0.596863844820657 0.221807689544019 0.622503207823975 6.44983030947234e-05 6.90318820821201e-24 0.0043758149215771 1.61158908383049e-31
KRT7 0.0221721341655488 0.201783402450108 -0.0772615716004213 0.0842060506500076 7.15951733021154e-05 0.0165291949110538 0.419557838362687 0.198174586221993
CD63 -0.113928530994979 0.730292692819992 0.334708334734231 0.327337649034623 2.40442769500503e-05 9.79013964796097e-34 5.23550758640691e-06 1.0713358255024e-09
SIAH2 -0.0500402750460537 0.980896317342394 -0.0613581228033887 0.36577727813756 0.0122505979125747 8.16930146947486e-78 0.387908926177174 5.03618259442404e-09
FGFR1 0.00426704596992194 0.271202896203345 -0.00720399884712246 -0.0242249452508798 0.0306332533237195 0.0172312963332344 0.942759737805979 0.781831800914588
PI3 -0.165981951016863 0.82582677644704 0.245207177932839 0.493950013571635 1.33626582534161e-12 1.16732167908942e-52 1.81137465003416e-05 1.07094023923987e-21
DERL3 0.021553834080532 0.334273793382717 -0.0168014877876337 -0.0994317219580461 2.34908301062095e-05 2.83166982594032e-05 0.849958452404825 0.147934531931942
TFF1 -0.00803074885787321 0.585469902522595 0.220628215764952 0.234088598882924 0.55145516245356 4.61812061590791e-17 0.0026049794292682 9.19934058070418e-05
BANK1 0.00109368066595566 0.504477954892547 0.15829962774291 0.297917425889463 0.932246080303265 1.2085581878557e-11 0.098373427476099 3.41969218808887e-06
IL7R 0.0090601437071385 0.17224967972331 0.000470341664601269 0.155519507166955 0.00774135587220531 0.0624135752701991 0.996190590392209 0.0271634681914982
MELK 0.00388614969960055 0.472464569394886 0.104410808547001 0.315584672711664 0.644087674174004 3.74242100338765e-09 0.18919568530148 5.73208982261961e-07
UBE2T -0.797022196863974 1.05584900862032 0.0113576886811312 0.578686019832495 1.2477581307448e-20 3.30511136680503e-123 0.858109553779781 5.06648526682703e-33
CEP55 0.0267795975476876 0.601355091611501 0.046884921451296 0.067951708821249 0.0433436091573548 9.07396880030814e-23 0.551914273831489 0.261468059823307
MZB1 -0.317250129326178 0.988547471326868 0.143119657719741 0.592848453001435 6.74654777407568e-19 1.14644996430712e-79 0.0225777958539125 1.01753953144128e-32
ISG15 0.00427426356971864 0.216625083550254 -0.0862782669995226 0.055610823416382 0.0213212407845335 0.0542938458283941 0.400605944131593 0.356008288539118
HLA.A 0.0297732802874501 0.41299158852341 -0.0183887624420891 0.0420607524539062 0.000375493154133381 1.04417788088896e-08 0.811115846327494 0.523483496418593
CD68 0.00579472072515142 0.441210721751006 0.0304459899457795 0.350141775674801 0.377362862577805 1.65669045803822e-08 0.727471078508592 6.81678747398476e-07
MIA 0.00586333860467967 0.0837921001270994 0.0636619863359846 -0.0521878540047619 0.00703142012285467 0.388822628153581 0.432774362743374 0.498794913955101
CCNE2 0.0181128232865178 0.584315689055362 -0.0635553790254704 0.260412385288423 0.146064364109582 3.26894192474541e-18 0.478054522907262 6.71996619983742e-05
FGFR2 -0.00642111341498867 0.772385851011845 -0.192122507670772 0.510532971959953 0.486774153340509 1.43525393565779e-27 0.0211428187070208 1.11604138852177e-16
PIK3CA -0.018617411340905 0.77118916706496 0.0900509010168925 0.353935920757975 0.0717356272991242 3.99988383021377e-32 0.242667903471623 2.0125243755666e-09
TFF2 0.00797358659782397 0.415734950002153 0.0670803605595907 0.356297076735624 0.454881260374294 1.26542084935346e-07 0.45659604804372 5.59960218804757e-09
MKI67 0.00182620927556237 -0.0502076520065469 -0.0264871750524405 -0.0185248529892908 0.069269951876546 0.703118647135894 0.792204839428847 0.839806532921342
CLDN4 0.0107303370825234 0.3007945055361 0.0566692831182662 0.0310259343824524 0.0152539808666206 0.00019913527773151 0.500359585528338 0.671715918429543
KRT8 -0.068451888877494 0.784578164417034 0.216992371296771 0.229424162413835 0.0104066183704513 1.18814178350419e-40 0.00599279061240109 0.000139536756269264
ISG20 0.00272529547359747 0.595208957871658 0.0531019600988786 0.212866046646929 0.580168527842035 3.86740664886024e-14 0.556099518729771 0.000925610525964135
NAT1 0.0133871757323948 0.464801999037918 -0.100854530805715 -0.0244861303116215 0.00128548794893144 5.19940473988061e-11 0.279027248689919 0.702292524118839
EFNA5 -0.0800658087457022 0.84177581070392 -0.251417046132237 0.702392128731791 0.0252310717546475 2.88559725885787e-37 0.0043277002766644 5.17490644515001e-28
SKAP1 -0.517098683074071 1.10400849613028 -0.0771399657560357 0.508444223503255 4.47965754355502e-15 1.20815394856985e-140 0.201523185237166 2.40718795654285e-24
HLA.B 0.0101139133801781 0.647169242530631 0.150186086521152 0.00752178412007925 0.232923976786867 2.44867949507354e-23 0.0698464794815988 0.910790456162483
LAG3 0.0080211590904518 0.0616262667644361 -0.116159786352722 -0.0411006773935197 0.000515571269481151 0.559689880779644 0.268262764172232 0.597607188566895
FGFR4 0.00845155273782477 0.32676601422978 0.182741129456175 0.251320201362072 0.217382213701913 4.44325837284413e-05 0.0364356015351017 7.47933818088144e-05
CD14 -0.0139128559422796 0.653928737252632 0.331786865808359 0.186639062586554 0.135009928863076 5.33105835937198e-24 1.38719052024642e-05 0.00311362263083312
VIM -0.0127087246345988 0.746743379533038 0.141568149844134 0.169875814808007 0.555283660310517 5.12433093482502e-32 0.101491042020806 0.00490854333291354
FN1 0.00263695909217112 -0.0843913391414326 0.155414574215712 -0.06671484533897 0.0469064294516106 0.502557625123409 0.136585324914426 0.490779494464794
CLU 0.00664686526624924 0.442487544980312 -0.109234560648852 0.485359494196791 0.405874034744301 2.4855022118227e-09 0.217674763625288 7.33349795496406e-16
NCAM1 -0.0204715430453155 1.25632124649186 0.118155705705738 0.399137644045904 7.88509921334015e-05 1.30322667692741e-65 0.0995613481168137 2.14914533514222e-11
CD69 -0.163494112162056 0.739413277906364 0.335621753594915 0.496698668188949 2.79603579368575e-10 5.56048630559321e-35 7.7715856384354e-06 1.01560214967532e-20
TFF3 -0.196239036288531 0.961934868940493 -0.019855641931677 0.585154850232136 6.41331173141992e-10 2.52458542328912e-76 0.782768869901182 2.32015059633391e-31
MLPH -0.180511957759187 0.955701393500868 -0.000551717044504395 0.587450502235174 4.0637957611658e-12 6.41070830999237e-82 0.992863678825788 1.99801645936803e-29
NDC80 -0.00291247526880099 1.13695328273365 -0.0907494075809382 0.299615888483756 0.478290839704998 1.85875531719413e-33 0.210221775959977 0.000191572940240325
XBP1 0.00427755066413816 0.38914817839399 0.103549147363793 0.216098764758236 0.250175932491804 2.35698200782028e-06 0.220266532979099 0.0021027330850013
PLEK -0.122835531539392 0.765359489265726 0.0749959312259378 0.464323920437421 0.000872527854755952 1.20587846310495e-38 0.379657189963379 5.65588427696613e-18
SLC2A1 -0.0238714103121681 0.69309010451603 0.110068363396027 0.280630360346124 0.428587290454804 1.91466986985566e-25 0.223307097562734 9.98334557896075e-06
FOS -0.138316999748347 0.80307590749786 0.0657134384158443 0.516269231705289 2.92256949268707e-05 2.36325379865571e-44 0.397671878823189 4.62430476135169e-21
HLA.C -0.279082389965362 1.13914602715059 0.121140697491941 0.350283635333028 7.21186150114515e-17 4.6299115632325e-143 0.0489979472413301 1.74868118548105e-12
LAMA1 -0.04722497201727 0.669826907277051 0.00440374437842402 0.515576101869163 0.0362102296077166 2.46566413247739e-29 0.955656486692907 2.76037664950116e-20
CD7 -0.0140966688269494 0.822995786082463 -0.0665570057673487 0.379033425703737 0.387287073721178 1.10210819534025e-31 0.410551817641391 2.78057455975634e-08
MMP11 0.0210148305376657 0.372043676730485 -0.0306461714882881 0.255520837806056 0.0136859005357009 1.02184994325085e-06 0.701771386791225 3.2303912083611e-05
NDRG2 -0.00410459446935515 0.691058788116933 0.0505015423787241 0.272273628690513 0.75590913976205 3.7836689199027e-30 0.494735471019926 1.4276113736351e-05
SLC39A6 0.00837902312562316 0.313048871074312 -0.0930573246547962 0.129945392204564 0.0134039895264384 0.00173590145307028 0.368078703927977 0.0722486748079249
TFRC -0.158395484001159 0.962153580932457 0.0337783745609411 0.460815733137786 5.65123552102507e-07 5.49316269194783e-64 0.655576433620207 3.7658852475744e-18
THEMIS 0.00242145646269246 0.261961889168681 0.113015853978091 0.430021215546775 0.480153945609456 0.00270973825928216 0.17712825253715 7.87108630283047e-11
HLA.DPA1 -0.0161420094555284 0.43291229662877 0.380886340904718 0.333125232622755 0.0553876199996615 4.03842584262341e-13 5.05574322532356e-08 1.58820436911487e-10
PLVAP -0.239050919698217 0.955081059217451 -0.10350195115541 0.530071280695029 2.39687704539737e-05 2.8901404317013e-69 0.193097180144463 2.0423273155349e-22
XCL1 -1.13378134142338 1.02919345180535 -0.0531653501486305 0.642979230320617 6.6914284078067e-16 2.75689408456459e-98 0.473396645720398 4.1172279787765e-38
LAMC1 0.0089648203555809 0.479757887810144 0.16621466311684 0.170493236233725 0.25850175677123 1.36443508595752e-11 0.0381618742410831 0.00879840185391896
NF1 0.0145366683060069 0.430953217350521 -0.0708631504166422 0.291444436216451 0.0470207214154187 3.58712868040759e-08 0.390918555841551 1.00177136847489e-05
MMP12 -0.468946477144006 1.2009565768318 0.0504248072132712 0.37664244332855 5.45427934554218e-16 5.29927016242995e-115 0.441275951630283 8.94928287598594e-13
ZEB1 0.015120648005749 0.212583361315354 0.00355095267186071 0.228511127028715 0.00501099618243715 0.00938182602894598 0.965626908232367 0.000737526627852076
HLA.DRA -0.000709036374024319 0.643345038962956 0.127145392769544 0.22981032652034 0.958796981760786 1.37310224427874e-20 0.137737568774286 0.000154581618570195
NFKBIA -0.0632816770683538 0.835313356557563 0.256471615894246 0.329558809032878 4.32596926014591e-06 3.26643828121602e-50 0.000160360997465881 4.83720211899147e-11
ZNF571 0.00743468200736823 -0.00812923669704305 -0.0722102511775819 -0.0230315854113598 0.000609118754199145 0.932199985107373 0.427324955657681 0.73231980613868
POU2AF1 -0.339216328074471 0.951129307236905 0.292517457814259 0.381072303591222 1.3271249860281e-16 3.92515015420047e-80 7.21217002967243e-06 3.90098894945579e-14
LDB2 -0.17969353073394 0.833825102290007 0.163670650248795 0.452467292775317 8.50568791729458e-09 1.64989276449311e-68 0.0226159943588608 1.32077064835395e-16
HLA.DRB1 0.00957790219840298 0.525893073244969 -0.187178171104834 0.0492960338276616 0.0115147561320439 1.19399363102028e-08 0.0648942018033521 0.520397763834082
PRLR -0.0175975034008875 0.525192625503517 0.263852894153953 0.38015659273473 0.0752262249621524 1.3876125418885e-15 0.000403842067744585 9.91347881392344e-11
