target intercept intra para.100 p.intercept p.intra p.para.100
GIPR 0.000177604447049577 -0.00556046006889194 -0.00189714421315394 0.316002748209603 0.950293947546505 0.96363217429341
TNFRSF19 0.000720090995272139 -0.0105452093812209 -0.0121222255384954 0.0992200399702968 0.866789338701563 0.875119173460136
IL10RA 0.00139704359014148 -0.0388965488024374 0.0437778055304334 0.0145052245820589 0.612752397726838 0.27920528024513
CD4 0.00139387057045722 0.0366609982117714 -0.0215934850736595 0.00644659450776336 0.643264291747304 0.707397516552384
GRM5 0.000543676649231741 -0.0230551723968107 -0.00552259670335339 0.0793425120802632 0.803406468255673 0.893378899904221
PROCR 0.00157486158832719 0.0257714951413408 -0.0150662837145552 0.00859525667047635 0.728580074072276 0.739610377645752
EDNRA 0.00428024751104124 -0.0124870825637104 0.00230751662427701 3.03776467299808e-05 0.858027896574143 0.962652397411995
CCR10 0.000539311693162388 -0.0139233538909993 -0.00883197438340653 0.0805585245070512 0.860647785029689 0.876862338510735
EPHB1 0.00597749315933103 0.0351149415684081 -0.0258617421034243 1.090325694042e-05 0.647918810106372 0.591931919127273
IL2RA 0.000358133378956168 -0.0115886246313949 -0.00503840502389771 0.154466690406894 0.899570399274732 0.910163477782086
ROBO1 0.00534019817129524 0.196155581680848 0.00354037568504374 9.14281378631631e-06 0.00304065868679884 0.932303800453597
CDON 0.00224826240566545 0.0395221221841647 -0.0104569375527185 0.00142256443635975 0.577967919045621 0.82888613996222
UNC5B 0.00212768640765669 0.0993203291469668 -0.0258971203300642 0.00135501962231605 0.149541530138602 0.553523988225659
ITGA9 0.0106251257524743 0.120993868996979 0.003629507943379 2.99881301755119e-09 0.0788666560461291 0.930210180164001
TACR2 0.000917284892453581 -0.0216180041136677 -0.0150794487290513 0.0226562035087213 0.727225329924092 0.787282917128202
IL20RA 0.000542795906590529 -0.0181247423144811 -0.00895236454176 0.0795862721238466 0.828662552643191 0.866690693304387
NPR2 0.000359577023666406 -0.0125638353383604 -0.0065148202312512 0.153638203656306 0.871329054603601 0.91820199182007
TLR6 0.0102779531859034 0.0566209544311212 -0.0529678405054445 2.2651987776675e-10 0.396751959173004 0.204147576425978
EPHB4 0.0184117822796627 0.0301799835729666 -0.0119436558058867 6.02865539794067e-16 0.61004207223596 0.761007823758354
ERBB4 0.00187654547406053 -0.0406403545298084 -0.0263461951694663 0.00295637365793994 0.583602950656034 0.65293531788455
RYK 0.0126458722513566 0.095713007050154 -0.0207907763502732 6.83451392875544e-11 0.137491205566235 0.600894854722031
NPY5R 0.000740391879086692 0.327988332316303 0.0317083719685103 0.118518668011085 2.62425094726592e-10 0.490903656907139
IL2RB 0.000177724978368415 -0.00665533203258795 -0.00402810711689667 0.315838577164461 0.954553005269332 0.953465325046074
RET 0.00188457448956819 -0.0468016857628004 -0.0210055941140906 0.00121532199725395 0.58677803517729 0.629553394760994
IL3RA 0.00322909895181091 0.0555547625215741 -0.0111291861901388 0.000150395326810126 0.453903318322447 0.818706110541669
TNFRSF10A 0.00571819310312817 -0.0282226311116668 -0.0166409553954669 2.71904071229687e-07 0.685119851856798 0.719628861973796
CXCR4 0.00478176081011697 -0.0914950719207005 0.00706956850820729 1.28545995358123e-06 0.205394073309609 0.880107183265579
FPR1 0.00091763297955536 -0.025123456830717 -0.0203067350983572 0.0226305109222752 0.738987678461581 0.772227682397576
TNFRSF9 0.00035909863385402 -0.0133122992367652 -0.00701096269423938 0.153912185198961 0.879928173759148 0.915121644348239
ITGA3 0.000889008102370638 0.560900938536751 -0.0235124927279528 0.153372763073946 3.44626364956083e-18 0.685410970385045
OPRL1 0.00303005003629174 0.474892030039256 0.0185880826957185 0.00376641587099157 3.6383679229004e-16 0.662423035202251
NGFR 0.000648055914443487 0.105889822648756 -0.00916235511375554 0.0696674222683949 0.146430354384515 0.850762928814229
CCR5 0.00209234567012349 -0.0146495114767456 0.0335749635520486 0.00458142083756701 0.861482122376649 0.588897847692987
TNFRSF10C 0.00183231784438613 -0.0172179147057712 -0.0226617171850364 0.00154546037418345 0.824051417669711 0.643843198042174
TLR2 0.0084850360631438 0.148791120017592 -0.013867203357763 1.90896138204811e-08 0.0339342537153019 0.728610005516826
ITGA8 0.00111778214940727 -0.0426873615973195 -0.0148206481902827 0.0118662474177482 0.617062835129518 0.778939389585666
PTH2R 0.000725336001043239 -0.0219375084674205 -0.0131247046311038 0.0426996332447057 0.78954269793709 0.845126394306916
OXTR 0.00250582724719796 -0.0317173981065202 0.014803414750892 0.00119778022616445 0.650826301689619 0.774511729172016
PLXND1 0.0163511763433205 0.23431602034012 -0.00564162571569712 2.21255983938885e-11 5.36390846145285e-05 0.884720962934502
CD47 0.0359118752091316 0.416796869758122 0.14415810621397 1.75671967163252e-08 3.42368563903319e-18 4.77400593049572e-05
OSMR 0.00420908557954833 -0.0613538689972069 -0.0286214040329598 3.7192797535326e-06 0.334831128448397 0.533752119947299
IL22RA1 0.000178004344756687 -0.00785020709927584 -0.00354813872286519 0.315458492044174 0.94438718611706 0.953642497589092
ITGA5 0.00240191578213314 0.0559589915629525 -0.0226405560377833 0.0034195144772156 0.512935594379205 0.694539631622031
FZD3 0.0051694903798722 0.150441135968643 0.0292812428798427 1.44186864814086e-05 0.0211603737054093 0.525293183485256
UNC5D 0.000357055854063707 -0.0100730070692292 -0.00233421733462876 0.155088369035768 0.894371754453479 0.9453189830582
TNFRSF10B 0.00839353410650538 0.217570300965993 -0.000782076721795644 1.43735793060369e-06 0.00537960602939631 0.984835778124502
PTGIR 0.000356549449981029 -0.00472486521637019 -0.00621756011448378 0.15538151941457 0.926293293212171 0.916707371156873
CSF1R 0.00309826709546086 0.0662022848175747 -0.0444012606953392 9.10884700350815e-05 0.316853676849677 0.385922166936546
TNFRSF21 0.018799372350949 0.022594938572602 -0.0326227279639854 2.65931204372516e-14 0.733604281449588 0.438770387237708
ITGA4 0.0014232054233258 0.0850140359265486 0.0305070991671835 0.0176350669192482 0.240887496627187 0.581806014391328
FGFR1 0.00297078786446733 -0.0383351976751839 -0.0120519197252784 6.53393796546229e-05 0.560501258198377 0.798098886568433
EPHA8 0.000544036580448978 -0.0205918646299067 -0.0111777639043294 0.0792431267479515 0.817639679136725 0.864899615894904
F2R 0.00206046087084859 0.139848934950231 -0.0275640441459718 0.00352247242626065 0.0423431164251475 0.60385469482154
NOTCH3 0.00170893242487343 0.0646193651879954 -0.0281612830459305 0.00315960446454076 0.424316148878554 0.600985249574216
FGFRL1 0.00472120591969856 -0.0216298648586062 -0.0495786333343005 4.00278651844814e-07 0.706532687785819 0.259869733001637
SCARF1 0.0015115390428299 -0.0517669155332658 -0.0207808849365888 0.0035122279129178 0.545157912522443 0.698762565172237
IL21R 0.000362689913797952 -0.0219285068299746 -0.00406905763929986 0.310959460434637 0.876098939159857 0.956655292582282
CCRL2 0.00017758393260111 -0.00355247910922501 -0.0028700333467977 0.316030701270873 0.951497163793548 0.963157400988282
ITGB4 0.00838947335366732 0.0241897367734262 0.0271924207065659 1.35700411954834e-08 0.747492098787687 0.513047857508461
IL2RG 0.000539826272532183 -0.0156621443239066 -0.00793307717129012 0.0804141316992824 0.847634386523396 0.88529408135198
ADRA2B 0.00111576421766585 -0.0309192770518117 -0.0197581325283913 0.0119430125586101 0.655077588799331 0.730806393626154
IL12RB2 0.000910298648260356 -0.0215359627164488 -0.0170553636194024 0.0231783043764353 0.758714707561509 0.808757715843512
PLXNA2 0.0155058886678969 0.436774079265577 -0.0242690937515878 1.67816938930991e-07 2.93751303232203e-13 0.55728820748272
SSTR2 0.000177846085176335 -0.00463052729148372 -0.00585085899758309 0.315673734699515 0.949014433995458 0.954507187150183
IL11RA 0.00673841550809626 0.0564187437136897 -0.0362653483431998 2.68442554022056e-07 0.361095365449254 0.402695840486136
IL13RA1 0.0220219511399812 0.229478087220467 -0.0203949290836171 2.42679512626428e-13 5.21740888818733e-05 0.617169040515352
IL18R1 0.0020552526363281 -0.00400389266455312 0.0382374513804334 0.00802770552958126 0.960648001029755 0.518304289523286
GFRA3 0.000178214499378643 -0.00808517771864887 -0.00304594386120273 0.315172965693021 0.93653725416435 0.955585807736439
MC1R 0.00536421463283614 0.000626364627563398 -0.0504914345969702 8.83049520614249e-07 0.992867451685102 0.2826331597427
CX3CR1 0.000179144606352358 -0.00825499867611824 -0.00594127862088919 0.313913326545316 0.924110372355023 0.940529648076825
TNFRSF10D 0.000692542728198173 0.419133561490304 0.424514856691325 0.447594838100357 2.27929551370728e-08 2.42271147210981e-15
FZD2 0.00439606301299192 -0.0476037798489067 -0.0395333648547963 3.43281038976474e-06 0.518048356298808 0.437612940467479
LDLR 0.0060572413597906 0.16015879793796 0.141555817124301 3.19066591335345e-05 0.0184561917782423 0.00136444971111937
CCR3 0.00058849036549221 0.162847626161932 -0.0139001917727951 0.111125440321655 0.209499649504767 0.830256138396072
ADCYAP1R1 0.00017807259178521 -0.0117368973930057 -0.00547093188398264 0.315365731200256 0.947774433007298 0.947439924342853
ROR2 0.00165581666231818 -0.0210182613271519 -0.0234477733489991 0.00242386990982504 0.762228356355823 0.662139099682566
OPRK1 0.00396775396056162 -0.00358232339466185 -0.0188248242126536 7.11463458583492e-06 0.958838045335102 0.678212124376471
CXCR2 0.000357973448408525 -0.0191566509448397 -0.0079112645445806 0.15455878352788 0.890000661732448 0.930486621338849
ACKR2 0.00121977272213766 -0.0190665556578875 0.0290823537690328 0.0106875195346368 0.815519803509394 0.555013163684446
TNFRSF13B 0.000719830058598741 -0.0134878062329138 -0.00949741142748991 0.0992813063155921 0.872267586396924 0.87393218443162
HTR2C 0.00111481454025032 -0.0421158626555783 -0.0136685991044908 0.0121275814167818 0.633612353918545 0.7904621309661
DDR2 0.00317200715765607 -0.0442460504709688 -0.0158206356228533 4.03421345486484e-05 0.560004469789883 0.752293036775832
RAMP1 0.00127114785250339 -0.0171615836351387 -0.0178868896321946 0.00759304495632214 0.82652315664713 0.737885166649887
GPR39 0.00266173781824225 -0.0442918274279381 -0.0369388166029973 0.000128401926449474 0.591296047246279 0.473211763416427
ACVRL1 0.00356816452931819 -0.0251198340341264 -0.0459440725893875 1.1884220599813e-05 0.728780881446933 0.377887963067736
EPHA7 0.00072878242930637 -0.0174574767621636 -0.0153346332826018 0.0422096705411895 0.783258491374444 0.816452286213387
ITGB5 0.01611216520908 0.299729512744196 -0.0325641667994719 1.20219451040591e-10 4.04254188922271e-08 0.408584789741556
CD27 0.000918809025340394 -0.0259847532694044 -0.0120936557142123 0.0225439290864069 0.70045063068108 0.811644771433512
LRP4 0.000730153467616521 -0.0295597817639903 -0.00867341837330561 0.0420164022326748 0.75083843246668 0.848912930991243
LGR4 0.00949342249880078 0.107671810169626 0.0143247125604075 2.82050029234023e-08 0.117380612062559 0.719271407537879
ROBO2 0.00204528896192168 -0.0297463999319945 -0.0263525505504407 0.000731383898622962 0.660186200674248 0.601417706878809
PTPRG 0.0117912623230549 0.126875348939762 0.0116865955618848 7.50538171477531e-10 0.0612208784887648 0.776680697936514
GHRHR 0.000178532244687811 -0.00883749609991155 -0.00397819776433499 0.314741902965227 0.933072190654423 0.949031708060111
IFNGR1 0.0150038019922378 0.206081870471324 0.0479804879278232 1.91427103667082e-10 0.000214233789346136 0.232103838758668
PLXNB2 0.0379200784576912 0.166076563631199 0.00650295599034837 3.10458739258681e-19 0.0030331841897571 0.860270490831497
TYRO3 0.00735803530870071 0.118565644936635 0.0154957685142265 2.15326358139749e-07 0.0774408715315176 0.723033898337148
ATP6AP2 0.0479487806875059 0.852562698427626 0.0971021925977174 0.0510184850900054 1.02279759396965e-120 0.00341031712710229
KLRC2 0.000177610355462765 -0.00727584773961232 -0.00157845084794894 0.315994697984975 0.946533029547171 0.969167478622609
CELSR1 0.0156407810945646 0.187447037800166 -0.00138507314963574 6.18523734769384e-11 0.00267679139621936 0.973487803187669
ITGAM 0.0033981965376264 0.193842246182403 -0.0530030058336252 0.000103757113555402 0.00152531276026815 0.264754127872455
SDC3 0.0096172901682683 0.198573369496345 0.0133620039029809 1.10502788159998e-07 0.00229497191324008 0.743263916934912
ITGB7 0.00436563028471825 0.0398723740183129 -0.02753221210806 8.39756574848805e-06 0.567980239205281 0.611384075087048
ITGB8 0.016578594329527 0.262680008903334 0.115779988794005 4.02241928222236e-08 7.10152391511305e-06 0.0031068454152568
S1PR1 0.000524698945230864 0.0187841308064527 -0.00852765594538734 0.0885138211207539 0.726421777166211 0.878318603822507
ITGA11 0.00189237160538584 0.0548059723467718 -0.0184410736343889 0.00717848333477721 0.535813196663557 0.700771013920835
EDNRB 0.000360409257719727 -0.0169842943732031 -0.00498947101037634 0.153162886112778 0.852653102135214 0.933190354064316
NOTCH2 0.0244803914467213 0.380344176648833 0.0261937947615709 4.48793736132073e-10 4.36652181409525e-12 0.488974335158253
PTPRB 0.000720982568926261 -0.01276943564975 -0.0115772774833266 0.0433271004555936 0.837834086420637 0.837838290601334
PTCH1 0.00393017998423472 -0.079987119821948 0.015420799135987 5.74774879372291e-06 0.278539648651043 0.74949624005724
MST1R 0.00914527098738001 0.0504741220571051 0.0436825144336192 3.71225469494912e-08 0.467242844259704 0.312219867495147
FZD9 0.00114721245563126 -0.0149922038823945 0.241270017737043 0.0265150891309151 0.880850350148192 8.70939132941583e-06
FZD4 0.000734750493267577 -0.0342872225020226 -0.0149090587108908 0.0413751386641857 0.740451059615192 0.82641408691543
IFNAR1 0.0196913700202364 0.338970149050625 0.0560378298276905 6.64583380541509e-09 2.21447102763432e-09 0.15851628265581
CD46 0.022101858419578 0.304239619063899 0.0551987164113452 6.93999543070353e-11 1.37978339369457e-08 0.145072833287364
F2RL3 0.0024082690435142 -0.0719544693971119 0.0190331529811728 0.000313732854192232 0.37308160608053 0.692600499332484
VLDLR 0.00364848297994916 -0.0471946601939824 0.154914468476757 0.000133629183862324 0.386436223237024 0.000429967404382378
CCR2 0.000537314770027985 -0.00822816937958525 -0.00639435565794577 0.0820719749708418 0.905195172105161 0.893399407826199
GLP1R 0.00076636424214045 0.173097699540356 -0.0126108378321025 0.0559136411176458 0.0236533231538166 0.794740211213252
EPHA4 0.00204165512350492 -0.00582088949670841 0.11791245175503 0.00220106531197758 0.940033155960324 0.00951817149784812
ITGB6 0.0139663171407299 0.197141273833207 0.123619799105659 4.03465225879261e-09 0.00118339240232782 0.00106068174041336
RAMP3 0.00146131024971798 -0.0140805537881057 -0.0243549571521361 0.00434414058679678 0.819915765807483 0.688169724118773
ACVR2A 0.00887553976732947 0.238287913873473 0.0781141619731859 2.32360536047492e-06 0.000151119923653987 0.0701526058259513
ERBB2 0.0163466909600832 0.239385972615755 0.011029351832837 1.04143877099905e-10 2.37672575752174e-05 0.786377485582297
PDGFRB 0.00407558490799745 -0.0555683143919256 -0.0404087954827996 9.70566449841426e-06 0.500784014225036 0.368388955725688
PLXNA3 0.00263009318249457 -0.0459741343199416 0.0500996859666631 0.000235144883143021 0.526973178216547 0.224292762786386
PTPRU 0.0388238281771586 0.20499749487306 0.00670995246020016 2.92120241771846e-18 9.45795030780368e-05 0.854176196668557
LHCGR 0.00128739458582161 -0.0267836386437547 -0.0162465511187556 0.00697690316767675 0.684048349788384 0.738506391600783
FPR3 0.00490380040339402 0.0392871209689599 0.038117335552243 7.8466374874866e-06 0.530067374131074 0.376950916295261
KLRG1 0.0017483273337394 0.303380816410174 -0.0305668727576708 0.00847178282975071 0.000133833895831973 0.520425284059568
BOC 0.0103218806974457 0.221367094545882 0.00614215241157216 1.49060014669556e-08 0.000675220436767274 0.880576009834495
EPHA2 0.00415293280380486 -0.0484867952731165 0.0692006090530578 1.4290105043728e-05 0.44103599726442 0.0885040315180127
CNTFR 0.00269399195811978 0.000811178848229762 0.107490000628358 0.00134107948471541 0.99041041469765 0.02676798258725
NMUR1 0.000178094432484404 -0.00751154758552507 -0.00283718321297954 0.315336053025678 0.938297612867312 0.958075592752347
GPR1 0.000665702770946959 0.0779270905327092 -0.00966437946854745 0.0630747088190547 0.327889924030818 0.846080632820933
TGFBR2 0.00366855896439981 -0.0285316183519544 -0.0112141437910981 1.46672164161308e-05 0.696595306459714 0.820386780341967
CCKBR 0.00668625460511349 -0.023356673666118 0.0500148446868163 1.95745955064653e-07 0.743206548702591 0.28712243281422
LPAR4 0.000358169237104823 -0.0124895817691923 -0.00812194034517397 0.154446050681259 0.898232938542287 0.911774243757018
FZD8 0.00297560549257113 0.146235878561458 -0.038353121968058 0.000332590699211716 0.0528224233224536 0.456409498590069
QRFPR 0.000178339040301112 -0.00615865744179714 -0.00538203128498712 0.315003917827234 0.930508403800718 0.959806299521376
TLR4 0.00181372800354039 -0.0221257031510609 -0.0100892543510244 0.00159652317225195 0.744632762722781 0.86855952361564
LRP2 0.0028540158094348 -0.0516001686352694 -0.0249662822772374 0.000772891706705827 0.534516147789858 0.604266525041341
ACVR1B 0.00737761396440373 0.270768186139755 -0.0374266815821309 5.70103312350473e-07 4.12822990376957e-05 0.371502278563392
ASGR2 0.000177879696278506 -0.00281403107780148 -0.00414787238944137 0.315628005485064 0.949237609395532 0.953827354380297
PDGFRA 0.00147103929904198 -0.0224371605255319 -0.0202207600151402 0.00403483249045983 0.735412020303469 0.679212540364342
CHRM3 0.0104925035181133 -0.0230735412941946 -0.0024369495152528 8.8935234174873e-09 0.700165334738803 0.957508702253266
DCC 0.00240369314517415 0.00168663499993154 0.0259227284461099 0.00110664815620265 0.983872710937892 0.560751300508559
CSF2RA 0.00610538892351431 -0.06527333761323 -0.0156400967194298 5.59141931519438e-08 0.326455849568508 0.726295500805776
APLNR 0.00598681164425523 -0.0299167601569794 -0.00153537679082462 2.17370668206896e-05 0.677734132462469 0.975892408397829
RXFP1 0.000729905160372249 -0.0242510266263419 -0.0111784285719153 0.0420513357757432 0.762638819228008 0.835637191430783
NTRK3 0.008941035302097 -0.00669652590036406 0.0279967592863205 2.62813090558465e-09 0.923289539346284 0.475743505567045
PTPRF 0.0680922975708139 0.533255731256384 -0.0236535363768521 2.10868915184956e-13 1.71660897575492e-31 0.507238658978326
IFNGR2 0.0122074430730537 0.163476270941754 0.0233078999209798 3.86318313894357e-09 0.00671272289163202 0.58164847262447
ACVR2B 0.0102980362073148 0.0158504363021638 -0.00418868098405484 8.28614887139075e-10 0.798886131583322 0.915587683903578
SELL 0.000546159639283462 -0.0244317833396402 -0.00868258300136766 0.078659621859215 0.786196389363677 0.887542595090809
GPR37 0.0035514523772445 -0.0707238661206185 0.00755821211143354 1.94964767055512e-05 0.404883040797195 0.870757704101684
KLRC1 0.000177932594314453 -0.00775314481968387 -0.00506454176532981 0.315556053203147 0.943995040161241 0.957052768673326
ADORA2B 0.000920631297567564 -0.02490860867733 -0.0167583000554335 0.0224104485082767 0.706793553797099 0.788110246809479
IGF1R 0.039485101202889 0.522185085876103 0.112854374050031 4.61463825634466e-07 9.45298621459543e-25 0.00290665133229411
PTPRM 0.0361309640061249 0.141506737136557 0.0015032432033529 6.00882963048574e-15 0.00927263806122712 0.972144404979265
NPR1 0.000358103357783318 -0.00868468099574165 -0.00686574230571182 0.154483972811789 0.904235155916893 0.906171714725321
LPAR1 0.00581173740354409 -0.0618029944881929 0.000134442131237907 2.35826456852295e-07 0.307634518968679 0.997573411412535
IL6ST 0.0197776854552355 0.189839778061146 -0.0134558837545118 2.18719683100761e-13 0.00115696430874116 0.742697221870064
VIPR2 0.000364711906293889 -0.0251866955073583 -0.0065876312171895 0.15073190328537 0.817140494883677 0.9109743932203
ITGA7 0.000728020718758807 -0.0201661686300487 -0.0131860997934904 0.042317448446073 0.787412256126637 0.820345584784348
C5AR1 0.00234365750442983 0.00731209754200045 -0.0293936825236544 0.00322377328816565 0.934177784872815 0.62498514958593
FZD5 0.000722025706906392 -0.0153880776347599 -0.0126954928506435 0.0431758733491304 0.829522827282864 0.838333875999563
ITGB2 0.0124326300487355 0.00306076316960807 0.0184956586521121 6.41094326859813e-12 0.961290265693575 0.669781251466155
IL27RA 0.018374137696543 0.418893687805966 -0.0734148242882999 3.32008369302816e-10 1.47685647305776e-14 0.0667758868598531
LIFR 0.00209326480629758 0.00247854844990428 0.00851352198179634 0.00108371052478789 0.971943130558759 0.84733051749803
FPR2 0.000358201050271041 -0.0119924032606929 -0.00496047227315933 0.154427741840642 0.890437438950578 0.922441023843122
LRP1 0.00553514661984883 0.0661192019185706 0.0999603354424923 9.42632850547041e-06 0.284333636113701 0.0473449207610767
CCR1 0.00231727795016924 0.104699745234762 -0.0373014936487889 0.000802204788895673 0.136219358701092 0.475499932080799
BDKRB2 0.000544165550913575 -0.0293134644654447 -0.00937737120691923 0.0792075476545962 0.802365140050375 0.886672544176174
IL1RL2 0.00582231514539742 0.0760366853535831 -0.00962518119847492 3.02066481090766e-07 0.258621573348013 0.818664090042281
ACKR3 0.000914567902594845 -0.0327592188038617 -0.0120519705395412 0.0228577881714787 0.724369519082471 0.814707600050514
IL1RAP 0.00328852453645933 -0.0482706855842964 0.0116638315960743 2.97149260870968e-05 0.474085906993682 0.773482809630689
PLXNA4 0.0172589130671075 0.2534362934282 -0.0469133527157943 1.3527680105872e-11 6.09847426399332e-05 0.234279357331666
TNFRSF4 0.00168644347597563 0.11632453152899 0.0205964645098642 0.00536077330393498 0.0760072582110849 0.689102062721818
FZD1 0.00771612177484703 0.003254080480363 0.0469692715857987 1.37560251804411e-08 0.959683746556659 0.242984513505133
FZD6 0.0246980891887892 0.160541066745958 -0.0731227022263911 1.45987917942536e-17 0.00454553769925967 0.0729009925447223
GFRA1 0.000648786213852927 0.0984242475029279 -0.0164347330375995 0.0703842029927643 0.172249354857467 0.821805585154578
GFRA2 0.000800896161514893 0.271057133664092 -0.0147737208918938 0.0704038458912204 0.000491566954583589 0.752371210747179
FLT4 0.00157470793539572 0.0353736771402894 -0.0212349403998111 0.00419029547280575 0.697755412958 0.659656613930777
ITGAL 0.00178224881157244 0.0109919668277053 -0.0212490956840488 0.00446429771029544 0.865305500347853 0.68281996387342
UNC5A 0.00132260080684971 -0.0485544863244061 -0.018524412201763 0.00622725890396443 0.546991497285609 0.737953201181382
ITGAV 0.0183079905355456 0.116188205398611 -0.0197771483854471 8.08271586266991e-13 0.052926225700148 0.644617617048414
GRIN2D 0.000304711669325024 -0.0136215114917603 0.17768654527715 0.225730113822619 0.85814091273162 1.41145713615731e-07
ADIPOR1 0.0241504739983377 0.197805067623049 0.0412008323761955 3.64470425740708e-13 0.00117137353599863 0.28602733146831
ADORA1 0.0164129940236396 0.143262777572971 -0.0439329131715149 7.24521268750044e-13 0.0127755206170409 0.284410378306646
NPR3 0.000360776406550963 -0.0157984224583739 -0.00602680952957476 0.15295372464876 0.85481894641414 0.919263695314353
ITGAE 0.0129721772830672 0.103925810087033 0.0261402702260234 3.89852777543062e-11 0.0747697840742677 0.514991575529127
TBXA2R 0.000729406946801142 -0.0257672458245301 -0.0113693057379526 0.0421215199038612 0.762515606196817 0.8466060261341
IL17RC 0.00406176015366399 0.037816775686171 -0.041120320597327 1.55255407619207e-05 0.564093463979436 0.407335979239499
EGFR 0.0117447768442646 0.183484668452104 -0.0331048502581827 1.80872395454297e-09 0.00304743817004754 0.432239111611591
GPR37L1 0.000178023854941093 -0.00334262107519506 -0.00321155999412598 0.315431970305701 0.943078827303802 0.954626697421537
IL1RAPL1 0.00151150759255992 -0.0511458713699929 -0.0253260432245813 0.00343183971191027 0.530445209703181 0.683899095912825
IGF2R 0.0529318074132921 0.313611106512852 0.0159255927553882 3.94069872873721e-17 4.64557042008449e-10 0.666357386340151
EPHA1 0.00282100712352215 0.165442562129696 -0.0397331502473904 0.00033260664541925 0.0172374309507322 0.413116982107094
TGFBR1 0.0354299256971853 0.201375743128746 -0.0177616093665689 2.14525789904482e-17 0.000309838012893969 0.627858934155734
LRP11 0.0281746607022968 0.204436965503226 -0.0308902152872465 1.78480610141737e-16 0.000301461030287691 0.415036781237877
ALK 0.00511715920965909 0.00752202285397969 -0.041497868666874 2.46422060043089e-05 0.925742419900569 0.378281810776529
NOTCH1 0.0120873664817583 -0.0377367076944679 0.038813541927232 1.00852597099571e-11 0.586762933662249 0.356468453519153
NRXN1 0.000547064405267147 -0.0208940081463084 -0.0103014894169287 0.078764659844664 0.795724693061343 0.874394488546313
CD93 0.00233079366769616 -0.0425686807980976 0.178288184414216 0.00223754228880898 0.574935846847184 0.000464473427154923
CD28 0.000177301595483271 -0.00432492146258868 -0.00547314965306092 0.31641574399108 0.96496669404199 0.961632357511846
DRD2 0.000359455138218509 -0.0132432555236326 -0.00929807898863935 0.153707956889925 0.880570413573191 0.90753225940783
NTRK2 0.00186304883779734 -0.0372865420803322 -0.0199203803874527 0.001166266558227 0.545583990014735 0.673703890549973
LTBR 0.0376964727397911 0.554717773916824 -0.047136240379787 1.42318208595511e-10 1.3565600235452e-27 0.205133151118795
GUCY2C 0.000178390040111743 -0.00955869749251973 -0.00368304649195965 0.314934726539923 0.931977670368221 0.95544642953449
IFNAR2 0.0169083263688875 0.173559222321446 0.0155281470440648 3.50202746358376e-11 0.0062442649588723 0.703529724896823
ADRB2 0.00036253195618192 -0.0222033098236213 -0.00339442305009047 0.151958065040924 0.831788920240539 0.926258219300035
BMPR1B 0.000719659544926323 -0.0133271723108546 -0.010649753593489 0.0435197052027441 0.832306290142793 0.861164304062246
IFNLR1 0.00383336657522504 0.0172089005418203 -0.0485268272294414 9.28633065777309e-06 0.825312569462699 0.311220292226065
NOTCH4 0.00620655932548042 -0.014818073837064 -0.0213023172235494 6.47197630834963e-08 0.817856592774392 0.654113203991636
CXCR5 0.000544820611195509 -0.0169133945977151 -0.00902047824985396 0.0790271015054211 0.814209461390208 0.860822190723128
ACKR4 0.000764674214176874 -0.0853153414236863 -0.00655917754280285 0.0893324711997526 0.651479116441359 0.896521012532169
AXL 0.000722935674079564 -0.0139002414404055 -0.0116150996343746 0.0430444056847129 0.80771565144372 0.848838471976257
ROBO4 0.000725086137653825 -0.0191146877766766 -0.0111355235418439 0.0427353867770076 0.794127583421358 0.842174925399514
NPY1R 0.00615565974532522 0.0187731361338857 0.0658154101819935 9.41221290158234e-07 0.774090394492122 0.162963279455716
LRP6 0.0319889627500859 0.368408129214622 -0.0471321091761434 8.84965523552818e-14 2.57192705809562e-11 0.230394573571901
THBD 0.000702627540778507 0.224236899616652 -0.0113310275673452 0.080291917851837 0.00232388196296618 0.822373551534265
ACVR1 0.0087574025002118 0.322506986910581 0.0481732788621454 3.16023572733566e-06 1.52414360362396e-07 0.251394513878947
SCARB1 0.0135703149620011 0.0684482890183436 0.0578083446704918 9.35048085129321e-11 0.268827907134499 0.170039853078509
F2RL1 0.00206816692425473 -0.0410386073383282 -0.0328792194789994 0.000645010558300939 0.559849751423476 0.570492518692245
IL17RA 0.0127975094576547 0.267905888698607 0.130038029527336 1.55017588771209e-07 2.84191763032751e-06 0.000859252298573009
RAMP2 0.000622185659183304 0.279175481031763 -0.00908232044550775 0.122809313701915 0.000243027051097784 0.855459404007302
MARCO 0.0146038734143373 0.356115917745655 0.13219182494941 1.05524586535912e-06 9.67328135851958e-11 0.000328072450297612
CALCRL 0.00123676518642062 -0.0242326083278736 0.0194775385854473 0.00931529527689206 0.707804603872431 0.672224008650688
ACVR1C 0.000355707581709336 -0.00517044951911746 -0.00519965857439439 0.155870258355055 0.938504906746389 0.925188900071503
FLT3 0.000357659256058366 -0.0130761195820505 -0.00472286087033634 0.154739886940411 0.894838349448464 0.927723908400975
TNFRSF14 0.00850789502509963 -0.0176444427213497 0.0128696348445492 1.31777662327331e-09 0.783151852215961 0.769020307129208
KIT 0.00149447256687911 -0.0473988701098436 -0.0182483416139677 0.0092618805658975 0.605686306591702 0.746243023609607
ITGA10 0.000939189006126142 -0.0487090583983507 -0.0172954469783054 0.0210968073615166 0.618564457473227 0.785052736787055
IL10RB 0.00880076871690104 0.192888212166874 0.00300767536947431 9.1453289322747e-08 0.00823584363410877 0.941265857483561
CCR7 0.000231166226569593 -0.327360583995501 -0.00378675548600202 0.252636017513254 0.581483610158399 0.953720727113705
NRP1 0.00402461344791878 0.174046942070721 -0.0362613104995099 0.000111682512344008 0.0253856444526529 0.397784771598062
IL23R 0.000178007582008206 -0.0075074462387451 -0.00362987918763499 0.315454091189956 0.941084996540765 0.957804071688827
RTN4R 0.000906701320371351 -0.0153651246213322 -0.0157749758748875 0.0234519904596256 0.793754848008789 0.797362880903149
TIE1 0.000357728614530355 -0.00890006732406732 -0.00572064443863624 0.154699887372992 0.897704152868668 0.921216427828424
IL12RB1 0.000357387212058524 -0.00535583900122599 -0.00561889637600752 0.154896890120435 0.906918161265086 0.917630864411067
ADIPOR2 0.0270775897912925 0.20649785327795 0.0897128620243139 1.00534194090314e-12 0.00017733167395077 0.0157104257147334
ITGA1 0.00753320218904864 0.0104342216176057 -0.0502901351400961 3.2658379010131e-08 0.879469801611001 0.273346227688383
P2RY14 0.000368143626290688 -0.0586963693487124 -0.00585964581776445 0.148824258849178 0.784178762154222 0.920096744369832
SMO 0.0141241464916077 0.0652508525108669 0.0260357583398473 4.90155725121018e-11 0.301078073544768 0.520925182494239
EPHB3 0.0475456115041831 0.485038037064475 -0.0244298007579568 5.84421774354956e-13 5.97617181898259e-22 0.508441439240598
BMPR2 0.0205432881591744 0.267591185655908 0.00682005664708287 1.07448208633569e-11 2.30201657501169e-06 0.86663151683369
NRP2 0.0108278816579721 0.213861412563332 0.0762211590798851 1.10334553570682e-07 3.7264922446137e-05 0.0722311796806553
OPRD1 0.00054173731155526 -0.0203432050341972 -0.0121033712690064 0.0798803237662917 0.832454493546579 0.876687304184502
NPFFR1 0.0007275000467945 -0.0280945900373766 -0.00572658753910039 0.0423912870730885 0.756499822538317 0.875150463039252
MERTK 0.00315543733380971 -0.0106076418127986 -0.0438934141177734 4.39600274206263e-05 0.871775218992576 0.410665596315543
INSR 0.0116654483343504 0.336320023145685 0.0866458719581889 1.82151970704525e-06 5.18421532203793e-09 0.0295706819384486
BMPR1A 0.011925144018714 0.103483084706833 -0.0271485077542117 1.21317368310262e-10 0.0756997110277162 0.523276363717898
KLRD1 0.000722344403328663 -0.0138499005260834 -0.0138553853354455 0.0450135128141364 0.88085177415958 0.845132144289285
CHRM1 0.00215290426512945 0.107006512590924 0.0398450187104046 0.00166011658627001 0.113021728254601 0.421183368216508
CD36 0.00296301921529268 0.0491439508816049 -0.0329664707913758 0.000116936718559985 0.47485108708978 0.50330319029048
TNFRSF17 0.000360821035276697 -0.0148634398138672 -0.00704755060978227 0.152928322122261 0.85466460409635 0.919804730483051
ITGAX 0.00221908015558401 -0.0202010932047142 -0.0276803415659368 0.000516457520449605 0.789626765221165 0.562911347047389
FZD10 0.00053953442565095 -0.0202275654737125 -0.00489197436071973 0.175806911772334 0.878418280631251 0.918749341446758
TNFRSF12A 0.0171616317863906 0.268747833176842 0.0813582656391283 1.65608856449794e-09 1.92726556626543e-06 0.031780727437499
FZD7 0.00643342230087488 0.280191213186941 -0.050881089137401 1.19442806931896e-05 8.7634195694737e-05 0.214368358279806
PLXNB1 0.0152352917583462 0.187536208831728 -0.01344907269287 3.48678223092045e-12 0.000481603122441521 0.746958414875552
CD72 0.000749187107899009 -0.0421957354226892 0.373582549565572 0.0876428910104081 0.574269030253741 4.10034691332642e-16
ITGA6 0.0206981620663773 0.584412930492639 0.170032858274701 0.000770092328321959 1.37818218584928e-33 9.17982983276672e-07
ROR1 0.00352839529098922 -0.0029047959580203 0.139986354473956 0.000148403329352259 0.965326593853165 0.00187059319115416
GRM1 0.000544077606095104 -0.0151120516680153 -0.00938898410949902 0.0798400785003377 0.839279497025341 0.863409280206093
EPHB2 0.00341074043947244 0.00842450510164846 -0.0263817303693806 2.55064692099559e-05 0.896261944849701 0.601422701291343
IL20RB 0.00316568917867997 0.104674811207102 0.0850329023090968 0.000364558532044838 0.157676309388487 0.057453924788685
LPAR2 0.00904590049633868 0.0672027492520376 -0.0448618577506378 4.51948116702962e-10 0.328084835097894 0.291864200294807
CRHR1 0.000357347277008666 -0.00549901662121493 -0.00547311461219672 0.154919952813395 0.900108436356422 0.927845114289633
TACR1 0.00167297522866534 -0.0410067964517639 -0.020629061987398 0.00536118624545653 0.612940432378104 0.71221067407655
C3AR1 0.000922218194608166 -0.0361078833874292 -0.0145846446607986 0.02229487594894 0.688861769258599 0.803798943034415
ITGA2 0.00670079440908269 0.125756468903798 0.0370074122081966 5.81616945210537e-07 0.0404282367466814 0.421233483850284
CSF2RB 0.00215768280153218 -0.0333771198386259 0.0183876159265923 0.00152979412297775 0.568934151155966 0.688396620354119
IL4R 0.011856816959629 0.367107616608667 -0.0154902351639373 2.56317799453926e-07 1.359126197132e-09 0.694640857049094
UNC5C 0.000782529098878111 0.191816867926151 0.0977262874870423 0.0761618929245519 0.00953699672807511 0.0959143335107124
MUSK 0.000358659392981517 -0.0140084947475655 -0.00583873718440254 0.154164233378851 0.8852942048854 0.918803039542532
EDA2R 0.000356361786917942 -0.0048912168339976 -0.00419637567843274 0.155490314650643 0.915854975595765 0.932958070996917
LGR6 0.0101438508071592 0.272083544767968 0.021961715462367 2.19327315381927e-07 4.41258083784847e-06 0.574700716468753
IL7R 0.00241270315419092 0.180966870961849 -0.0105691816449603 0.00502279712797037 0.0164322348400897 0.846184859471946
CD74 0.0435610159756992 0.207690136326382 0.0991069017175685 7.8001219047965e-16 4.11752514907698e-05 0.00805534140905036
PLXNC1 0.00315256304175323 0.123872051865954 0.16478009878162 0.000878298130397233 0.0642419335485438 0.000447931288886133
KISS1R 0.00109999580088293 -0.0205608136623555 -0.0148875610855436 0.0127680197913372 0.726397178529575 0.768765771642195
EPHB6 0.00262792598816185 0.159477423985195 -0.0197777383756304 0.000606881878736198 0.0328146680070357 0.683712442146594
CMKLR1 0.00263216839529783 -0.0674388768225575 -0.00470060298049102 0.000140768566903239 0.377789725597828 0.931340625757593
LILRB2 0.000549082916254964 -0.0208217646593814 -0.0104698341849529 0.0778637401887651 0.772196624936944 0.86889945929363
ITGB1 0.0467639051398704 0.422612843204296 -0.0962378198448774 1.98896429670669e-17 1.01285975174523e-16 0.00967762091033844
SDC2 0.0178903920994105 0.214366717138887 -0.0177865386895285 2.76135406938565e-11 0.000216715147113007 0.676211216867599
LRP5 0.0111061245919837 0.278098519113348 -0.00298617346509756 1.37702156100789e-08 6.00969854296928e-06 0.944572638799642
ITGA2B 0.00275890264236948 -0.0107636880192307 -0.0333149917992911 0.000142560048052148 0.877120344166075 0.50765275382562
TNFRSF11A 0.0037605661456018 -0.0573848171081067 0.0376141614002877 2.40016558013917e-05 0.377648670137757 0.423052639809022
CD44 0.0539676708971354 0.530265561552518 0.0109887007388438 5.99145026558167e-11 3.48341501688635e-30 0.760616907342185
VIPR1 0.000362777671336438 0.758799489259491 0.0361771673417922 0.448075549372404 7.46529795019097e-17 0.45175141636963
EPHA6 0.00130419343684206 -0.0448308132189904 -0.0191796441799695 0.00697402453434036 0.661825877354724 0.734086865906612
TNFRSF8 0.00110315407837673 -0.0322978511355443 -0.0161160856950327 0.0124344105977768 0.68669368614673 0.769396036606404
ERBB3 0.0100105867598776 0.204746890504339 0.0366792416393882 4.52450560344912e-08 0.00139090839609905 0.337626728530319
PLXNA1 0.00850410864884087 0.143953497958114 0.170071388035472 3.686997213837e-06 0.032268599149237 8.18004345082985e-06
IL15RA 0.000931530880787492 -0.0536110029172709 -0.0128630690324369 0.0216289659814748 0.634341679735076 0.821879311585617
CNTNAP1 0.000741182581529414 -0.0478923646539637 -0.0136978580950179 0.0404950909230937 0.704970270582161 0.811610626902514
