target intercept intra juxta.15 para.100 p.intercept p.intra p.juxta.15 p.para.100
CD14 -0.00323195534009415 1.04063315462297 0.067674292270881 0.0135811988161256 0.445517623149914 2.36844194218308e-99 0.427479569592062 0.800311983909062
ACTA2 -0.0590128691609719 1.1435224627397 0.012958515797082 0.273628431970596 8.82098545434147e-07 3.0322944701767e-199 0.753275680287173 9.04688616489418e-13
PBK 0.00427924961837305 0.962466671879992 -0.127332171046176 -0.000376043591812831 0.403157315731307 1.66359000814024e-133 0.131521066202616 0.994476994484412
FAT1 0.00841256884842746 0.647647014125182 0.116306646345168 0.0838341989162063 0.22259452385038 4.71792546897465e-30 0.0498910571846683 0.110254130063058
SOX18 0.00813007439744027 0.457243509340476 0.33514302463202 -0.0466824743428911 0.112811783535077 8.02867707782533e-14 2.72776283264763e-06 0.408095874991646
PDCD1 0.0077934462624806 0.192552255540649 -0.0294938497355908 -0.0304155948152096 0.000501656438752015 0.0429582134295269 0.694606423412382 0.650247437458313
IL2RA 0.0465546485474137 0.49623697633539 0.0203792070583414 -0.0928410460746335 1.70477072980167e-05 7.34749215765515e-15 0.802943478828048 0.0922813050448131
CD163 -0.0410642556283088 1.31971984092379 -0.118336277615915 0.132615397225173 0.0464202713520685 7.93365569800601e-311 0.0844148293276524 0.00236318162345308
CEACAM1 -0.0445621979453031 0.943046627088901 0.0627238265737815 0.0771300334025835 0.23777290614431 6.51687692389528e-131 0.288526158943686 0.0809162442737338
ACTG2 0.00401462651319827 0.759130012688652 0.171226015418436 -0.0112821691522652 0.624326482063452 1.21564774412564e-35 0.022022515591625 0.848389178224016
MAPK13 -0.0376442339489051 0.89153981618329 0.160938692861621 0.013096613147177 0.367837087778733 4.96143447118285e-107 0.0072608423445501 0.7828267232594
CD19 0.00661650707041845 0.0144423300024993 0.0612615656592293 0.118296113250986 0.00148974154943638 0.8771901554468 0.390000779256789 0.0453760533899981
CD2 0.00763005902165322 0.316949765798121 -0.0597652124845952 0.199867142787903 0.0162639243159702 0.000200505399714936 0.543902288602137 0.000648944040444789
PDPN 0.027129369158508 0.359552656051534 0.141889019676797 0.00502177868692336 0.000578801694369754 6.26934059504187e-08 0.066347072440074 0.927000221503036
FCGR3A -0.0149316525292183 0.920597974864316 0.0906066941487764 0.0440971453993504 0.505824555482061 6.21148124705496e-89 0.187136174766141 0.376679103148611
IL32 0.0356247722512325 0.552013225754988 -0.0604051715782546 0.11041520482263 0.00230194678086464 1.21080407825655e-17 0.411464524225387 0.0315293425570162
MAPK3 0.0303865656780553 0.455512628525354 0.0513346020782229 -0.00641269064376703 0.000208228605807723 2.54103540810448e-13 0.491404641709785 0.900923062367713
CENPF -0.15367936636838 1.34013303771634 -0.167642127474737 0.206445082560766 2.85358955835637e-05 0 0.00304405282114969 1.46813148417601e-08
SOX4 -0.337971554202196 0.973023531181056 0.107532284131566 0.208078696536259 6.97268096156207e-05 1.86545624978296e-125 0.0636315901808878 6.0492708244937e-07
ACTR3B 0.0938828982157141 0.464431532994576 -0.171487899833417 0.106619044249908 4.4303240785597e-07 1.92351784232582e-14 0.0166771439101186 0.0422999342840996
FCN1 0.011994975125798 0.119401063539481 0.217326474731994 0.0816656732648996 0.00365129629141312 0.135165010701819 0.00967811155343659 0.144068817129469
IL3RA 0.0232287404965775 0.236796760073793 -0.0636740596901462 0.0687625046512776 1.00893073891056e-05 0.000673550149344746 0.43432509960456 0.247373217728912
ADGRL4 -0.00513421710852372 1.11132548563909 0.258472564453177 -0.147488207644836 0.128737032352664 3.12880990363861e-136 2.44848334686919e-07 0.000901075520901216
CEP55 -0.0227302118899868 1.1722650281671 0.171564487961897 0.0165296833432993 0.00341032002415778 1.56625493139858e-268 0.001935954090146 0.716915199611077
FCRL5 0.0069536435610223 0.416437817410599 -0.0182192568125069 0.0303681556139967 0.00901350912326663 1.29302401018199e-08 0.773887134799501 0.580376660455973
PDZK1IP1 0.0423306332971203 0.560876129163663 -0.015527704883327 0.046269477962756 0.00142680242372539 3.11282596397573e-22 0.835860326844702 0.389087844410091
IL7R 0.00917394577664193 0.455043099869863 -0.000858112523573114 -0.0300695659317259 0.00445999475410853 2.95324534294596e-08 0.990623162350264 0.594311012801729
MDM2 0.0250896517259945 0.601404759360323 0.019307810842626 0.139752571336841 0.0482683186573572 1.52471173829167e-22 0.743237865625695 0.010216448653761
CD24 -0.572541744649775 0.99446704421319 -0.0339079557727182 0.290896038732711 1.08062725917648e-10 1.35139086279733e-298 0.397064166438266 3.60183796171928e-19
CD274 0.00499943168270748 -0.027165803158538 -0.0421385766623204 0.0369175245945826 0.000992404387083516 0.785660835443607 0.559451050773375 0.539824181321118
SPDEF -0.121926376077764 1.04979128808468 -0.00123217258981206 0.0485387490138071 0.0546032772591822 5.41466488230485e-262 0.978139946815434 0.206007245355081
CLDN4 0.0173537027163929 0.580992603462856 0.144631472596921 0.0953884062038887 0.189681933066758 1.4477491601283e-26 0.0541520412202099 0.0635443815078707
AGR2 0.00480047931290513 0.70727568909291 0.0109819013226861 0.206730362211349 0.775753270541672 6.4715104536429e-51 0.867217579721085 7.36195204648075e-06
PECAM1 -0.0210555715463339 0.971638763506792 0.0517164361129014 0.228489429486844 0.00576636133762732 3.66008312538678e-107 0.343951391159733 7.83802034109206e-06
ISG15 0.0169988274451064 0.385454187057779 0.160786085911947 0.142935850922385 0.0453346980827954 1.09528253666072e-09 0.0113926203432243 0.00352702947763666
CD34 -0.040955441222254 1.46147838610518 -0.127730288402792 0.0909504226321234 0.00165651025849185 0 0.000640138786582654 0.0112468212435111
MELK -0.0570453977408609 1.22925085634973 0.103758719837359 -0.0143875659426917 0.000268825731954834 0 0.0457260698818774 0.689184078926723
SPP1 -0.033391880195761 1.01924785861234 -0.14702788940654 0.41123393705069 0.0239985719221526 5.1293926142656e-96 0.0270609611381396 1.63439823671784e-15
FGFR1 -0.0509455407163005 0.964282601510573 -0.0069150711063281 0.118920806411004 0.30904923741199 1.36214416242687e-146 0.905323819361859 0.00555990805002812
CD36 0.00927351458173033 0.34077677145002 -0.0144321676680323 0.0024284474862682 0.00470389095557544 0.000231679407011607 0.898395597685239 0.968490210666659
MIA 0.0167449504693041 -0.0390754032014639 -0.053123271107212 0.0184926528468264 3.53819935844519e-07 0.65821317163492 0.58227847536964 0.761283397453136
CLU 0.0271374174576717 0.556216560077805 -0.00475942659040855 0.0754190727495154 0.0192216720584634 3.40454982700909e-13 0.957385330954226 0.209217449970716
PGR 0.0113651001719 0.520380585141355 0.102898302139114 0.177234800413448 0.194156651924101 3.28079341282398e-16 0.13951459001336 0.000579619388424208
ISG20 0.0264105214745722 0.229989701062178 -0.01729499566797 6.38143274655148e-05 1.46436177404403e-06 0.00142492675631058 0.840097940056722 0.999071813745364
STAT5A 0.00409817399387919 0.625816001923574 0.188990100469574 0.0301542074200237 0.379412969887246 4.77095615879025e-25 0.0125168812287333 0.581939045666571
AHR -0.00141552492635047 0.627051483825946 0.223936721052651 0.128624271977958 0.922952693465859 2.31900241834942e-29 0.00128762210447566 0.0094605958107977
FGFR2 -0.0423036271227968 0.593535725425082 0.63046395215631 0.400511233895902 5.40255917070204e-06 2.49687852709207e-15 1.75841736361199e-14 1.12147046476043e-11
CD38 0.0206462035631373 0.192486998754479 -0.0311345140936197 -0.0938312354159735 1.87197244109133e-07 0.0178428925356389 0.687142273448181 0.0992652565103364
COBL 0.027766694461595 0.412396762867087 -0.145371483181225 0.0147330488143828 2.47869716474713e-06 5.42132211094543e-10 0.0781806090135177 0.783281899938544
CD3D -0.000375963669308299 0.760658431213944 0.0645928965601949 0.251972267106842 0.895391183193882 5.62760704923825e-30 0.385459110430617 9.51754379502235e-06
MKI67 -0.0104738762628445 1.22263690692011 -0.0316672740149825 -0.0500870774245015 0.491961439727899 0 0.558015950921398 0.265199248816351
AIF1 0.0150789446145513 0.377942228289129 0.0647641411036766 -0.105017864385454 0.000306949095572947 4.67628232983587e-07 0.474101783388425 0.0618798974302765
FGFR4 0.0227838238618044 0.438745681964514 -0.00724994839087677 -0.119314704326853 2.5340979842704e-05 1.50434173715913e-09 0.922585204149248 0.0301833128980514
PHGDH 0.00671473724037665 0.862304388484615 -0.0776715116749985 0.196323709277458 0.841979270666642 8.24607617346979e-70 0.302979254408029 6.62386110629678e-05
CD3E 0.00241246547306258 0.991943975608005 -0.108795262120696 0.0530628404551307 0.539624780312328 3.92506257745756e-29 0.0986177045828079 0.340412569350332
ITGA6 -0.101494533203593 1.03464313517692 -0.00890768769429361 0.245646336955411 0.000663638279752305 1.37864382722536e-131 0.881541846029868 4.5335348687586e-09
STMN1 -0.0860962851209565 1.05571483371047 -0.0320371316410464 0.165703951003197 0.00809696394887279 1.18527954085723e-219 0.566012871210978 6.01333219631452e-05
PI3 0.0194338478965189 0.216514340433384 -0.0780796120118459 -0.0389238706732365 7.84715947739966e-07 0.00199049620711725 0.340944856288311 0.528104937937695
AKT1 0.00141623137315822 0.65258690110563 0.155917880418028 0.166695994950451 0.922874578027416 1.21292605349085e-31 0.0325144379648477 0.00110833459052318
MLPH -0.072582473354805 0.950794745314962 0.0796140961623231 0.0901101779655921 0.0362130534876467 8.3837754873084e-155 0.149783147253617 0.0359229899620414
COL1A1 -0.145145726159134 1.25576139056408 -0.087885864396548 -0.0168950643767958 0.0624255706910465 0 0.0320069233270951 0.631911013594325
ITGAX -0.0214165637744953 1.19665372756387 -0.0445259727797959 0.0270067472893536 0.201977092685471 0 0.467709478406 0.549353431940252
FN1 0.213137828089728 1.24692908188583 -0.18295550035809 -0.112056250934919 0.05305498643905 0 7.31619659859789e-06 0.00208048413934989
CD3G 0.0334525091876966 0.616457376058063 0.0115625019265126 0.0960178163221315 0.0221887375608199 4.13234350084328e-30 0.874776083350759 0.0455781005962808
SULF1 -0.024971899645426 0.959712593715671 -0.0841497500751238 0.219992807348824 0.305064381878499 5.67470016397032e-104 0.222807996362931 1.23487639526524e-06
ALDH1A3 0.0176003792781364 0.311569763707198 0.0696901876735789 0.117657637796561 0.00185742547769052 9.34821923601001e-06 0.368677394657059 0.0264690958460609
MMP11 -0.0192989519497348 1.20118130013394 -0.209677801084447 0.135843491824422 0.497873449856797 1.97910679267294e-177 0.00447489418283248 0.00472807498169734
PIK3CA -0.007693304132237 0.672300798536183 0.178414920958364 0.160746415026262 0.755768160636088 5.82424345840662e-35 0.0133700710804993 0.00074277431865555
COL1A2 0.00730861123460586 1.21597173713942 -0.158717050490397 -0.0369200257537696 0.858932045241722 0 1.65018780183227e-05 0.231002142319188
CD4 -0.00832586678771181 1.05275673863614 0.0925621972623165 0.0199941293904586 0.185575580102181 1.57828900026181e-107 0.190856012643769 0.702601329934825
MMP12 0.00374298982048595 0.304356133594925 -0.106254951813117 0.0340817426158027 0.0140364127035547 0.00291554324250588 0.196938176157994 0.626354537472921
FOS -0.131747080813349 1.50985807021927 -0.0250239446979059 0.223244158228165 2.39688853679675e-08 4.25231462680496e-166 0.72021173274443 5.82118938479412e-07
TAGLN 0.00257201321617065 0.857562504461363 -0.0471271961016338 0.104378315165034 0.716945525724931 1.12404818404513e-59 0.434329298082688 0.0303745569251743
PLEK -0.00519420929529081 0.987241779881059 0.101915014866251 0.0630762489612951 0.396289326575862 1.23536061358995e-124 0.171548060634228 0.244752874062393
JUN -0.262360984235272 1.28875965013587 -0.0580461951289116 0.111458529926734 0.000228493456635542 4.76195691036601e-204 0.400414777551462 0.0159272307893213
ANLN -0.0431425340385395 1.23118217698429 -0.0179231421544863 0.078958412422768 0.022005658805125 0 0.756587090330533 0.0807187398826792
MMP9 0.0176030303503237 0.132858149362857 -0.0966617929265142 0.0574895125021318 2.70671611978702e-06 0.0947104866470984 0.226534363444572 0.30863402832544
CD40 -0.00188989507749501 1.03873486551675 0.000365088333552511 -0.0233233633246106 0.731754094044484 4.73476961849188e-140 0.994861164349417 0.639645564803171
COL3A1 -0.0747978490711615 1.15156023225916 -0.114372366136269 0.124241704843606 0.00960849156858177 0 0.00518306389826292 0.000265097828568355
TBX21 0.0147070068295915 0.342899121778049 -0.00357647357788236 -0.00743683579661283 0.000170541392810447 6.55427836023431e-06 0.963881287156427 0.901567496019503
CD40LG 0.0269611876613153 0.416655865754503 -0.100296173203669 -0.026936200758835 1.97672486832348e-06 3.96336027399723e-09 0.192700298812734 0.640651014700214
AP1M2 0.0344817394533355 0.437604888056026 0.067805318183152 0.02677982994551 0.000489351179474716 2.16179413503672e-14 0.349519286115669 0.605255838938681
MS4A1 0.0323499404676109 0.296090673292312 -0.091857194023748 -0.0474501160629707 9.08145208402383e-08 2.45523258515513e-05 0.263288489333721 0.388156584329386
FOXA1 -0.726489528025548 1.01026330261762 -0.0407561952006028 0.268066296653626 1.82374267671049e-11 0 0.263373310344243 3.90247153370596e-19
PLVAP -0.0299294347733076 1.06535532975131 -0.0565268882874325 0.176475488673693 0.0401554844671908 1.46871911371919e-115 0.35227903981613 5.69425885136666e-05
COL4A1 -0.0893141052501781 1.14089241556097 -0.0997606663805261 0.109881427164117 0.0111125719715276 0 0.00346482803445685 0.000738740362971473
APOC1 0.00764815990772338 0.512460174954929 -0.0999921418487426 0.13729635375473 0.0234420824095731 3.41082198084934e-14 0.216430707468763 0.0122977141375508
MSR1 -0.00978436526076967 1.19435173352683 -0.112496578387505 0.104064227800796 0.140617743244583 0 0.0485946664350178 0.0222179230937027
TCF4 0.000292415778045533 0.571511967999033 0.311500771110697 0.075361475214268 0.979088420853429 3.18017708604828e-26 8.82193251849118e-07 0.13021727972531
JUNB -0.295998290139119 1.1956056323181 -0.0339308555907595 0.140719289485224 0.0011735105030176 2.93705091231404e-156 0.616146661147483 0.0022249397601397
FOXC1 0.00725824730568363 0.565412962785795 0.140821182432507 0.0393230057514618 0.11416084187614 1.52627124433988e-17 0.0359316667700405 0.426171880896859
POU2AF1 0.0201031304398412 0.2942992116549 -0.0636497475329436 -0.104959399923041 4.10730883987054e-07 0.000140132513763724 0.339136971893063 0.0459305257672635
TCL1A 0.00429520753832313 0.0317809326264857 -0.079740217728298 0.00879225174767088 0.00212092427693343 0.771451524041065 0.35342899732966 0.889853944165984
CD44 0.00922896467917162 0.723623242183663 0.180377783024746 0.0368714326554159 0.584491931597632 5.22661653135543e-38 0.00398745224271119 0.467627089156676
APOE 0.00106804013688166 1.03225044386512 -0.0220167820511953 -0.0337692584077865 0.849705755747125 1.20214449253912e-143 0.742502447302555 0.517050734639108
TFEC -0.00668731165745769 1.19977952545973 0.00448714108585657 0.203270638321669 0.0186569013471879 3.16613698827289e-259 0.945310814115703 7.90024444603045e-05
MT2A 0.0185977937931994 0.39941625112472 -0.077624435278948 0.0565378512178751 0.000507559568828779 1.95966016225317e-07 0.292395283397027 0.297110119888873
COL4A2 -0.0725255197031669 1.16454261700402 -0.0901422826134671 0.0772567560902219 0.00143035496941851 0 0.00616718633127291 0.0132587791313279
CD5 0.0182161286408299 0.267242834560199 -0.127407350283131 -0.0193561206022896 4.34192997267484e-06 0.000222231750964801 0.137735049860634 0.734663002152102
KIF23 -0.0715543370329748 1.3089384750295 0.0195273139477888 -0.0491944246385521 0.000225500151506004 0 0.63002456620149 0.15150961525309
TFF1 0.00925391581045354 0.0636677926213175 0.168489240703309 0.147189764051792 0.00413188413262701 0.406771158695201 0.0322510618876616 0.00718592475746996
FOXP3 0.0357332673556358 0.463023231636853 -0.0382190210299444 -0.000613293875407654 8.9209886251676e-05 1.051171140784e-12 0.637080967891709 0.990913254688531
PRLR 0.0200678656567077 0.600425408683087 0.0312057883023346 0.155494859245604 0.107086336670843 1.47859331069877e-26 0.672898752045671 0.00173689494485512
TFF2 0.00706278228937436 0.101424804993714 -0.0409055501343615 -0.0127568179270149 0.000263170141494234 0.229185122577662 0.606924806430899 0.839986711922719
KIT 0.00929341649377239 0.162190217275106 -0.0139805094305145 0.00744789521862267 0.00466309102779694 0.0905952370947761 0.872649433606218 0.90516329355633
AR -0.0104703316964467 0.925237020922841 -0.0859998706634008 0.169377532438971 0.768540865739 7.08426540959428e-122 0.111009946169416 8.54007593602871e-05
COL4A5 0.0296819425891549 0.722053925557745 0.121752333324716 -0.0332868201077621 0.102259970086415 6.9976841293466e-43 0.113501451765923 0.519623943019502
MUC1 -0.977746664072783 1.03461939699436 -0.0494433478065701 0.287703620661476 1.03102685300258e-10 1.87143570857215e-274 0.253659783911319 4.75451700108869e-17
FXYD3 -0.0748639715187531 0.886520406704301 0.0893017231800338 0.141269938220347 0.0461019311380346 3.09934205523069e-123 0.0985946617978102 0.000917972010358255
PTEN -0.00188429108324038 0.789167531361374 0.0413588334024476 0.162057770256422 0.929356741995134 2.92023496038312e-49 0.550647469094215 0.000425963576922516
CR2 0.00917431796408933 0.10221165513548 -0.0697136780723064 -0.0559424276111385 4.30307084856169e-05 0.305356059748362 0.406321893602511 0.388267535428274
CD63 0.0275846002180754 0.773496293489767 0.0572555042920686 0.0892258837963237 0.477664877771787 1.24883091695845e-50 0.44176277788984 0.0602428905062501
TFF3 0.0481633600377869 0.669735719688893 0.0388688892166579 -0.0572638944716488 0.00143810816323403 2.28580020537091e-33 0.599894919095284 0.291198629503116
KRAS -0.0308635630500444 0.836866255888367 0.0942709436015858 0.145006567862647 0.362648121046274 9.35418922270288e-82 0.17614626495508 0.00212462395605129
AURKA -0.0425620169965888 1.101945055922 0.104704287295607 0.0519083570823642 0.00352253500003564 2.8500571928216e-311 0.139275267204811 0.246932820699035
CD68 0.0133211397841307 0.439804720991845 -0.0628758849006952 0.0146594006459802 0.00084313392144484 6.67348058708919e-11 0.461987573260013 0.775471984536016
MYB 0.0165338836475242 0.74991293675796 -0.0405244245353674 0.161747242230395 0.350342685667857 1.86557786986625e-50 0.544617866146136 0.000930313947215956
KRT10 0.00862612961422273 0.245809635123053 0.00484412906632566 -0.0612529993081198 0.000451400172988504 0.00422038873717826 0.950494350578395 0.327888935796926
PTPRB -0.0135710369279813 1.13543464687361 -0.0384142280697649 0.188257905085799 0.0258728488746064 3.37986531356184e-105 0.51079387168895 0.000152921018255989
KRT14 0.00842041734691563 -0.0408821707938634 -0.152870109745144 0.12285670557767 4.14903984734678e-05 0.64849127799523 0.0745146380230593 0.0611572182424222
CRABP2 -0.0133366067390327 0.874657547341828 0.101548735161259 0.0445935048835165 0.691164283373586 1.06512291867269e-96 0.0943945382762903 0.352440063540984
PTPRC -0.00156791054496124 0.8070144095371 0.184769547954724 0.0866146947944272 0.680031169068122 7.91396469334969e-47 0.00523699576095234 0.155424445552367
TFRC -0.0391898278800471 0.905464013266529 0.192300883642795 -0.0127776522308026 0.208865659069109 2.32913608822492e-100 0.00121137049721128 0.784115343949287
GATA3 -1.47636713469721 1.09764256865171 -0.0351089894684679 0.0616870345498332 5.32938989591753e-05 0 0.243422030793522 0.0222248357890768
AZGP1 -0.0790888194913802 0.869668480555927 0.00322392319921444 0.349876036471275 0.000386413597200385 9.29827434847316e-107 0.954168571389058 5.40175438979891e-17
CD69 0.0370185594317503 0.362298325731649 -0.0506479397767014 0.145851092186326 0.00017630705618639 8.42638151110314e-09 0.538013880845025 0.00746728650611687
MYBL2 -0.0433433399495587 1.23665502919511 -0.0887480725640232 0.0259636795080248 0.0796236877915348 0 0.108302532110871 0.485528126857025
THEMIS 0.0119927749061716 0.208193209606523 0.0373288424650902 -0.0310228725819982 9.00990991859615e-05 0.00793583116880027 0.65159648462974 0.60115881560824
KRT15 0.0395637989170261 0.305829025554516 -0.0724150367025116 -0.0796779198339991 7.08598582538271e-09 5.64518412545305e-06 0.332501956014963 0.155214390156373
PTTG1 -0.0219293459646818 1.26816882009947 0.0862496756128546 -0.0648988217305664 0.0156443282967584 0 0.193825870107934 0.144516923608119
GNG11 0.0200078692680972 0.131535846224668 0.195908768741382 0.0226565028734813 0.000108946591711141 0.0696802901728276 0.00869510868518609 0.668329126039342
CD7 0.0222965605109696 0.122870880018962 0.0975693117614832 -0.0125311805629336 3.86520570645388e-06 0.0916547792365228 0.16431940527434 0.81202998745835
CSRP2 0.00225135365172703 0.632155201898522 0.350056083617095 -0.0463814605200055 0.825196198655224 2.99518395740745e-31 9.08725553501878e-11 0.328504777835624
KRT17 0.00510853084116764 0.289932582117516 -0.0748149749614142 0.306731880182301 0.0328260777588819 0.000743119313296066 0.282219503428799 4.35552020843511e-08
THY1 -0.00406000366894803 0.823140127115794 0.0215069980237844 0.193680935163896 0.589253451159247 2.53839619397163e-65 0.713227166047026 8.20245104345026e-05
RAMP2 0.00282190708350878 0.707900683075267 0.096870664372329 0.0616393646554421 0.561417828941501 3.42570135119936e-29 0.143820757402193 0.229632920960383
GNLY 0.0237789737954741 0.308255786351227 0.0445503890076531 -0.0335294791954896 0.00121571372197493 6.38119195674541e-05 0.585765992598454 0.647357638502231
B2M -0.140264540201284 0.926955075517166 0.0314443172435038 0.32200827359612 1.64630116419688e-07 1.08153081339622e-106 0.479720775377128 4.34534043495703e-15
MYC -0.015153838626273 0.874784484188334 -0.0211477295693368 0.158829122049877 0.6485357721951 3.77291260406286e-95 0.729977317002787 0.000337393013168413
CST3 0.0273549644151385 0.4106248134708 0.126590572844343 0.0476383837163057 0.00431667538981261 2.21089396404517e-10 0.0717026673210856 0.364167881275
CD74 -0.224279157540926 1.34176128305647 -0.0474106842433376 0.140130462498365 7.28167895536182e-09 0 0.110995719939625 1.29059308170895e-06
GPNMB 0.000101954114305072 0.493702223484838 0.322298930189606 0.13426864507594 0.988969931131954 6.26473285469026e-18 1.95626521874925e-05 0.0241896523912233
KRT18 -0.177624651900649 1.05484487415615 0.00388906583396898 0.0959343492113623 0.00694286474586452 1.20011859512453e-220 0.937909940444229 0.017123537446725
TIMP1 -0.0183154156528853 0.900425943178545 0.0792961112901404 0.0647479780984932 0.620180495044526 1.89691571302296e-40 0.402555281095843 0.311329889013575
BAG1 0.0544378297050178 0.625781591045213 -0.0196679586770721 0.0657864971596504 0.00345717753743878 1.13773442690502e-27 0.784607350319713 0.2108692674275
CSTB 0.0187092315892098 0.249426185563743 -0.00473337915854707 0.106970102512561 7.32689033900679e-05 0.00054946784320045 0.950256625200054 0.0264914827538464
RB1 -0.0641023047551723 0.863356020303372 0.165973719000554 0.138756375529116 0.0506999371636137 3.70851550921806e-78 0.00946204890326236 0.00195966741937617
CD79A 0.0221201208974015 0.356233487775675 0.116834112878459 -0.106603202026826 0.000102562558462433 1.03945923435576e-06 0.13612990818683 0.0432063904337565
CD79B 0.00753854960539523 0.204621775910435 -0.0564490872698529 0.00611565905922145 0.00136267231196306 0.0288267474034829 0.579264993537442 0.921755722240514
MYL6 -0.704189506380432 1.052040184557 0.0350750251566906 0.30316178721613 1.07134564224034e-07 6.4102979332968e-170 0.58724687126692 1.04429064441528e-13
GPR160 -0.0151423348263311 0.627453776641924 0.175458722253073 0.254348666171445 0.232002479709581 7.37074800309918e-31 0.0119447194061076 1.10512646456302e-07
BANK1 0.000666998932945609 0.8758872666744 0.0528640664793225 0.0190314793055556 0.88665225277895 1.40708092326062e-43 0.554075175884927 0.733452884045964
TMEM45B 0.0377110239504105 0.381267800486151 -0.0193475856122216 0.00678697295915872 1.39903802870448e-05 4.15007571478754e-09 0.803477597486343 0.896728932409982
KRT19 -0.605654621665256 0.973387919235814 -0.0512349714360838 0.332324034441606 5.21652985383558e-07 8.08435678973509e-194 0.341307559689628 2.29158337436467e-18
CD8A 0.0245378263995777 0.200631477887476 -0.117266316221685 0.0963613367247375 1.13151143399702e-06 0.00307893430756143 0.133756693985761 0.0899781430012037
RPL13 -0.0566474154665005 0.817726254998411 0.162172922447788 0.145211000124906 0.0683869421910298 2.35446845953994e-68 0.0102687810596412 0.00103750776159369
GRB7 0.028997915543669 0.498784658537193 -0.0155920552833476 0.0854144738628524 0.00224315065588179 1.89976748012606e-16 0.846379409822209 0.093173263149828
CTCF -0.0199276431481724 0.966102120783854 0.0648475775792858 0.0216663512466852 0.626218726829433 1.62425289542602e-115 0.310689397566213 0.634408257986412
KRT5 0.0133971673365852 0.212229183847004 0.178623726410331 0.00382457730948162 0.00108048142409468 0.00413365268910377 0.0160291201079541 0.943210312798139
MYL9 -0.077980498699083 1.10271771501598 0.0338215333556639 0.0872394640825483 1.36620435818667e-05 2.68451253999829e-254 0.44444600665593 0.0200349113691788
CTLA4 0.0070814580649073 0.150218286935394 -0.00899066349672688 0.0228463092593758 0.000648526837207889 0.098867565811884 0.909680942798943 0.706722967727088
BCL2 -0.161182765830118 0.948353351985843 -0.0124496668682121 0.190602792434169 0.011457771305336 1.1477583517763e-184 0.810087055324318 2.70541190471563e-06
TMSB10 -0.18378006033422 0.976586723116254 -0.00182995198454002 0.222977848606932 0.00962571193574492 2.53063920112581e-136 0.977105112292285 5.49274979177366e-07
CD9 0.0261014230991558 0.674321020542753 0.0947930172414419 0.0129885073679989 0.088338011653314 6.11915653945873e-38 0.171934458777026 0.80200319836983
RPL18 0.0380716409363881 0.459502259682223 0.000775153435339091 0.127148684104437 0.00132925827279359 3.91629012841423e-13 0.992480265288611 0.0130668537662597
CD96 0.00963538537740935 0.0898072797714498 -0.00802325022310457 -0.0721458774630332 0.000201211877453318 0.398455761416193 0.888144928904995 0.332777407318036
GSN 0.100417455872298 0.662061686455862 -0.0779853686550594 -0.0966576240067247 6.00215371569869e-06 1.1176430110976e-30 0.299749593175382 0.0666106003281492
MYLK -0.0194695877217519 1.06132768642589 -0.0305082507158144 0.0696105327847675 0.133489094411315 6.97295418700279e-237 0.505676698658678 0.0793373512427072
KRT7 0.00625846009566132 0.716845004708839 0.0172612972562327 0.194243544249957 0.727006940026398 4.25059079655407e-37 0.818082970584184 0.000188623906204926
CTSL 0.0681243527444807 0.452623184085694 0.0979537690684597 -0.0199355983407623 4.76080142302793e-05 3.04580802352357e-15 0.158291231524794 0.708485935099503
BGN -0.0668617269780043 1.09897335867967 -0.0657616134634293 0.104681759798177 0.0128651070090246 0 0.0702796062674076 0.00115938828317993
GZMB 0.014911745313863 0.244395697955601 -0.131343707605731 0.203311828211456 0.00022918101985325 0.00209944188026142 0.102461425655323 0.000198854648322234
CDC20 -0.0360560529721777 1.28335880010372 0.0138302614665926 -0.00437078073446705 0.00202402095229163 0 0.775516469315433 0.912951252205352
TP53 0.0684376151816951 0.898761675144263 -0.0103583858203393 0.00531881131993954 0.171518783233685 1.38328120718605e-97 0.880202244208932 0.912591915128454
RPSA -0.102979610865555 0.936633647432484 0.100983496638229 0.111025219271354 0.0273643099891648 1.11851183939312e-147 0.081511553486951 0.00870732963362757
CXCR5 0.0188241391541692 0.243065255501984 0.0673466877080369 -0.0353207004818172 4.39816289273396e-05 0.00137464796074355 0.343640065196913 0.509862400862812
BICC1 0.0131372259779069 0.657504359242826 0.0217076143155386 -0.0185698194429943 0.0294024045334392 6.12565340150817e-22 0.774257688120293 0.742759706796821
MYO10 0.0433947758075016 0.818076749528301 -0.0436431321376525 0.0484301306564217 0.076905088186533 6.55841625215985e-54 0.537159170377712 0.355039272464389
KRT8 -0.155772618463336 1.03402686094297 -0.0813573825844688 0.159102770843409 0.0553082114650132 7.85211658650252e-231 0.102151780358413 4.63562333301295e-05
RRM2 -0.00863400117756233 1.11314835612524 -0.0678627452787808 0.0878513821093407 0.321872764764135 5.66572289581554e-207 0.286892306855315 0.0470221001103085
CDC6 0.0173309609237658 0.789355840848707 -0.203813206874332 0.136695489904136 0.0357980160160203 3.95686310626899e-49 0.00249130452578573 0.00782147991615355
HIF1A -0.0555014300106854 0.789083228723611 0.0781757155082838 0.239895741009675 0.0837498943917708 2.39101467029086e-61 0.173071376189074 9.39081138649608e-08
BIRC5 0.01121464876373 0.683599381720167 -0.0351118691072269 -0.00633398563753546 0.0371132210271845 1.2268834638096e-32 0.698769568178304 0.912413050682156
CXXC5 0.0312092558458039 0.727927131261725 0.100398956361859 -0.00281370678135073 0.0796468057923523 4.58436613627036e-45 0.13504660873423 0.955534552109937
TPM2 -0.482633169438362 0.971248878858957 0.0770869600846606 0.295814872947198 9.90681928207265e-09 4.93160665625872e-144 0.181408216565114 2.61904211733133e-14
MYO5B 0.00315893522219635 0.759841261676416 0.185009377687809 0.00983440239440375 0.852946438526114 2.72062447971279e-54 0.00399100215501117 0.846984307039508
LAG3 0.0406879693193307 0.505668002276799 -0.0493889419308666 -0.0945694465170806 1.97775423174373e-06 4.09507689534029e-17 0.501926917353171 0.0861059658818223
HLA.A 0.0139832684937275 0.503623320151177 0.0287580427178323 0.0448095426414626 0.00314125851034692 1.43815664776137e-18 0.669753578130381 0.412557844743226
S100A14 0.0194209919503012 0.222518870465983 -0.00520993060499334 0.116680340274807 9.53851892807868e-05 0.00225383905526249 0.947982259219813 0.0304476378466481
DCN 0.0112873490393449 0.728195389929684 -0.015806859447889 0.00220683357760601 0.02978218302855 4.09936791883375e-38 0.817736776780467 0.96617946949756
TRAC 0.0169761512680902 0.0547008249557631 0.106057495565573 -0.0312965509417646 1.22749985276443e-05 0.530963082855159 0.225033831101608 0.585643412102556
LAMA1 0.0046606974339191 0.751506944423197 -0.0773329747265013 0.152657864512754 0.260911756851893 3.43542552903857e-36 0.315359533720602 0.00505218167667978
BLVRA 0.0388356657828793 0.442856316387245 0.14915604630926 0.0997997121735057 0.0126888316531371 2.28986801845297e-14 0.0367690754182819 0.0486743313563977
MZB1 0.0189927399155846 0.215167677919925 0.0423174958001809 0.109864002992689 0.000197353598348557 0.003600180400916 0.566426817749767 0.0465139166149352
CDH1 -0.263712224093506 1.06149107406727 -0.0905039413418409 0.166319919800356 0.00158967439746233 0 0.023181077457766 4.69730152735116e-07
S100A4 0.0233296097568996 0.38658971974607 0.116164332291251 0.0678982208634642 0.00293748758602157 7.72202676832584e-09 0.0928053126811467 0.212393866711374
TRDC -0.00220103201094736 0.429271274129657 0.368493357090549 0.231431917920406 0.505907224694938 6.03269015748614e-11 1.36571309696249e-07 4.58125735875601e-06
S100A8 0.00379246338525688 -0.0242473904766058 -0.068927749341807 -0.0372299899836615 0.00190395285973228 0.795503299584913 0.466710403745353 0.611301052459152
HLA.B -0.115459283653111 0.975043499918297 -0.0626343541917796 0.347016867350842 0.000153160975223213 3.30253210214944e-94 0.243560776220162 6.04140514130435e-15
DERL3 0.0268836368233807 0.526206448701928 0.0384511004806541 0.0979990217760312 0.0204026597500388 1.65072082281526e-15 0.627295331902332 0.0704905781924222
S100A9 0.0101843951003873 -0.0879750056257367 0.0357402979334754 -0.0100307514909828 5.4883907863354e-06 0.34530159742347 0.626780176837856 0.872479727706211
BRAF 0.0403185229152751 0.58427077188553 -0.00304454690743787 0.0148823881409743 0.000554771166908744 5.19715041959587e-21 0.965391759314373 0.770552464723937
NAT1 0.0294031726400232 0.329183805507015 0.1847944055217 -0.039713915570386 0.00035704598682045 2.32350018815676e-06 0.00964632298523268 0.451407656741775
EFNA5 0.0125467258987775 0.00765116275336897 -0.0383113073293055 0.123284295967991 6.03069782618381e-05 0.928155220605759 0.672213920325297 0.0338536746042054
CDH11 0.00981964697371755 0.792936965679705 0.011213520690509 0.12989666668815 0.631151271580505 3.50948278284455e-51 0.880106634121124 0.0076840918187356
LAMC1 -0.0613110282118647 0.839763577468729 0.131950121357471 0.124764286981212 0.135894167260838 6.06373185883255e-74 0.0369029323338454 0.00826544738605215
TSPAN1 -0.00283481232320785 0.818054300307505 -0.032498987106686 0.198387625541871 0.903727734778893 4.05751182794816e-58 0.628218491396084 3.11695069396415e-05
C1QA -0.00416279706403097 1.06770989195867 0.00356550974394554 0.0116581339689523 0.469677822177275 6.29269723084954e-180 0.955077552979302 0.8294732147064
HLA.C 0.0268162412728832 0.600654416187687 -0.024215142093874 0.144262372726245 0.0447708439410195 1.04830202463195e-24 0.754492330652842 0.00482610934445754
NCAM1 0.0301144453327199 0.379438376779777 0.187318999047326 0.0994049504658074 0.0319165866479194 2.43071247162739e-09 0.0200080544045679 0.0664511479228174
EGFR 0.00732887999021624 0.565685869353258 0.0665547368735618 0.175504527483736 0.235494765001131 8.4541275567823e-19 0.31630404273347 0.000647131261980733
C1QB 0.00222779097166783 1.11420005857375 -0.119126490045191 0.00666756777627331 0.688082019104948 2.10504348118555e-272 0.0510468524518404 0.898105215386509
SDC1 -0.118008174433631 0.930203820544945 0.0831060957122554 0.125467980151106 0.0142133793888969 1.14024883199584e-148 0.103314928872208 0.002954304031854
LDB2 -0.0419741354636544 1.07707974437001 -0.0668189548610619 0.218814063312376 0.00172607873422092 3.31526987066022e-191 0.141629806350917 9.7720720210825e-09
CDH3 0.013562724495787 0.598031055398158 0.224116905076774 0.0651696008999626 0.406573255526446 2.30186350357934e-25 0.00291313339651333 0.20473563142655
HLA.DPA1 -0.0423823301451255 1.26237603333409 0.234694577772052 0.0559832790954969 5.92525572262564e-08 0 1.12913813425848e-06 0.234220595224468
SFRP1 0.0011326706927121 0.768869647774059 0.0459015038628576 0.112763317044873 0.661081461103875 1.79568708477953e-28 0.621482087251296 0.0620221341040703
NDC80 -0.0184586062203254 1.28831131625044 -0.0269457489234292 0.0322105584696376 0.0180810382255637 1.54351778643139e-294 0.588599251325943 0.432465123292924
CALCRL -0.0140806123419073 1.08624013906187 0.235018201300985 0.140160998876084 0.00167403719441755 4.02310995016513e-140 1.81328860733809e-05 0.00204769220599061
TTC6 -0.572438372578519 1.00255575757135 -0.0147310555785635 0.383765007494246 1.66258172376051e-17 4.33497401562986e-252 0.73778720705314 1.80330981358296e-37
EIF3E 0.0460023750046897 0.585587780083306 0.0162824296643249 0.0947564091629016 0.00857854028819981 2.39974094883206e-24 0.818476117895152 0.0671150824170666
TTYH1 0.0151246383292904 0.123540756062777 -0.0777674645313672 0.0635092306062567 9.04714227496368e-06 0.142671356051279 0.313194337013201 0.244628040800668
HLA.DRA -0.0438965427008836 1.48118706299458 -0.0995159759852004 0.0443049359576619 0.000259378363057798 0 0.0503734261828484 0.327084527464885
CDK4 0.034573872716557 0.799041703491285 0.0702833763800593 0.00810697192275117 0.190090334476498 2.82243364012809e-57 0.300715582207484 0.871084619180197
LGALS1 -0.134696924359353 0.934119843669384 0.1162309584276 0.174704017568035 0.0100543200250646 9.75199176950454e-91 0.0778979502577127 0.000287029184148203
CAPN13 -0.00424031540693883 0.874070271549546 0.0327125183756604 0.0914064234398348 0.88149002726895 7.49899649023009e-82 0.616810226078967 0.0597987635448054
SIAH2 0.0422739109927294 0.770856951350156 0.10391291475318 -0.0133231354378713 0.105827008178356 1.04068474766452e-61 0.12175825037499 0.790669698834278
NDRG2 -0.0713381019911245 0.841555905718459 0.191485364935096 0.109471572117041 0.0846747222484546 1.59715702263792e-60 0.00495981782829699 0.0213489748566531
CDK6 0.0238757203010666 0.112380586528881 -0.0824198583621833 0.0333150535810161 5.43162320763763e-08 0.132589854295814 0.277272462754873 0.564335024892876
ELF5 0.0130022824900762 0.588123403500318 0.131329567142303 0.148393447093842 0.37442596217838 8.51366951380897e-27 0.0760284306003562 0.00185545063450474
LGALS2 0.0169417279383941 0.231405848558648 -0.10686116381225 -0.0560725348505124 3.9816109255492e-06 0.00179468381272052 0.262669629494107 0.333300678695233
CCL2 0.00572095073585415 0.335379084816393 0.023227805636191 0.0809613504671395 0.0190579167607701 6.05846615454534e-06 0.75777422458763 0.16470422027545
TYMS -0.0780565966642824 1.23098604756061 -0.0336551220620907 0.0315454056736403 0.00587016369471905 0 0.476208899340406 0.373222853907314
HLA.DRB1 0.0164377833926045 0.635424569210693 0.148516151016235 -0.00594406621077996 0.077447601399427 5.98731169137333e-28 0.033019029744351 0.914696604032157
SKAP1 0.0366415063506212 0.627546615696219 0.0410244235329103 0.0701286255124806 0.017531231594852 6.04741247396599e-28 0.585925366489501 0.176163611940307
HLA.DRB5 0.0130794789341484 0.138903573987245 0.0440154895197064 0.0629393752610095 0.000165246662158619 0.0593155861129593 0.605312185757176 0.306010850421095
CCL3 0.0243770406838741 0.388655737876286 0.054685098471689 0.0339956913517581 0.00187149159244418 3.07038037716459e-09 0.571624133569015 0.572500835537867
UBE2C 0.00317143486128401 0.79412820721799 0.124895538209029 -0.00731852461947661 0.666068797718286 2.46473355032232e-52 0.0876225647988045 0.886714740913078
CDK7 0.0719553893814238 0.397758952729933 -0.077295788849357 0.0824901434105427 8.5168322193099e-07 1.01452030565343e-09 0.289785704455355 0.12440722466293
NF1 -0.088063614844872 0.837762815810516 0.195106925923957 0.140135542946408 0.0294706444828199 3.30249008496843e-76 0.00292181405903827 0.00142248297747688
LGMN -0.0210964615546181 0.914823786896491 0.0767074428268484 0.0570331838987194 0.480432480064238 1.03067253537021e-105 0.206614105317556 0.276865834443334
EPCAM -0.101083424951298 1.04111781221755 -0.0247862223761805 0.0757821013166273 0.0681527586503508 7.01562258444215e-248 0.60116043149628 0.0408190149023573
CCL4 0.0183186551005434 0.336300837237107 -0.165644393359288 0.0536830273886049 3.17084025455114e-05 4.30772153438377e-05 0.0915480628288079 0.3064605906287
SLC2A1 0.0355285841294481 0.51534552243356 0.0028800211651194 0.021518719181472 0.00559477607324715 5.41957652253273e-11 0.973406534314501 0.704993203313065
CDKN2A 0.0234306423733657 0.344306955772299 -0.0691070862115141 -0.013694812991103 6.21808180507938e-06 1.83445122308584e-06 0.39115977677574 0.80558264022737
UBE2T -0.0157155214868971 1.10521426292331 0.0658160339417092 -0.0103485638043037 0.131778877367759 8.36430300688439e-287 0.254421683016526 0.819055683699908
LILRB1 0.00146503184276002 0.822128323197442 0.278482145849493 -0.112756355395126 0.793390748826118 6.39058717271283e-61 9.12328017480648e-05 0.0441347524210422
HLA.E -0.0667305736266712 1.10860728855197 -0.0289669121546057 0.09601298060711 0.0077927580938674 4.9975740638558e-171 0.55962887286887 0.0245962202046617
CCL5 0.0282654146534674 0.258593049153995 0.0611307793292399 -0.0541329343517456 4.58157870904959e-06 0.000327835680484521 0.389714867491043 0.340442217256419
NFKBIA 0.0798465613618214 0.764656916509533 -0.106451154845273 -0.0393329633432691 0.0012284011586486 1.79580465581925e-44 0.167550671659946 0.464471999329138
ERBB2 0.0200501508852929 0.859914135059886 0.0312648562022777 0.045245021364241 0.43408954116923 1.83736134617456e-81 0.63062845120542 0.370464521033505
LRP2 0.029070254608802 0.317316459877981 0.0459597346132888 0.0698792045371774 0.00023806357805994 9.47410187138691e-06 0.570914079010727 0.162350786240944
SLC39A6 -0.399830633328674 1.03267323258238 -0.0387479378463271 0.2070275059399 4.85878653717929e-07 0 0.337825820219286 3.13437391020958e-10
NKG7 0.0232324616915466 0.333955334531239 -0.112872214913434 -0.0478996226208072 4.14672105929763e-07 1.55509055985295e-05 0.0819192792715927 0.37231896617383
CCNB1 -0.0423832113846073 1.25935873524646 -0.0207214577901002 0.00718571869061903 0.0053479656794212 0 0.692186116307651 0.854915038902098
VIM -0.363965191456588 1.04828810841816 -0.0825642175959927 0.279309680696737 3.66218616572371e-12 0 0.00397064352533035 9.74993954979298e-23
LST1 0.0109465980527413 0.281736600009849 0.180165951119313 -0.0754133135799214 0.00164562806701547 0.000398201983217528 0.0273229360428385 0.220558907395771
SLPI 0.011618259572749 0.130382932612376 -0.0823009667710038 0.208190096783684 0.000332388326030756 0.12055262412944 0.325959545274292 0.000190561400524722
HSPB1 -0.697274477874506 1.02096179505788 -0.111374952572644 0.367311389769854 6.31647071879629e-09 1.39708646647359e-248 0.0186910963165217 9.49403719605627e-26
LTF 0.00646089296735538 0.0267557692852037 -0.0395769711552158 0.0818044672660812 0.00112710759908056 0.77406945234135 0.560562887650693 0.137208684315235
ERBB3 -0.257561586902792 1.02333242664213 -0.0145824978373071 0.129764246466901 0.000867747589532701 4.37675226201646e-315 0.720634422037214 0.000180116926482903
VSIR 0.0136980963515796 0.353520426344279 0.158170222677337 0.0346025625254002 0.00448817047593029 2.45032754761947e-07 0.0153722998582435 0.533493111228531
HSPG2 -0.0141535682102247 1.19727701528533 -0.135405801459651 0.0911937818235224 0.0917068929809637 7.42566655340694e-273 0.0036680574864938 0.043888960654684
NOTCH1 -0.0220517707109039 1.0096446002883 0.0752258858300482 -3.1285596414994e-05 0.260060910166545 4.66518736810529e-122 0.187539308693909 0.999466632510982
SNAI2 -0.00199073325306186 0.810731298645176 -0.153667480701393 0.351058325069882 0.848315185279709 3.40892224640945e-67 0.0111816821756926 4.39405577304193e-12
LUM -0.03006506893749 1.10804082931937 -0.085820116945556 0.264316738569963 0.00774586914114704 1.14336706997679e-169 0.143721126979426 2.69910958692381e-10
CCND1 -1.3370759055846 0.990402311663439 -0.0911178403122538 0.330802854612713 1.06893007356613e-07 4.7918055636989e-274 0.0444460701893261 2.96376217285261e-23
ERBB4 0.0264528782157109 0.515006356184972 0.100147172002471 0.0385275843341805 0.0161788431894742 5.0733457055863e-15 0.14532565815304 0.475151480218445
SOX10 0.0161995181338743 -0.0111732383824441 0.0443135114095647 -0.0100557612310012 1.98507619137413e-06 0.892906952038998 0.586279425263746 0.866644016953158
LYPD6B 0.0129305399215909 0.214874107273005 0.0185933646051685 0.319232080268879 0.0151768348824514 0.00535685068146285 0.848491955339101 1.70132854637649e-08
NR3C1 -0.0133142593909699 0.638153427926161 0.266673003316951 0.176113070567355 0.127465428801052 2.12803899579985e-39 8.81784666714812e-07 5.66379841003433e-05
CCNE1 0.00433100584736871 1.05276084188635 -0.0976172004734535 -0.0386129981331762 0.61862202027938 6.433351268678e-112 0.225990673337018 0.489339552168434
ICAM1 -0.00652563879750241 0.756327287896127 0.0951659980764395 0.182553887470001 0.609738200454035 5.39510572346179e-39 0.231851351693088 0.000205556191270548
XBP1 -0.976726685649678 1.10683229239046 -0.0953433413689631 0.0862729185087133 0.0013574866183436 0 0.00188622670741157 0.000978461524454263
ICOS 0.00530383317303822 -0.0681358191142195 -0.0302710050815415 0.0758346061340288 0.00124870012575221 0.509916434358945 0.738921231233177 0.262495569233384
LYZ 0.00136089028532145 0.963927168523323 -0.0633340193876795 0.124602309417861 0.835090083048679 8.92551259256347e-54 0.341558364275645 0.0322283211336539
NUF2 -0.00687676342941693 1.08519657100312 0.0691471103181177 0.0733657838916963 0.169743610737273 8.06363088439379e-154 0.384564874500887 0.169444263221855
ESR1 -0.0151667098570587 0.913329749342421 -0.0739920424649299 0.180008667241195 0.690568855733249 1.28346555936438e-110 0.225343668016592 5.34482904481841e-05
OBP2B 0.00428986350823934 -0.0161214575752168 -0.0380389098750089 0.00360994572867451 0.00167753856441905 0.866481973466086 0.676394342735479 0.958537770012879
CCNE2 0.00615988347660765 0.824648064087128 0.0766128368576235 -0.0678311570889192 0.311149284868776 2.68775801112181e-44 0.301733181624687 0.206648143692775
XCL1 0.0407971906864984 0.330589033367144 -0.150298798925967 -0.0398050353091281 7.79173578995302e-09 7.04246321960529e-07 0.0361618794537509 0.47627441652363
IFITM3 0.0254434331115241 0.506437324933686 -0.138718306444844 0.219685055980457 0.000649264197743225 4.10428936731804e-16 0.0380314141230443 1.54981988079023e-05
FABP7 0.0319544956446939 0.715234699756826 0.016408597606619 -0.067015269143127 0.00372848103406599 1.4411200638278e-36 0.822751792521679 0.237168505198168
ORC6 -0.0121575078752359 1.19646346385135 -0.0708058662538246 -0.022183238926646 0.382049025310995 6.65363714187056e-270 0.238180262180305 0.62294755160532
ZEB1 -0.054907154558142 1.0860122469523 -0.080927098534823 0.197557984171231 0.00320034357714404 1.32349792111388e-150 0.0967381826712518 2.02494197986431e-06
FAP -0.0133367857646792 1.11382027297878 0.0112311290433013 0.0797844457009399 0.132383258461251 1.48565371063725e-108 0.872526747564261 0.140872845421518
IGF1R -0.0429865833356921 0.716911101276388 0.0489515886493036 0.348433489853745 0.105081948467255 3.75404269602363e-44 0.485953048832262 3.23711300375306e-13
PABPC1 -0.391248671561436 1.04630435918078 -0.0499918636690746 0.183754131269433 0.000654028421483696 5.00327442920201e-262 0.282550359618642 3.48040927861561e-07
ZNF571 0.0260794350433704 0.772308108902182 0.041200597575733 0.0617385928696035 0.232805187499618 1.13829500596458e-45 0.600101045701388 0.265548896569697
FASN 0.00087912194634016 0.881733849318546 0.00799145898665114 0.0923029489565962 0.978852763132071 2.98072987127534e-89 0.903130925068551 0.0490835587848878
IGFBP5 -0.782217851127391 0.735771595051776 0.115493023924426 0.491550202494384 3.48478525297987e-05 5.72045924909361e-39 0.0867161683608779 7.61066863606081e-31
