target intercept intra juxta.25 para.150 p.intercept p.intra p.juxta.25 p.para.150
T 0 0.107873042215253 0.387484440718488 0.473642652202727 1 0.159203277105396 2.25548670787422e-07 1.35791480310743e-16
B 0 0.273090398607782 0.326279093760503 0.359887849590904 1 0.00620936849850832 0.000165110036970957 2.0280568918951e-09
Endothelial 0 0.265798115139465 0.310700698309188 0.384931975881978 1 0.00231306072940454 3.96118509694507e-05 9.1835422711656e-11
MBC 0 -0.277121027524007 0.38910771341447 0.83358192395453 1 6.22264972339095e-06 1.85894659261551e-16 3.14061073696577e-110
NK 0 0.633479235742053 0.094334057419044 0.245143325251729 1 6.41435183076852e-07 0.275082177224924 0.000187168532231747
Hepatocyte 0 0.114251402251818 0.410072573771581 0.394808043995868 1 0.427719132737417 2.07819853875267e-09 1.16371183382057e-08
Monocyte 0 0.170816212940116 0.299842470696067 0.504902144662905 1 0.0431173782278828 0.000102660971186951 1.11046594750845e-18
Fibroblast 0 0.34490915239741 0.118339704472928 0.499327143247014 1 0.000541373230248047 0.153720926132831 2.74181939652615e-16
Macrophage 0 0.0521752127363415 0.189782287974708 0.761688440737643 1 0.321612212496225 0.00236788708924065 2.76677593788253e-58
