target intercept intra juxta.15 para.100 p.intercept p.intra p.juxta.15 p.para.100
B 2.96791127586517 -52.362140265081 0.17780519811814 0.469795502235812 2.40383687538195e-13 3.2984340397961e-13 0.0664696337934092 1.53791569348279e-13
Endothelial 3.95290970223037 -55.3713755642876 0.149616529629778 0.551607070559614 1.70731240361638e-12 2.1953903546218e-12 0.0979005877248711 1.54336927786521e-17
Fibroblast 2.6697183961899 -53.9380276437118 0.159658954224523 0.417550785032554 7.87852800802383e-15 1.22042930508223e-14 0.0799428525393065 3.05823638538806e-10
Hepatocyte 1.04615897575983 -50.4751627119897 0.0412286622055601 0.724499129683104 3.08395467181578e-16 3.77065200020257e-16 0.62731722769339 1.91464191245575e-34
MBC 1.18751782195327 -26.0119744994632 0.258367268317486 0.875311057983037 2.99502163868593e-07 2.40271524686939e-07 9.4951458487307e-07 3.32642656701925e-134
Monocyte 6.66443830949686 -45.822818634008 0.396884774677107 0.548856471126133 4.67390325372703e-14 4.74635082358065e-14 5.03845347268693e-08 1.63480369065737e-22
NK 0.803770966065924 -53.8070397704249 -0.0095776727692464 0.294503247528256 1.74099044323261e-17 4.3806966784985e-17 0.918768066237995 0.000239342541651854
T 7.10434908071166 -53.5339286562421 0.0714034148915675 0.674496571199523 4.51888998696989e-21 6.47403395598673e-21 0.39683657822037 7.28468057321278e-29
Macrophage 24.0883030898715 -51.8434900967594 0.334279272234062 0.67042874294241 1.01253351084637e-16 9.5189354315959e-17 8.43876532256414e-07 1.87240727107467e-36
