target intercept intra juxta.15 para.100 p.intercept p.intra p.juxta.15 p.para.100
CTLA4 0.0412263388761342 0.0832506997004273 0.029299446070296 -0.0536055185733941 3.49859478176404e-08 0.183937318641866 0.588186756216997 0.137484032177638
ACTA2 0.0238323047234799 0.90762305884596 -0.0246461685521388 -0.0453189957708303 0.20787383160691 8.04599491915456e-143 0.528441425104288 0.15096543748064
BANK1 0.124368877788558 0.0718422080234521 0.0292305549950592 0.00916312492279987 1.92242764540329e-14 0.183073202050256 0.497237171321377 0.77815798402435
SOX18 0.0482469474274358 0.372004514248153 -0.0142933604004906 0.0535309221655693 1.56179756255487e-05 2.16090619328665e-12 0.723445834564367 0.111927107769493
GRB7 0.128143578549218 0.0952403658276145 0.00639610691185414 0.00948186579619339 9.33023779197976e-14 0.101703106071216 0.880841451519898 0.782375901716387
CEACAM1 -0.132041638108315 1.02060531955142 -0.00778651435010082 0.0884626295934185 0.00127864066137908 0 0.796949987397409 0.000371848643783629
TMEM45B 0.0915498827017472 0.322335735678036 0.0574460126967284 0.233806866728781 0.00102939646383498 9.00234836650643e-11 0.166921241010379 1.32831706916283e-14
CD14 0.0326334661868012 0.606856948533494 0.0864238909134127 0.198637960395192 0.374153790805422 2.67394595364613e-62 0.0204845223266406 1.03144734305423e-12
FAT1 0.224332905751064 0.36404808349486 -0.0185915478407697 0.0787831752744533 4.30654420343345e-09 1.76845303286395e-12 0.654055107731095 0.0115564620094345
CD68 0.151235382474779 0.238450963993693 0.0594712687579315 -0.00252204436969114 9.43932220958803e-12 1.14709332640192e-06 0.171779131561007 0.938498074336409
IL2RA 0.27128047837736 0.124360274579755 -0.0933933303845102 0.0511896070254947 2.58519651193669e-19 0.0246546602451109 0.0354722323589414 0.109987654681945
ACTG2 0.0265488339201352 0.214907222156747 0.00212230291988907 -0.0335951463558543 1.85131331826957e-05 0.000560178188412477 0.961387209432338 0.384542274774306
PBK 0.0115894940245586 0.998936297759847 -0.0140834768078685 -0.0521363571106674 0.526918725222189 2.1974808548608e-233 0.704753950922907 0.0604688236831117
RB1 0.246465688446256 0.425083362284022 -0.0287184032008803 0.148477974363722 4.09397981396619e-07 1.91952305895769e-18 0.476423899306638 6.39740475651514e-07
MAPK13 -0.0077902507538325 0.843283560559176 0.0767347963280295 0.0565163565541658 0.900285937150523 6.72532935320618e-147 0.034332269479831 0.0418993482506293
KRT19 -0.471786716862816 0.941139736919281 0.0271998960265545 0.131850490789039 6.84349187345139e-25 0 0.0948296575519376 1.69690907219234e-16
PDCD1 0.0498379674727393 0.0738059792045908 -0.0423827402684835 -0.0135434539456191 1.09343493211807e-09 0.223783390010159 0.365833129792747 0.713144364728213
BCL2 0.0835391912135304 0.586249115652204 0.0823009640941368 0.117881351397853 0.026373826727997 3.2600975207432e-42 0.0315454105219397 7.00376168948585e-05
MYL9 -0.0299748184585586 0.887748635628682 0.0965774654004342 0.00904175622271303 0.478111696218162 3.92343311653844e-166 0.00893044233612791 0.758500472706722
GSN 0.17676560931608 0.366149442076882 0.0916221512858978 0.160036439269743 2.55013273080225e-05 1.11146652111796e-14 0.0194795151542353 1.36382381016373e-07
CD69 0.16460470908711 0.136181780302538 0.0907495001752518 0.012406487899905 5.10977516962089e-13 0.00873009720408818 0.0357375906804606 0.7028171897223
SOX4 -0.299412728673062 0.931389804298391 0.0186925684779964 0.150408807056726 9.75824634101513e-05 0 0.534935086998992 6.37413788141963e-10
CTSL 0.498154807179647 0.109924089708817 -0.0165195626398793 0.0748746451064413 3.37384972876628e-21 0.0339949394863445 0.690270233663966 0.0159512846858276
CENPF -0.113530418856143 1.09653967119479 -0.0399468342621487 0.140799267210434 3.09791488722911e-05 0 0.247932565379148 2.49030193004417e-08
TMSB10 -0.127722227633053 0.954851697362125 -0.00141190048616795 0.0777808779769606 0.42096448879708 7.56987909369614e-283 0.967708437635463 0.00339101444583933
KRT5 0.0544974804678317 0.0407892817559216 0.171469147129152 0.0525509127154867 4.38274113489605e-07 0.488853546124348 0.000172949506509564 0.132270238563144
CD163 -0.0706917715195065 1.07087936791135 -0.0633120420939065 0.0466461762772646 0.0125750715341758 0 0.0131684726844089 0.0204623351207957
IL32 -0.182999295547793 0.988826563660975 0.00208126639541921 0.0977587556412876 0.000563812920989332 0 0.943943757390578 6.0401712426075e-05
FCGR3A 0.0142324854576701 0.958998647413697 -0.0522201891303874 0.0252940862306185 0.761003932204832 5.10154112974346e-316 0.1640236332364 0.359923198393291
PDPN 0.0626533506481939 -0.0548487652157973 -0.0522653970679225 0.0686036489159191 8.51425406078843e-12 0.380018738893361 0.273196365853824 0.0677579906427278
MAPK3 0.206822679670426 0.385111590148217 0.0783164605019313 -0.0611654470956546 2.69965831680873e-10 1.0545924438779e-14 0.0603964504345732 0.0515946857077268
CD7 0.0555712337004733 0.163737976316482 -0.0463161319511693 0.0640395270038089 6.83768729417782e-09 0.00163079451761876 0.296628997211806 0.069351394080517
GZMB 0.0212532123549911 0.558605088820304 0.00108924590386027 0.141529539483866 0.0600207938873012 7.74350551105744e-32 0.979054901462213 2.40664299878189e-05
CXCR5 0.0486070152582682 0.0165047797234085 -0.0452897224405201 0.0142175588526697 4.19786438049341e-10 0.787666461420093 0.340673793561606 0.693842360593295
RPL13 0.500061097674576 0.227476403896306 0.122540446209217 0.0305465829353821 2.60386663423928e-12 1.37116363698603e-05 0.00329873359626258 0.312829031040087
ACTR3B 0.300800527006905 0.425773036190498 0.0855313114547395 0.0181879166282411 1.33819840117163e-08 1.39857052184466e-20 0.030574374469133 0.551791775207989
CD19 0.0465647568836798 0.0551471349729027 -0.0271260428640417 -0.00188792032418227 1.98269742317625e-09 0.343196957497077 0.590504309436205 0.956714059524947
KRT7 0.0850445499462041 0.0712685568192552 -0.0579547424627757 0.0575678931455207 1.2622723671697e-12 0.183153223463161 0.223256446786721 0.0912480334180344
BGN -0.146713657883669 1.03420877044061 0.00708962452373208 0.061680491448837 1.17386169757019e-05 0 0.764055414438613 0.00327956834102395
FCN1 -0.0383546935215122 1.164992611244 -0.0054039224233017 0.0309124941386756 0.010014120489069 9.07423889736341e-311 0.885856906085829 0.295325641374317
MYLK -0.152496840764775 0.999947057328248 0.0169114323532954 0.0830862140031911 0.00044854624294884 0 0.568204964935948 0.000612848517353273
IL3RA 0.0838346401124883 0.274881458251096 -0.0125339626819761 0.0296516934599945 2.85048839651757e-09 3.47921666700749e-09 0.770399535860237 0.381299136109794
CEP55 -0.101026038798246 1.08349834485023 -0.044229765757574 0.111024848879322 0.000181192121615986 0 0.187116962845719 1.05433524603669e-05
TP53 0.259598684594165 0.739440878288567 0.0587061752865286 0.0391499820522986 0.0290691985686102 8.99464286637123e-70 0.164399232663614 0.189772605665818
SPDEF -0.0994699948302063 0.904080042896181 -0.020930277136871 0.170925809339993 0.0312592388781292 9.30282885182878e-267 0.503949295447795 3.50677499807204e-12
CD2 -0.0295517886453921 1.28054858558672 -0.039815015659202 0.0275274896471282 0.00464680700739695 0 0.210607782678205 0.284750886330351
FCRL5 0.0464837440528303 0.121337552126308 -0.022125117520576 -0.00465204246345719 1.46220268273379e-08 0.0435373129302775 0.633736962413011 0.898990281597277
RPL18 0.329310213950569 -0.0119558687020404 0.0285936283347791 0.00616354442576848 8.29933697519821e-24 0.823299449454287 0.489364237950018 0.848914558696471
BICC1 0.0537541203466853 0.62191236491048 0.0431877571903002 -0.061843783395806 0.000742982998788492 2.24088368992626e-42 0.293540541223592 0.0646100770630704
ADGRL4 0.0536442854425228 0.380103286795758 0.0132707935126722 0.0607447297875467 1.61575325882424e-05 2.33489795109524e-15 0.767593291819942 0.073900576778372
PDZK1IP1 0.256705111339104 0.0235445345419449 -0.0277560563031875 -0.0213345452695237 1.98692673041919e-24 0.664563510486307 0.491104018838702 0.512912681531924
IL7R -0.00310911918230206 0.976860945166757 0.0519699210532485 -0.0238584671297253 0.757203989990781 5.05544476749337e-171 0.199274653060341 0.477681380262179
CD74 -0.18583516416113 1.01889171712951 -0.0220293034948658 0.0792158833271183 0.000814955966338851 0 0.432150351883302 0.000582342715617632
MDM2 -0.0450081745149346 0.836273874602086 -0.0382933524129885 0.193464401261665 0.422701185506309 1.89113843448279e-140 0.315419547293915 4.51188283460961e-13
CXXC5 0.240382208100678 0.549312932344192 0.0854756334683359 0.0520842025755028 0.000170556749040951 1.83533074074995e-32 0.0372995154408763 0.0816676633514766
CLDN4 0.119537597574746 0.169948204234794 0.0948830379858116 0.0194725021559888 1.57241058685517e-10 0.00206648923973023 0.0289225655233515 0.542831292137411
HIF1A 0.0414773686410527 0.54815621978634 0.0740482493581201 0.291478147407794 0.544673622202199 2.10305927741093e-39 0.0627381596819699 4.67839776863167e-25
CD79A 0.0342273547540312 0.0119133063016393 -0.0536487114196488 0.0959047848990553 3.18339545442575e-07 0.854197440254424 0.27725258707882 0.00577887244090532
CD24 0.0923624347301407 0.423579853511044 -0.0944685639376658 0.203131359638931 9.18408692588265e-06 1.08168884883325e-18 0.0364118831174076 5.50286865195196e-11
KRT8 -0.400637542469812 1.00624859619011 -0.000914375361991067 0.0727090921647928 0.017777604811275 0 0.977587941446364 0.00435324985251294
SPP1 0.0572548736949883 0.295127943947396 0.109483319684959 0.16431435678436 0.000927870839204535 1.62884808439332e-09 0.00943277516402978 6.41054167244264e-07
TPM2 0.0186502007365678 0.731821249127091 0.0754053802039943 0.098748838798508 0.592107948093845 2.59093244749616e-94 0.0417726129111957 0.00148660541263435
MYO10 -0.0385115048612422 0.932891697494186 0.0629909351004422 0.040591415022077 0.162805809914269 3.43233299034442e-264 0.0644181904291911 0.15652752261274
DCN 0.00359586514090994 0.918800420852292 -0.00676382850294526 0.0112587604691498 0.813416202872494 2.13132534952405e-226 0.857634967789234 0.691325577524828
BIRC5 -0.00625900350391349 0.949700299670023 0.00222687520030714 0.0413792279172559 0.780891890256111 1.37556208089311e-210 0.953007319229565 0.154176268717725
FGFR1 -0.377944865402894 1.01439922024016 -0.00238323562001774 0.0609309805512212 2.92495912221204e-22 0 0.85796298050117 6.01805350466347e-06
CD79B 0.061424542250457 0.176977061993294 -0.0132432608726385 -0.0377427214352268 3.85142423959821e-10 0.000910066985540447 0.750293121796954 0.309627485491303
CD274 0.0526435959949512 0.0821417443686178 -0.0619543409315657 -0.0210393606295461 1.75717934704556e-10 0.151167044956982 0.181687948136617 0.561470868256782
PECAM1 -0.0594471258155923 1.04242802945423 0.0933741845886349 0.0331393223209659 0.00128159435705705 0 0.00240658617893628 0.238511354741188
RPSA 0.878143868452674 0.386477247650821 0.0288220099248688 0.0361096901243662 3.36418076540836e-13 4.50634545075655e-15 0.519469100045753 0.243657787111554
AGR2 -0.145326261155257 0.709822709553395 0.110206818710787 0.266658331498339 0.00220231509087441 1.92911426752094e-95 0.00251085803480875 2.6203472686638e-25
CLU -0.110343065648039 0.97950597730917 -0.0771920865795531 0.171340069845862 0.0100076402417918 0 0.0061451754224584 1.18191926535293e-13
TRAC 0.0171974586909742 0.822904205830346 0.023293168293684 -0.0433549754857628 0.116245895522599 1.71325981230554e-108 0.567345262558207 0.197808637754318
ISG15 0.198048093252161 0.572679566023222 0.0415317301751094 0.171890551477255 0.00406742757298967 3.43674488024665e-47 0.306244816586032 4.54195260745564e-09
LAG3 0.219941555214596 0.236601972453684 0.075701020607649 -0.0328994129449911 8.03408478660699e-14 6.80704881072622e-06 0.0603757954651773 0.298828431236507
MELK -0.0142598412319386 1.02412021238047 -0.0536003796412474 0.0378590640917417 0.594434816118498 8.51296345743375e-305 0.166925137034406 0.173188134487055
PGR 0.0331119120703267 -0.0995049391352959 0.106922047581451 -0.0167581161534152 1.73796507224719e-07 0.129347082872009 0.0393058464655537 0.640634217708498
HLA.A 0.259252705905336 0.22373996920684 -0.00300942625841149 0.0532797129677172 3.17672453028849e-14 1.19241113761831e-05 0.94340185472176 0.0931674148128814
CD8A 0.0797233702849746 0.213009077160334 -0.0526090746326749 -0.00623403356358935 9.74335029003259e-11 0.00017005493892268 0.230215960169162 0.858099490409712
DERL3 0.239284615776875 0.152370688944415 -0.0236920124701944 0.0180503161961549 7.01724835727584e-18 0.00358855899368169 0.594056468228966 0.573541611216874
TRDC 0.00114600436227891 1.08201847672726 -0.028826037241954 -0.0443837600700894 0.887559871053554 1.99852795386451e-209 0.480064868702989 0.191858212186971
CD34 -0.111078740865193 1.1062279683289 0.00749054515214591 0.0915723992884953 1.43128412418883e-06 0 0.794759618028426 0.000305206339571361
BLVRA 0.0406921831440131 0.782511502512122 0.0803288534228751 0.0609755820706123 0.386178155153562 1.9673428909988e-108 0.0309179678312369 0.0309567725748108
STAT5A 0.167474268758639 0.385255059935011 -0.00396801450926204 -0.0131888052486881 1.08167737718137e-10 6.12936423429907e-17 0.92124570132678 0.674040108457034
MYO5B 0.170555245417263 0.472407566805389 0.013266833375783 0.029344481025185 1.17565823242067e-07 6.13350222499652e-26 0.750289669777528 0.34545573085402
FGFR2 -0.0732458072988585 1.15354977963713 -0.138490947559398 0.079049941333182 0.0283023055430757 0 0.000107576099637128 0.00257628773665633
RRM2 -0.0525485650230561 1.15349162729306 0.0260369795030571 -0.0513925466947752 0.019845892325959 0 0.441343111821374 0.0513410199566835
LAMA1 0.0807887737266077 0.105948788031868 -0.0899201329352856 -0.00394379382975196 2.21620128950433e-13 0.0464291194103505 0.0647891001846636 0.907496391261731
AHR 0.0787174086826738 0.522023283562231 0.111609034655652 0.122388915288074 0.0172912232422892 6.28039134926137e-31 0.0051807069985432 3.73823139323575e-05
EFNA5 0.0375573366102305 0.0356400585138849 0.0638015115586983 0.103912325096589 1.75192004008232e-06 0.546314431793714 0.143149389712565 0.00420916299803221
MIA 0.121486034810816 -0.126673592264354 -0.0232109880060242 0.0196207600824056 4.83214437026474e-18 0.041837326434803 0.617407142810972 0.572121927681065
COBL 0.0835027607735141 0.704955591017062 0.109535665571274 0.0968800942205514 0.355241126617124 4.47412694717529e-77 0.00993014893323076 0.00132611029119976
TSPAN1 0.11319883360303 0.455687254146955 0.104399877699993 0.000523881047070823 4.12309862098166e-06 3.29290058234246e-22 0.00897375467880389 0.986701938837919
CD36 -0.00453683946699291 0.919114490153476 -0.0229151179836752 0.0867886970735851 0.804421577594823 2.6439231592313e-222 0.50600426338398 0.00373285084300436
PHGDH -0.150387946654269 0.785598299003102 0.181998450615127 0.176778447257154 1.03789208332643e-05 1.05767442228056e-182 2.57367194187029e-08 6.24271593262684e-12
BRAF 0.124037663104179 0.187816690988571 0.104657188894359 0.0647351345211646 1.64616195682844e-08 0.000934099945624509 0.0167990589943324 0.0426001702475579
CD9 0.269153523955131 0.0364792387364977 0.0213012289056982 -0.0125176993282791 3.58350203806743e-22 0.501455737349691 0.598318622873903 0.693005518377809
ISG20 0.41696359308123 0.194220858138745 -0.0187137698383028 0.0620953911357113 4.81860612742439e-17 0.00021682759550323 0.64998857961692 0.0453477814658152
FGFR4 -0.0425872556489735 0.870770712753637 0.0615165629114836 0.067920340462059 0.384848105104666 1.06698046996933e-166 0.101903621973627 0.0147486272350852
AIF1 0.0789403139865877 0.211796541331635 -0.0467652521691186 -0.0064271775457064 2.92160206709248e-11 2.01014613424513e-05 0.247664467663573 0.854673129411966
LAMC1 0.294058076317009 0.389699661375816 -0.00133521692651396 0.0336317151947837 1.64750221058639e-10 4.66563678151508e-15 0.974491681817998 0.274014876267165
CD96 -0.0030251636181214 1.10395532995055 0.00349143147741276 -0.0484943483480984 0.727717279167045 0 0.931915666372189 0.135596660446645
S100A14 0.0779407777239282 0.547178358188183 0.0957171504562752 0.148547455823113 0.0280500464164282 5.5517521852109e-41 0.0143288761774496 1.67723782546486e-07
MZB1 -0.00492085427296259 0.843580116002242 0.0380112035335626 0.0830666613993424 0.906583409677035 2.39275140546397e-146 0.283517183344852 0.00252153612382587
HLA.B -0.0722903122363522 0.868546314274175 0.0323550742727042 0.118351447720103 0.345220677021345 4.82606361250693e-179 0.368515107628615 1.72278691041421e-05
STMN1 -0.251314202206137 1.00169792964917 0.0193539694104138 0.0820962607285855 7.45028841904754e-05 0 0.539765471301424 0.000718897453266354
CD38 0.0890705934942378 -0.0335459220925358 -0.011337223522633 0.0321369098734802 1.20402481015245e-14 0.553612665640887 0.801418842715895 0.367776773910938
EGFR -0.116377509714252 0.996124592246324 0.0270576579994321 0.0551263372672715 0.0090386059124374 0 0.397686917354895 0.0340299817549886
PI3 0.069242291264047 -0.0368058452812319 -0.0322124738442629 0.122258928260538 1.50515350456897e-11 0.518321845545347 0.446445790004628 0.000314855950312171
TTC6 -0.179769590718238 0.75903073244277 0.185866066330877 0.149186647870672 0.00310496509867436 7.17899601034655e-100 7.54602424160643e-07 6.93624103492059e-08
MKI67 -0.145314065739665 1.13526873765374 -0.00683058154694198 0.0253362557691744 3.35207255664515e-06 0 0.803940398689779 0.239936228093124
C1QA -0.0116650307773955 1.02421214128895 0.0230296419867941 -0.0598159785126127 0.626710268996854 0 0.438246393560709 0.0130551862567077
ITGA6 -0.277361761613045 0.930239078894697 0.0465826548445418 0.125854758759658 0.000166806750615285 1.13259349221397e-258 0.160152399055258 1.34140183398862e-06
CD3D -0.00531839972741746 0.894271016340528 0.0695629833680074 0.07153947516848 0.612334257509632 3.13869057723193e-152 0.102190507297617 0.0346495294684082
LDB2 -0.0675156799697972 1.12615910457225 -0.0180331629205675 -0.0248755058567407 0.0048054016650147 0 0.408299249221642 0.225091749037319
CDC20 -0.0550840910905573 1.01873591480164 0.0379246443907361 0.0435352625746844 0.022574590130882 4.11306936512065e-299 0.296787743694073 0.11848325407423
S100A4 0.230742707563379 0.234365199988134 0.0105344753234661 0.0329362841048341 9.37650304173724e-14 7.23760214258273e-06 0.790888463512888 0.292315603309208
TTYH1 0.0317308353229783 -0.0286225926942602 0.0937771827829723 -0.00333886201766079 5.97146139030911e-07 0.609504174225368 0.0553826562233981 0.933149751094792
FN1 -0.123371825965352 1.11442364005947 -0.0669833569613799 -0.0156713874349627 0.00602219458449646 0 0.000132356342296374 0.355638476561132
COL1A1 -0.166564257456549 1.07699207940276 -0.00444288961361234 0.0435422016576154 1.96777113782946e-05 0 0.858237127774831 0.0343527788405747
NAT1 0.148403498229967 0.50312980253734 -0.0266345044359787 0.00204923071871927 1.46493077764241e-08 5.43478018874435e-28 0.515417698668552 0.946153141930733
AKT1 0.34385537003933 0.677584129168195 0.0310941551397796 0.0185978316478933 7.02608157969362e-05 5.16566595046904e-64 0.448195225469646 0.532543236406318
SULF1 0.198215966771423 0.113664652722035 -0.0260663642644186 0.0527555182199152 6.92887015811391e-16 0.0452522404776386 0.543320213944722 0.094813133820894
S100A8 0.0317836643957527 -0.0439947278141154 0.00202142601911151 -0.0210462924893925 5.95101469417586e-08 0.501996997680833 0.965379826722789 0.602694017032429
HLA.C 0.29969008493326 0.12831520653179 0.055572965548337 -0.0325744075919468 1.55894117115684e-19 0.00945702513790805 0.202213040900636 0.30427232397295
EIF3E 0.542632452206148 0.0961293709777665 0.024259085928369 0.100410514956854 1.83106532229824e-20 0.062902724021252 0.56573854760365 0.000944024425587053
CD3E -0.0332371650017752 1.18563869486055 0.0363558611143562 0.00632739271684691 0.00351672348103254 0 0.27669104889912 0.821191364321652
C1QB -0.00907926989078758 1.06839252929467 -0.0270972121284676 -0.0255170876760568 0.67176210578476 0 0.351988789668893 0.28444316726867
ITGAX -0.0723341171078805 1.07853963798225 -0.0262503097355305 0.0750329418374774 0.00185617213158007 0 0.33849050031537 0.000936202502109273
S100A9 0.0257399563232845 0.0587022874125836 -0.0114849286593042 0.0424900039816883 7.27741361346196e-06 0.32482474492363 0.791982995233999 0.261935050565833
ALDH1A3 0.0438627115640862 0.411187032271897 0.0804128076102931 0.0292239081243167 0.000338266317768959 1.56847376289258e-16 0.0526616884701913 0.400752798315897
PIK3CA 0.201716556088937 0.323620259626229 -0.00690167848933838 0.16015831635179 3.3100038666133e-08 8.858550709709e-11 0.871302212759654 6.72736619245172e-08
NCAM1 0.0181444311719976 0.665471544829147 0.00658733786225038 0.0399976088743551 0.0839682730493522 6.87958755457701e-54 0.881642873860534 0.252473866157125
MLPH -0.0860262544808067 1.01028601317661 -0.0184993987060186 0.0489439942477027 0.0899486245222685 0 0.521664318565469 0.0417483497016806
CDC6 0.0428938458053739 0.580574589151441 0.0932877207100866 0.114963123660636 0.108610602389229 8.0852668787207e-38 0.0207305737521535 0.000186746027242073
FOS -0.056159169216347 0.899973914191679 0.00474401356798413 0.145880823677944 0.0807161114424687 2.12835991801016e-220 0.88883965994265 1.94346199531438e-07
TYMS -0.31654591268099 1.09639318398477 -0.0550838506406488 0.0934980241492393 4.12565460144694e-09 0 0.0354154841245798 1.04501176272279e-05
COL1A2 -0.0592229179728564 1.07865487145651 -0.038017142815226 0.00979613540583874 0.0240162069093095 0 0.0705530599926292 0.592595953851754
LGALS1 0.114312843045156 0.67541672823511 0.0731674252241258 0.118600763738183 0.137582963769095 1.4611991149648e-79 0.0653270265457128 5.79985948480667e-05
HLA.DPA1 -0.0298028221868532 1.0013276615547 0.0131946623935303 0.0302709604558727 0.191077673167435 0 0.665431561909511 0.234038017785772
ELF5 0.11991410037938 -0.0725791919850343 0.00141720201901814 0.0225984801846882 1.20092396755728e-17 0.2079957517253 0.971596639480239 0.504453921523755
CALCRL 0.0520742030535561 0.437250554009362 0.061837068443043 -0.0003159904508597 5.6714110932555e-05 1.22353168624199e-19 0.128917802080367 0.992718613282496
MMP11 0.0395289032227422 0.51307587395481 0.102586209595444 -0.00587352609621591 0.00181325261281144 2.36506700832084e-32 0.0152220415761245 0.867283648465449
TAGLN 0.24073794442957 0.391145877846239 -0.0346649338706629 0.032062958223758 1.37297292033561e-10 3.53990442670622e-16 0.422895250570376 0.306979515182835
CD3G 0.271947662404391 0.171000083797838 0.0384040884979274 0.0439114865537167 1.10271561871912e-14 0.00151798109186448 0.365590368892991 0.163380911077627
SDC1 -0.21116278492079 0.994900919078733 -0.0377968119553553 0.115545046171803 0.0118989298197375 0 0.246930546721595 2.7025291628163e-06
JUN 0.149826692857425 0.735039722271939 0.0550855425260154 0.135041497597238 0.391389378091428 7.29727794743512e-62 0.226849721247326 6.20485255511271e-06
LGALS2 0.0590935050970512 0.0674213880886637 0.0376202784655288 0.0453522943051113 3.41672534432202e-09 0.220643328571119 0.375501108192077 0.211446426962676
ANLN -0.148885699290762 1.10757715125705 0.0561222484069968 0.00918080706872044 2.73229862464721e-06 0 0.064863545066503 0.703163861634782
PLEK 0.00233417968183787 0.971412152976637 -0.00730846555693442 0.0125421671421875 0.907809397718569 0 0.828648948657908 0.658975661538155
MMP12 0.0334568080463494 -0.0951188029038048 -0.0129513434659563 -0.0422548572639692 8.96897472587631e-09 0.15472304727651 0.782986036918889 0.316970600740682
NDC80 -0.085184611386243 1.06512394776911 0.0323297033665588 0.0819493814371298 8.35454157454724e-05 0 0.348138794924825 0.00108697179962229
CDH1 -0.432790119722619 0.994277026927684 0.0199586809849487 0.0830560832694465 8.57793226885768e-06 0 0.449422136987002 0.000495971209686312
FOXA1 -0.305272461531126 0.957620597261248 -0.00856710575456352 0.127035376660964 6.05885605982016e-05 0 0.742469227169052 4.57508818639109e-08
COL3A1 -0.0553006593129101 1.07680933174633 -0.00542666067890312 0.0106941067202997 0.01580751902824 0 0.8021916389384 0.574840668976571
UBE2C 0.0712915267842679 0.649703343589934 -0.0172409926133248 0.0289248740587422 0.00149527794157464 3.90447322299604e-59 0.680410507051457 0.355096610413848
SFRP1 0.0412276997659213 0.398101488165363 -0.0108112902048349 -0.0263941513909325 6.14996986088586e-06 3.47874749946101e-17 0.803647875517247 0.44954062279535
HLA.DRA -0.0767098946319372 0.995406597771653 0.0145237332675514 0.0287197329065192 0.0429510719597328 0 0.631315854092149 0.239372428537832
CAPN13 -0.100918655367338 0.831853634619445 0.110034533812909 0.125767396641248 0.00902379617258228 3.42007450635289e-127 0.00228112308147761 4.15602554806542e-06
MMP9 0.0402153686567353 0.0213806237129206 -0.00546736845813408 -0.0250706945220064 1.26809291755917e-08 0.717138972819053 0.901403722138491 0.500876412857241
CDH11 0.026047222783841 0.453812166200701 -0.0288788822382564 0.154288224515324 0.00607187584338242 1.03977855041471e-23 0.534179339702458 1.01595608971934e-05
CD4 -0.0146198858265248 0.869591550272443 0.00129044835032062 0.1218775937923 0.53321047542178 3.19007090344618e-215 0.969391686179649 2.23330457348187e-05
TBX21 0.100851277432598 0.121363229557047 -0.0429900411021575 0.0227917343774304 7.04570496493534e-14 0.0193654131034839 0.291048515429682 0.489539604910719
AP1M2 0.115065136846272 0.451046716762322 0.0714348621298434 0.0762067157172822 9.9891180783612e-06 7.87680492311152e-24 0.0685257244047808 0.0114518804317573
EPCAM -0.393164428339588 0.858750490371269 0.0659761980781764 0.183758373039214 7.4391840244678e-10 0 0.00870758899802344 8.8536150550645e-17
FOXC1 0.0136040586638597 0.694447137755367 0.0983347876059833 0.0739224528862297 0.451648298176462 4.60438082907622e-82 0.0100939783684511 0.0227989607418747
JUNB -0.289110535508406 0.989087542322208 -0.00617996652371847 0.118584580496681 0.00429015153731754 6.12045936750203e-250 0.8671135541865 1.94541926230745e-05
CCL2 0.0515385986032084 0.512065799396804 -0.013110224208528 -0.0498595534634815 1.40790911759065e-05 1.2599694178576e-23 0.75207918744419 0.153372127501612
CDH3 0.027755343759181 -0.0109440502602883 -0.0120497724857404 -0.0257871735418893 4.59426447301541e-07 0.866899903508566 0.803185037173538 0.501195850976002
PLVAP -0.0478907566153954 0.969760824087709 -0.0029934459693628 0.0373103453546645 0.266558002572116 8.40677281858412e-272 0.934043903960119 0.196114217491235
LGMN 0.179881439548683 0.698888433740487 0.0829857825422346 0.0580916141397414 0.0893079725893523 1.88354318477962e-68 0.0516358895871295 0.051052867264732
UBE2T -0.0229761343848041 0.932572677483744 -0.00266103850133622 0.0660289519619582 0.50379920647226 4.84309757390093e-228 0.943235424005727 0.0158141331837315
NDRG2 -0.143845644617237 0.999556421234676 -0.0312000078107907 0.0965391706966563 0.00242848058035982 0 0.236891771544982 3.23279570114215e-05
MS4A1 0.110397690811581 -0.120578580335808 -0.0525280057836614 -0.028971233640033 4.84689830048179e-20 0.0521764119014777 0.219387552106807 0.39603599762911
COL4A1 -0.121912025115064 1.0625477576194 -0.00341567910851697 0.0297990804821322 4.58348384589109e-05 0 0.863289043161763 0.114346971929285
CD40 0.0078038184061071 0.76692692897959 0.156121972589642 0.00637355661192811 0.82659300837982 5.95927376096052e-136 1.27530967168055e-05 0.823236998375409
HLA.DRB1 0.0559987445552514 0.80344054271475 0.0167063640740879 0.0120511602808219 0.108183873819851 1.59004368174068e-131 0.668303509128024 0.686628790825086
SIAH2 0.0862781865186561 0.867501557056248 0.00756682623816586 0.0605092015418121 0.436947017148156 2.68450610017537e-126 0.861814536418601 0.0357544791998266
KIF23 -0.104903675526069 1.12744720801109 0.020121351558018 0.0309410000558839 1.30814768179751e-05 0 0.510102551777844 0.185690364588362
POU2AF1 0.0586677639437701 0.0555977028241521 -0.0347280185851467 0.0509972671914067 5.15227087456421e-10 0.336772263414429 0.452848966778233 0.147078580715871
FOXP3 0.266597845035352 0.100982105147377 -0.0438531346629883 0.141095629866373 1.720438693863e-16 0.0672033951059732 0.279320127919025 2.96735637367052e-06
APOC1 -0.595342251497453 0.83868482710572 0.07757477421221 0.244845481235019 2.76052167530706e-24 0 0.000322147299519033 1.56298408448008e-36
CCL3 0.124811827250728 0.494016063358787 0.15214393414617 -0.0228596587570703 0.000102712678310306 6.29917013432196e-31 7.74301980264364e-05 0.456548207006997
TCF4 0.155896378263606 0.426819302792857 0.0625846478458163 0.0596381858642821 7.0018450376562e-06 4.22452477399958e-17 0.108808657322404 0.0516950828582313
ERBB2 0.255984561930138 0.507306838188975 0.0467493347349121 0.0520596287362056 9.78049393736035e-06 7.9637768785546e-31 0.2777630510524 0.0893529639618768
CDK4 0.643218165138704 0.411870619122778 -0.0426239379626443 0.0330625744763264 6.2407277211918e-15 2.22894624168569e-18 0.309204916421774 0.283876857994477
MSR1 0.0121116127573573 0.930981789383992 -0.0437472425340463 0.0337018018197927 0.493387140732598 6.84605215134497e-258 0.222823190834156 0.263189310920605
CD40LG 0.0363051098519522 0.606000440858723 -0.0414961170637732 0.0111053287974039 0.00083004472626571 1.45746448969048e-44 0.352336875195761 0.75483631958954
LILRB1 -0.0213230175961177 1.06427697565827 -0.0513977073040022 0.0368840789685307 0.254797175967699 0 0.0991867963745959 0.144129968883347
KIT 0.0201030933776835 0.472857970699653 0.0604240281761026 0.0112849827847889 0.0120468149413734 7.31116584475167e-20 0.163704925252032 0.750994367752804
VIM -0.296630954882459 1.01151010365977 0.0266978177326155 0.0959585989606778 5.41844688926412e-09 0 0.269986918441584 2.08154330178257e-05
COL4A2 -0.0498809466164899 1.06919133109248 0.033389597886736 -0.0489258691998674 0.0650927255940413 0 0.107574143144769 0.0153766414079028
TCL1A 0.0229576091127062 0.115351545303794 -0.0157282020746861 0.00315062169913924 2.94729397792588e-05 0.0761544847103578 0.757620595741247 0.935743862603172
HLA.DRB5 -0.0473530020029232 1.02503464302465 0.0265226783805698 0.0200414943256174 0.0881473807013211 0 0.379009313625786 0.408211678905346
SKAP1 0.012519929631746 0.73686651695141 0.0407778118608379 0.152155846971977 0.763261524551686 9.74923426573292e-92 0.266283832928488 7.58090371369601e-08
CCL4 0.0438109948576784 0.484546802208408 0.0465950849864057 0.00521298889080483 0.000306158326773958 6.69933452094118e-26 0.275171622240891 0.874336623214961
FXYD3 -0.0850273952564011 0.896878150343339 0.0380228396746909 0.102565057294978 0.0886345744946988 1.51422487410508e-230 0.256637428425142 9.58196697576495e-05
CDK6 0.0997227088434321 0.143145982582851 0.11944512251244 0.0908617326315775 1.23885286774402e-08 0.00563593771022166 0.00259342924294314 0.00442083880729719
CD44 0.0994350726723506 0.171524899406053 -0.00404217658200892 0.0500838729132378 3.41122366484346e-11 0.000974273199078099 0.924821963800796 0.14373187464108
NF1 0.230069967379603 0.545914667546707 0.0349449043726111 0.147840843613863 0.00149640957701313 1.80266718942816e-31 0.390327658984794 4.32887535756592e-07
MT2A 0.0142341125626461 0.487269339849678 0.291117082619118 0.0984471543476005 0.644060607340426 2.94841603508522e-32 9.00903575238712e-15 0.000745705527360324
TFEC -0.00384206936920915 0.942474845189314 0.046126389566255 0.0500647387267903 0.695315415705896 1.05220545817754e-130 0.266931179104833 0.133856177695501
APOE -0.251220088271368 0.983883772869948 -0.0040577773030555 0.127935374671405 2.47318385961981e-08 0 0.860516690938678 6.61623379113401e-10
LRP2 0.108647555871144 0.366771813618797 0.143793628258639 0.108431411389546 0.000166582195462887 2.44709781480184e-14 0.000347735223598315 0.000296303244779549
PRLR 0.241378886649697 0.602802905733744 -0.000306625739374119 0.0937879080349947 0.000108592908532676 3.23088354362605e-45 0.993972905848522 0.00191046028558836
KRAS 0.219085435674091 0.233460384652566 0.0226200192914997 0.119537119521765 1.98985508191631e-11 2.58147999644904e-06 0.572471098554956 0.000132382892266594
SLC2A1 0.0631471938480533 0.734674594915624 -0.0259281785867248 0.133689599014812 0.063755262864723 6.51900191877795e-82 0.484721277546442 1.91641254591026e-06
ERBB3 -0.37225075361281 1.01787716765938 0.0506341091061267 0.0775451755812828 0.000381099427852096 0 0.187291088926635 0.00277277522335928
CCL5 0.141482479836291 0.183884419398068 0.00988156796953797 -0.00213983964232257 9.1284905835311e-14 0.000244170824076886 0.821578088969642 0.947897749038054
COL4A5 0.214589844152386 0.145993425423708 -0.00386245361455347 0.0589856649588341 4.09247194640297e-16 0.00595352128142224 0.925733771244682 0.057890100571324
CD5 0.0421089048776018 0.413611623397176 0.0672668611458757 -0.0346205249409084 3.91564554690758e-05 1.51358661076058e-21 0.131535583959371 0.32159233756303
VSIR 0.0720246683320238 0.542405645570765 0.0435227280250736 0.0797032385982264 0.00135594834785099 6.62926522191487e-42 0.251812706350407 0.011196428547549
LST1 0.0549072435247634 0.257881264125408 0.101390646269564 -0.00418182964958178 1.52916186306903e-06 2.4869123236354e-06 0.0304413453331628 0.898807099866087
HLA.E -0.245939546885588 0.992001825981071 -0.0126579708512457 0.0961785804935722 0.000884600602416407 0 0.689388122631815 0.000173598352278046
KRT10 0.0584343321177341 -0.0357137601037296 0.00560908857242225 -0.0417546494165342 1.79636886142331e-11 0.591559177368285 0.914579295420671 0.271968626235251
GATA3 -0.184837211178963 1.00734449333937 -0.00687034508149205 0.0543379655264129 3.4679204947116e-05 0 0.729612311509188 0.00426745312402589
AR -0.0995882660763974 1.02967111583461 -0.0532252975108153 0.109680457987806 0.00836031462898397 0 0.0710730446849515 6.03679544475024e-06
CR2 0.0370605110303435 0.0454565016120398 0.078108087348806 -0.0270883517688958 2.15578188402451e-07 0.467362979506858 0.101523163403966 0.433532145893562
MUC1 0.127821511659138 0.473521014450462 0.0895792852792419 0.132775557741947 0.000811811656956958 1.09100258667194e-27 0.0205386818230469 3.37277482179508e-06
CDK7 0.409349297797491 0.260920114077173 -0.00467712639341274 0.0743905730915558 1.2926406406092e-13 8.42094946220174e-07 0.913112876107145 0.0158751275836513
ERBB4 0.151372915735404 -0.0272527858929799 -0.0598753387559322 0.00864501810462476 5.2581319306326e-21 0.603556423712619 0.17591658960969 0.799353941541428
TFF1 -0.414257613861797 0.773624744533524 0.0302704822106593 0.300585409807359 3.00753906931172e-06 4.1737800601068e-197 0.330410765531032 5.23879978670132e-35
LTF 0.0334198354561616 0.559894454400597 0.0299554926293443 0.0460510122098301 0.00454656602452858 1.10429935000743e-40 0.452215680776666 0.1829639207923
KRT14 0.0452047712807186 0.0261954185737543 -0.0385631570496226 0.0271199686251566 2.89183936152975e-09 0.670498903489375 0.420392317375064 0.43739455672849
PTEN 0.130388379430623 0.314805345889444 0.0840862622248759 0.182417415214076 7.55169787112349e-05 8.91101171387237e-10 0.043340390835673 1.00740648603883e-09
GNG11 0.0858335182635671 0.27748052945317 0.0198437928503569 0.010284347935349 3.14004049112301e-09 2.99681693409457e-08 0.634764802119132 0.762333939685405
CCNB1 -0.119782941434127 1.08921904186225 -0.0359283831035292 0.0913431818171458 0.000257296384389993 0 0.301124998602538 0.000420828837172063
SLC39A6 -0.108458897105466 0.695771648090289 0.107819722620628 0.239277472534774 0.0610056604118299 3.73312660673556e-83 0.00378219866694303 3.90319048618565e-19
TFF2 0.0528025727097466 -0.0103367930013718 -0.0160886274527538 -0.0491109444518247 3.92611944551006e-11 0.871756751679558 0.706906833192585 0.174119395983806
NFKBIA 0.31232304463786 0.499539689476589 0.00402597798352611 0.164542805982598 3.15584446757931e-05 1.54605769804921e-28 0.922836189854866 4.19065412639161e-08
MYB -0.0473857292667253 0.729876105039296 0.171974470140099 0.117636414269572 0.124781080997656 1.08709063507589e-82 2.18613536239423e-06 1.83968191414846e-05
CD63 0.782834978465363 0.594413806222301 0.0354467682998821 0.0532152021359832 2.02544916858149e-05 3.73511556299759e-34 0.462545368305697 0.0790865700165597
CDKN2A 0.129242266085272 0.255359982577887 0.0102904938773943 0.13665359089184 3.21382998200764e-09 2.25610392955458e-07 0.799163587000853 8.7135374885088e-06
HSPB1 -0.412067803890398 0.843305198497728 0.0823682886364454 0.188820703409622 0.00669114481857433 7.17003883623703e-127 0.0411250515993996 3.5798544680705e-12
XBP1 -0.77450550446412 1.02414478216806 -0.0197205210068075 0.129183013202838 0.000203981209453647 0 0.56579488413013 2.05913034024535e-07
LUM 0.0231918024446098 0.861805165677461 -0.000116109421179632 0.018253482868015 0.249786468078716 2.69350542406907e-145 0.997691534926898 0.545065689741563
GNLY 0.0288534898865262 0.597745194351244 0.00237113940059321 0.00868126126217528 0.00507713275981874 2.21300908315645e-45 0.956552676943193 0.799873616957015
KRT15 0.12900552457939 0.0979884307699349 -0.0327534493609233 0.0562406538604768 1.88571574520482e-14 0.0915531052094778 0.458295176705758 0.0962384362991723
ESR1 -0.0795449017181123 0.80405945029525 0.112158939187457 0.123566446015547 0.0453248001677167 3.82258587249912e-128 0.00173362542771679 8.31067854508809e-06
AURKA -0.186340492295011 1.03633650678995 0.0741464477182082 0.0125233866101074 0.000102808157808409 0 0.0252144065572221 0.625892915005792
CRABP2 -0.0226925999408852 0.699698177717056 0.116994547670139 0.158221553305435 0.610133717639912 7.6183022795954e-87 0.00147047848149737 6.55706594012888e-09
PTPRB -0.0264819259639128 1.00520386742506 0.00878736687017054 0.0509968772641232 0.0917634888206676 0 0.80410806850417 0.0724458106711611
NKG7 -0.0223942594511019 1.09222551565772 -0.0124567425049913 0.0179442533630316 0.0991479461822579 0 0.746267329728358 0.542526808378457
KRT17 0.0322448542574429 -0.0356862366057318 0.0334344975001923 0.0174473771199604 2.18865212588641e-07 0.569585510215157 0.441155804088645 0.624567606303626
SLPI 0.07466649875301 0.458319877480392 0.139803202966585 0.138934020390168 0.0122455989099487 1.65994654482178e-26 0.000724251307584918 7.46884786746849e-06
XCL1 0.0882054520138614 0.0464733420677981 -0.0460687149665599 -0.00629979324241715 5.15622660134468e-14 0.438089632733526 0.305853400119936 0.857411648031336
LYPD6B 0.113434115236527 0.271612771087383 0.136461575123655 -0.0237429731779167 1.70407707616937e-09 6.3802390335049e-08 0.000240957204753435 0.451116755579044
MYBL2 -0.170662897532716 1.13646774271884 -0.0833286921390391 0.0766844696099638 7.08929317133506e-06 0 0.00282538227015504 0.000395686503933468
GPNMB 0.0251742070594736 0.818532732395476 0.00716919475747333 0.00228636177416445 0.112028480637817 5.23301166437968e-94 0.854701093655632 0.945127270778857
TFF3 0.174661879410334 0.329852890224854 0.0472347872106978 0.124735735204717 3.2215969954097e-08 3.97581394006289e-12 0.256136730963407 3.88824600441068e-05
HSPG2 -0.035619031077534 1.09143025658507 0.0279420936086743 -0.0224705866140561 0.0764681895850083 0 0.334590517188949 0.384757201130461
CCND1 -0.659399336577627 0.991097156308005 -0.0238617781223522 0.183469527766902 2.69134062594928e-07 0 0.465338392560961 2.58091434557196e-13
FABP7 0.14147113896763 0.100439645873863 -0.00130309500252403 0.0360768485454101 6.60484317639399e-15 0.0646073288099352 0.97566821053413 0.301328456289074
PTPRC 0.0240112547357355 0.871400734617259 0.0335804797449269 -0.0495907875550625 0.118564407820578 1.73763341267481e-170 0.349081584321013 0.110781805378222
CSRP2 0.0979632368918387 0.273667640206132 0.158405592859288 0.0382601552325814 4.45199132126346e-07 5.57954643754996e-08 0.000154009597647047 0.236756386838651
SNAI2 0.0180131893875944 0.70596591865882 0.129982696337073 0.0406877999583149 0.45854685677954 8.80315615299974e-80 0.000424573692596545 0.197163759285582
GPR160 0.0885409848760208 0.0394081765046032 0.0303228214762705 -0.00671198515512942 2.81307397280749e-12 0.490888894784502 0.553758871228098 0.842343357136285
FAP 0.065544310868594 0.29977921003518 -0.0436120757029298 0.00293160524043616 1.49471537540577e-08 2.14245924012774e-08 0.343015672102957 0.934124182462216
AZGP1 -0.711989337234453 1.03276680990484 0.016237461183973 0.083671562907622 2.27478225875341e-07 0 0.542937995663161 0.000225749740705754
ICAM1 0.0193344736045562 0.485640470367513 0.163469413760177 0.241502801416593 0.559385829320406 2.08514910654298e-33 1.81705162942408e-05 3.52433899034896e-17
KRT18 -0.429922948324418 0.96450276922178 -0.0151976677700214 0.159515949509411 0.0240173456430154 1.34592979040757e-251 0.715882042215301 4.26801586093566e-09
ZEB1 -0.123071924376749 0.891025606459714 0.0631558839037557 0.105393905382578 0.0410865034971807 5.79432728742626e-195 0.0780244791025969 0.000166065686499884
LYZ -0.102715896480353 0.88064729545924 0.0518374047451832 0.134822889224926 0.0271842294826203 1.0827907093562e-184 0.161855622254312 1.24701612512532e-06
NOTCH1 -0.0448653081416775 0.948884229346009 0.0401731420120116 0.0327909747077701 0.216580859280996 0 0.205533388991862 0.239731461584186
CCNE1 0.117997645271392 0.633066746827921 -0.0538553241818543 -0.0705445997004492 1.0018604670029e-06 7.2277721999114e-51 0.203716506482237 0.0302009518922249
SOX10 0.0612826404655576 0.0688948199445959 0.0287192087827866 -0.0575634585868018 9.32975505702805e-11 0.23919317146186 0.545894529457423 0.114017344519634
TFRC 0.226941295994809 0.420459593720811 0.0425889754154568 0.104697829366573 2.13885027148107e-06 2.47171190207412e-18 0.294430905724687 0.000409670715169404
ICOS 0.0371431237566203 0.169526669171629 -0.00979345695285246 0.0217003017286027 6.55574349358717e-07 0.00169888132143508 0.827790779983114 0.58143758423049
PTTG1 0.0077739239235192 0.995549396286638 -0.0222507666290896 -0.0302597032053013 0.710281883320434 1.24474110211644e-261 0.555007981207456 0.293057514214847
MYC 0.369865964233826 0.500576531237034 0.0679013470453053 0.0831077158408282 7.64898419163842e-05 5.42601060462658e-24 0.120975553215997 0.00516403891468322
CCNE2 0.0374542654286829 0.273666769942339 0.149548380148085 0.0603667478643979 0.00069053442849443 9.55432420392642e-07 0.000586323337270704 0.0931559584302396
CST3 0.352658513364522 0.242424330476185 -2.09758750738762e-05 0.109506774293206 9.45066522830664e-15 5.32735114544635e-07 0.999591006354188 0.000392135010202286
THEMIS 0.0536785670863083 0.249573418305617 -0.0770580712991784 0.00719417933431686 1.3933316324557e-08 9.11047779461025e-07 0.080383200461357 0.839162865364096
FASN -0.43991513602592 0.980984489103592 -0.0194765684666565 0.145942543035557 0.000315825765403658 0 0.539306696432289 1.34867463998817e-08
ZNF571 0.147874805314243 0.674070240386278 -0.0127957063165547 0.0427484838618786 0.00155066519439428 5.34037469788317e-66 0.747743441772008 0.156221922725541
B2M -0.248596750454296 0.80471788113244 0.0566944251123736 0.211078576857118 0.0169280394631937 1.23153389268685e-157 0.103854353142413 1.2353300273713e-15
IFITM3 -0.120665775930829 0.876600824419273 0.103412404507463 0.0938009841991326 0.00786530021327175 1.48066749033779e-214 0.00133003100887851 0.00028755292180327
RAMP2 0.0179587726462073 0.922185525788891 0.0282898064540809 -0.0697225514505224 0.222623724208331 3.83883421354458e-196 0.443584237595201 0.0319501716276783
NR3C1 0.0133037499011175 0.657864121858514 0.0880023029139297 0.174375142037386 0.761049087478805 8.76409594760731e-64 0.0232990797728678 5.3153163025197e-10
CSTB 0.146367626067407 0.0353070991722564 -0.0151817984553061 0.0182598503394779 1.82727819517472e-16 0.547394791395897 0.727157557784149 0.589213976897019
THY1 0.0161243754614761 0.756585457798139 0.0896814289623631 0.00374925869196069 0.319127732632372 6.63918580855837e-72 0.0223982526657912 0.909287991161454
IGF1R -0.180574981256745 0.939170115581236 0.0238694974629934 0.140279970135819 0.000186857862829119 8.96287759638025e-283 0.439546875872272 1.67463165089339e-08
BAG1 1.21850610130151 0.249620186568491 -0.0627777362638738 0.00926210597586069 1.43586581157489e-24 1.15225423840106e-06 0.160711739154817 0.763583130033157
NUF2 0.0224305813345728 0.756642734287613 0.0825023576566947 -0.0491776571232099 0.141956164921685 2.80969740289217e-95 0.0560941212142496 0.110471450029479
MYL6 -0.746919007164085 1.00190580198475 0.0244322945190611 0.125954362861672 0.00838722412526752 8.18979779989926e-198 0.579397579051218 6.57781482718008e-06
OBP2B 0.0409390023791383 0.016806614302905 -0.0549172441098515 0.111406909296203 3.06997314596596e-08 0.78521844427707 0.225260194733889 0.003254682181692
CTCF 0.113618021918563 0.841034834059332 0.0342857690455985 0.0638963523880521 0.398521503453414 1.35754604913312e-111 0.427618652565124 0.0273574766055865
IGFBP5 -0.0907419692214929 0.930719599411535 0.0583337325896437 0.222909192666841 3.9267946091099e-05 9.39306316347638e-245 0.111385754544282 5.80509721789056e-16
TIMP1 -0.136511682026548 0.89841593104572 0.0459366273432734 0.0910230019920899 0.0760757037210728 6.19368782559373e-275 0.211121552215492 0.000939939383527555
ORC6 -0.0955020785650473 0.970622486998389 0.0566450314171929 0.0610584746953856 0.00965068818870873 8.51489927307487e-252 0.119022007520219 0.0256582189633919
PABPC1 -0.558445275680225 0.925569288249602 0.0532025469724182 0.16182987332692 0.000662273151463468 1.22295754392462e-178 0.180235066779684 1.69378301239845e-09
