target intra.RMSE intra.R2 multi.RMSE multi.R2 p.RMSE p.R2
CTLA4 0.55190680257135 0.0196483859711316 0.551885550042997 0.0240353371923152 0.49978818611926 0.40220959643484
ACTA2 1.18226249533195 7.4270183253926 1.18249796264109 7.38938886662507 0.503431359382015 0.510666983720484
BANK1 0.986262135674932 0 0.986523407184419 0.00213206221113205 0.501218910430825 0.171718198068957
SOX18 0.760212139093559 0.450365496586426 0.760347065519111 0.484613607165857 0.500550685106443 0.463182363662621
GRB7 1.00593792209045 0.0123177381296713 1.00619650069194 0.0122264328593402 0.501531927892391 0.502459373101575
CEACAM1 2.30052890253899 28.9989810008086 2.29947333863299 29.0595319309698 0.488127935427221 0.484812567265158
TMEM45B 1.43695869113002 0.479808546692706 1.43175788108874 1.19377603634752 0.469808864074857 0.0245006441327992
CD14 2.08815560658362 6.38704515521283 2.07974392456769 7.13837844830264 0.367520096421202 0.103411929053379
FAT1 1.68033578053357 0.533846493253475 1.6801868416168 0.580410021041088 0.498802480141051 0.420030983834169
CD68 1.25244275806356 0.263300057016143 1.25273706711882 0.224477212597962 0.503139294095729 0.659491020260798
IL2RA 1.43430675551955 0.0622729693323976 1.43410791124015 0.119599858001442 0.497529255405526 0.137345483348377
ACTG2 0.467288393375792 0.119106383107581 0.467322775933485 0.111357846675987 0.500207292346282 0.536379350456359
PBK 1.18433820557909 11.5204112806646 1.18432498961026 11.523091533829 0.499908129917873 0.499607899684287
RB1 1.98664731923719 0.981441228218243 1.98410944684297 1.21956831189515 0.479037986674895 0.222166617462436
MAPK13 2.79580809105768 12.8051817461973 2.79462618681273 12.8821404118945 0.489024153644672 0.467922583446848
KRT19 2.21350766124044 73.8755011160327 2.19495507286155 74.3071001982854 0.376986099014143 0.381914347698695
PDCD1 0.593933750253718 0.00684423010055335 0.59396414414232 0.0188547840615683 0.500244062742504 0.13999387893128
BCL2 1.89171735252019 2.99638324574445 1.88899980397388 3.27311440998474 0.468360156085973 0.243741542778701
MYL9 1.95956540053357 8.88584065935892 1.95932309844794 8.9053554228903 0.498698210690007 0.49394914151209
GSN 1.91898562026753 0.905811525922254 1.91542185984934 1.28669693177783 0.471135322764412 0.166569346567369
CD69 1.25225027651844 0.0967880222428086 1.25262580971284 0.121818533353446 0.50405363027946 0.382526194392976
SOX4 3.17719384283121 30.4907026876948 3.16795293582507 30.8941867015322 0.336694049546926 0.325861816862523
CTSL 2.02359757100422 0.0468894916019502 2.02340080655347 0.0680241369156764 0.498743339274091 0.321033017305001
CENPF 1.60528225851514 25.03508729882 1.6027806614018 25.2569827047299 0.480332002018965 0.471639066621672
TMSB10 3.45418131633958 20.2443061812865 3.45245294022684 20.324192138191 0.47149300453663 0.472109191802055
KRT5 0.734296171247956 0.000933841057694229 0.7343533228603 0.199513084556556 0.500382346839223 0.103027854904965
CD163 1.59626217690859 53.6975278315294 1.59579367566471 53.72373467307 0.496073090116981 0.494870862559866
IL32 2.69810173316331 30.8829650470637 2.69597931380727 30.990739129694 0.463922016582887 0.467413542075807
FCGR3A 2.05805946299425 16.5257811608497 2.05828582373452 16.5064041557871 0.502264855254018 0.504354357507292
PDPN 0.638515936874322 0 0.638657340730869 0 0.500883134352241 NaN
MAPK3 1.57251338309371 0.718207466110313 1.57217096386022 0.756629321834599 0.497056906761145 0.452160736582938
CD7 0.702152733827463 0.138550535878852 0.702210140784279 0.218394898394336 0.500585729310878 0.274586246728138
GZMB 0.795594201138581 1.94377975297349 0.795254252052261 1.9276761945916 0.497598204874734 0.506358428057206
CXCR5 0.561841898635986 0 0.561964617771473 0.000890299253452076 0.500654424992746 0.171718198068957
RPL13 2.35081936873817 0.246113642468481 2.34975157814868 0.359931874094526 0.485753855198641 0.158713435524498
ACTR3B 2.15983953942203 1.10566945004255 2.1599975338262 1.09457242662185 0.501921050791219 0.513358092682535
CD19 0.56509920743585 0.00150237934396502 0.565189305832932 0.00317265111344667 0.500516108882952 0.32110145584836
KRT7 0.819112043838415 0.01141606688707 0.819218485768989 0.0433074294863212 0.501203933295427 0.118454925738543
BGN 1.86657627962964 54.3448192676128 1.86630779643363 54.3666851285583 0.497104512895243 0.495785181249815
FCN1 1.06093911787042 15.4102497325584 1.06121500798259 15.3705145219528 0.501757560365818 0.504965501543575
MYLK 2.43869367341777 31.7839900504931 2.43731326804798 31.8599557555459 0.484609760099638 0.476191347999077
IL3RA 0.926178525048265 0.368597934025128 0.926427736112564 0.339012385292623 0.501426385857033 0.550441772893621
CEP55 1.58058201507984 27.9784948376871 1.57925036055775 28.0927485922936 0.479602516778007 0.481533920072603
TP53 3.20489255647767 4.12507957540576 3.20514540790835 4.10966279054047 0.506410498145596 0.508681991994879
SPDEF 2.56753055404348 26.1915789276062 2.55969900953672 26.6374466787879 0.368900063016368 0.271245050502696
CD2 0.78134073611043 37.1723619738788 0.781466223320879 37.1514206076462 0.500948881266074 0.501246381276747
FCRL5 0.607757137106334 0.0710623998528592 0.607819793873265 0.0732799285489738 0.500769875909273 0.479031204481931
RPL18 1.52618826242747 0 1.52649942392235 0.00129604053399457 0.502169217166879 0.0842831931973126
BICC1 1.02674668023194 2.05714467182164 1.0266407330081 2.09466406072039 0.499176167786697 0.48257932523546
ADGRL4 0.851540975467199 0.798798054989039 0.851819263340425 0.743074661029458 0.50228487260538 0.549933537784144
PDZK1IP1 1.31573844880425 0.000136501247927079 1.31587568427714 0.00571776197530127 0.501117938605837 0.177304820805731
IL7R 0.747304169117714 9.3073294831492 0.74748813322822 9.27436301666928 0.501080271501922 0.505481637779148
CD74 2.65765349230765 39.6030498805373 2.6566717421481 39.6385463244841 0.492870247137622 0.492481649107179
MDM2 2.47920225621205 9.73070216209533 2.47139803167757 10.2992681589 0.366097919011167 0.302977403446939
CXXC5 2.37066567444884 1.9040479316916 2.37018636285569 1.93227415088282 0.493553113834107 0.48244349808316
CLDN4 1.10003197240731 0.156806355711583 1.10016861248841 0.094447115874462 0.501053967437747 0.741635981242959
HIF1A 2.60796971646537 2.97881084976717 2.58835580314298 4.43808588536023 0.322677194311959 0.000429639147203306
CD79A 0.494590791291218 0 0.494737354380539 0.0561138244179726 0.500844519344904 0.0868134629095281
CD24 1.23364161216968 0.990088855902973 1.23089731756291 1.4764046305744 0.480158607907708 0.108701331053682
KRT8 3.20654485944291 29.4371020691033 3.20515410540425 29.4998939999707 0.48088080570156 0.483476994275861
SPP1 1.07065382505518 0.403267143293595 1.06885373775925 0.631238801643186 0.485672611845995 0.0973954192520045
TPM2 1.83242146764341 5.40152420913144 1.83082508249072 5.54971831548293 0.48543163362811 0.454220663997703
MYO10 1.60420828308079 14.3833802458243 1.60407257683569 14.3887466710989 0.498977577036323 0.498824301194958
DCN 1.05486822311645 11.869048879164 1.05521593032412 11.8099537959793 0.503011987276283 0.511068038426597
BIRC5 1.36463413755595 11.6722055298256 1.36470715626372 11.6651778149628 0.500730676883839 0.50268648329944
FGFR1 1.9247392654084 83.0692683669099 1.9214466317571 83.1263566650056 0.472427327505871 0.473612045893255
CD79B 0.707095523054033 0.149969621392632 0.707173698297841 0.151861128546183 0.500670302879728 0.490557050856762
CD274 0.593319796257419 0.0232698907532947 0.59345359226875 0.038346554837656 0.5007023156949 0.271184842013469
PECAM1 1.24739315615687 23.5397001381857 1.24738477635789 23.5261964808146 0.499924420460099 0.501531029881634
RPSA 3.07659401309707 0.67698775084851 3.07643614785761 0.684662205093775 0.497998129854323 0.484389885968412
AGR2 2.49513836142884 11.4532805065134 2.47202559788673 13.1144110906743 0.237161981405175 0.169032706671826
CLU 2.38942626367291 36.0456012474066 2.38191095248504 36.4331954042397 0.389030009390705 0.408343567463423
TRAC 0.792767071979568 5.95722990182903 0.792915629612627 5.9289489547995 0.50108449565088 0.505589942807385
ISG15 2.6650018892153 3.3011262774667 2.6590410126225 3.72644273671661 0.411738178580297 0.263527833239232
LAG3 1.47586265514247 0.187454968769961 1.47571526273176 0.208093161960463 0.498507677649544 0.409281296544038
MELK 1.48957676902167 15.7696543345842 1.48946827514532 15.7806749269907 0.499143888995497 0.49738235588755
PGR 0.474882545309183 0.0145622328414563 0.474890147254776 0.0412095360665221 0.500057168671749 0.208330966300683
HLA.A 1.60344270811964 0.212085490528304 1.60392927215301 0.22418467682338 0.503237021113867 0.467734988612696
CD8A 0.815484659982389 0.176938872203239 0.815505420111215 0.183735773014678 0.500175795350823 0.476869531766286
DERL3 1.40075384890201 0.0942147421135986 1.40101191214242 0.067515435975346 0.502419939825553 0.720791690637597
TRDC 0.623117002189946 11.7170726927673 0.623078254684878 11.7234161238419 0.499684959832472 0.49944851265172
CD34 1.44408153971499 37.5418810487257 1.44303523377475 37.631754961104 0.492329559527547 0.490037306955721
BLVRA 2.38200810497142 9.35976931951617 2.38089442273061 9.44143291508298 0.488851391546587 0.467277986830715
STAT5A 1.38306090012125 0.78304015730292 1.38337369485655 0.76012346158047 0.501810045719964 0.524647684226148
MYO5B 1.60884325799722 1.0756674731601 1.60912492033018 1.05887183982228 0.501646879770209 0.517594682239053
FGFR2 1.77163403361551 20.484071019268 1.76949418785735 20.6849463625448 0.47710079454663 0.470636573611804
RRM2 1.36872175375389 25.0141329937213 1.36946006512041 24.9353168825427 0.505377259470101 0.510546652565863
LAMA1 0.751277494503303 0.0426683075036027 0.751279682913016 0.0518657066159856 0.500015488652084 0.401690141395105
AHR 1.73486239601863 2.19067981693995 1.73209470487403 2.52167487592291 0.476736393769241 0.321950651129205
EFNA5 0.578400161182279 0.00136906090764888 0.578342129732681 0.14060345012025 0.499556305087869 0.0876358614565914
MIA 0.85819995488019 0.0234820513640455 0.85841720639665 0.0151390543320418 0.501187122867144 0.692382856087513
COBL 2.86910213220196 4.65249817181331 2.86595593551142 4.86089277835952 0.465693182729099 0.275298568574107
TSPAN1 1.41286093840934 1.3490057857404 1.41263475080702 1.36468801167386 0.497432214863803 0.47866354208366
CD36 1.23162127903331 11.5424432949637 1.23133976114232 11.5869575559998 0.497748249524344 0.492697676394041
PHGDH 2.11498204763113 17.4223868280446 2.09848503103699 18.7126561665886 0.318512777226272 0.221445070653862
BRAF 1.1964258292072 0.0801970949181285 1.19643045445789 0.148303287911598 0.500030576459053 0.257426396195664
CD9 1.40119927485616 0.00218254006643215 1.40155603179425 0 0.503179922322834 0.91397835681256
ISG20 1.94138587021109 0.110506675936465 1.94129519709774 0.141687388780719 0.499492598547903 0.358870309983758
FGFR4 2.2908766724943 10.4156118535712 2.28957971209095 10.5166732843691 0.485907773084323 0.463109794187589
AIF1 0.824563058738485 0.217784351101781 0.824547575389616 0.229216933450271 0.499878854129509 0.462970920560974
LAMC1 1.8952149331235 0.506301532895468 1.89544778107741 0.484745403150102 0.501150843475347 0.5372685625497
CD96 0.671573156716432 18.334788309624 0.671666389486052 18.3374228411806 0.501464018946674 0.499840764405454
S100A14 1.8800502788262 3.27782117461048 1.8766052404733 3.64258482630395 0.46631564914197 0.251422611216991
MZB1 2.28942577915651 12.0344521870549 2.28829449946303 12.121283408294 0.488901121152051 0.466433891771033
HLA.B 3.05787978181413 13.28570024344 3.05436584117592 13.4837084037257 0.431886111330327 0.427190094559315
STMN1 2.82159030807764 29.7628700845373 2.81936228685545 29.875680111724 0.478071778244752 0.476600181991516
CD38 0.781514237417342 0.00138467128273478 0.781618113223932 0.00599529978608793 0.500574016878501 0.178162318224219
EGFR 2.38028105403299 25.5805542762094 2.37978464513614 25.612818838679 0.494546183561587 0.492569303420539
PI3 0.711424435723583 0.00462902462726178 0.711408959662936 0.158035306002172 0.499908089440931 0.0333748412915875
TTC6 2.56294048766145 7.72946867185621 2.55192098945821 8.51194579270225 0.391666171483002 0.266475794936564
MKI67 1.76580106890983 44.3832266230562 1.76623033085076 44.3570875816309 0.503954043340789 0.503709669353406
C1QA 1.46045431502836 35.8661565338981 1.46062303887197 35.8468913804852 0.502001437078476 0.50248864875334
ITGA6 3.06393878512071 22.4731328378587 3.058120735933 22.76540037027 0.399110268709904 0.373462168263229
CD3D 0.785322983747273 7.54291960832999 0.78528308833086 7.52169303233082 0.49964623018462 0.503018106276488
LDB2 1.48843788968075 57.9926822081845 1.48869882802281 57.9769320098678 0.50209245673152 0.502947863052883
CDC20 1.43596738677577 15.639619450008 1.4360012899868 15.6306746216081 0.500500493462965 0.501693510568547
S100A4 1.51518328817231 0.192734576372383 1.5153669836466 0.173025428720925 0.501620519545192 0.572275205482202
TTYH1 0.474238150750023 0 0.474394675975792 0 0.500849155513066 NaN
FN1 2.23786114801942 72.4180330937405 2.23379159099314 72.5182081104652 0.447872426768305 0.449210427188994
COL1A1 1.89454228438468 54.95990088529 1.89463803804055 54.9540970828703 0.500591026255969 0.500828173114073
NAT1 1.45009960828775 1.39561201084845 1.45049642856946 1.34232663339113 0.503189617616981 0.535756467636014
AKT1 2.82995634161468 3.68103160754538 2.83011478524874 3.67024840149387 0.501973383296845 0.509075304593779
SULF1 1.26654887616972 0.011707194743682 1.26663975733936 0.0252996629695723 0.500497306211201 0.287389092174043
S100A8 0.438565170382238 0.00399700281689119 0.438607948620998 0.00320398841937242 0.500231009675988 0.600145667272761
HLA.C 1.5849285751209 0.0752560445639261 1.58490767173582 0.0902216318851501 0.499846490806012 0.414088840880294
EIF3E 2.17195984918361 0.0442169375535151 2.17088424387877 0.0907085602055457 0.490125712132361 0.162991070660773
CD3E 0.847228426749935 30.3656214291633 0.847508881090512 30.3236056685919 0.504680802985621 0.503824970614504
C1QB 1.33988267033525 40.5378976010328 1.3400431417963 40.5241801478457 0.501267707758822 0.501718282108903
ITGAX 1.40779429913942 44.089827163389 1.40757600643311 44.1045343368075 0.498127424490678 0.498177278221815
S100A9 0.433646339843069 0.00676991796958903 0.433810087725532 0.00490056234406011 0.50093105980465 0.607067721984125
ALDH1A3 0.840428256509969 0.660075573176363 0.840491361648071 0.646420551200683 0.500414327572066 0.517326954544702
PIK3CA 1.69843978644762 0.555134397499542 1.69615624491095 0.754381494212417 0.484877414508549 0.257212757449222
NCAM1 0.754814741542313 3.12875239157915 0.755041889959352 3.08423915034023 0.50173505142811 0.513118066796474
MLPH 2.6593285404591 37.6533667034354 2.65926316889331 37.6563281419624 0.498837856319065 0.498626719643046
CDC6 1.42291811923195 1.9656611768368 1.42180205482474 2.19593966883361 0.491106141265052 0.348274643703092
FOS 1.88039573551435 12.9029778284463 1.87810703957725 13.1190723294167 0.479179272687057 0.461629511872142
TYMS 2.65401684016668 47.2061182135209 2.65153632062239 47.3030239085336 0.458993365808074 0.465910412250006
COL1A2 1.50920732793498 64.8233991533557 1.5094216682132 64.8143955604085 0.502072507456813 0.50170741297055
LGALS1 2.73782329541836 4.67356295619896 2.73434110933613 4.88491445869788 0.461366321689794 0.421587116872741
HLA.DPA1 1.44062351901366 31.0437999787914 1.44079474034771 31.0288751184599 0.501351203052919 0.50172382356774
ELF5 0.894210293125621 0.000234284612159463 0.89437487408173 0.000727274271384859 0.500874435172951 0.266100656113609
CALCRL 0.878148230034068 0.995384499674342 0.878343903117644 0.984752623278096 0.501371928798468 0.515244118958348
MMP11 0.883447345954999 1.79496099339967 0.883862391306646 1.73403711384887 0.503231172035485 0.549920855677271
TAGLN 1.68623967898711 0.74646113089887 1.68624417870676 0.75177112544517 0.500039458495015 0.492675669581222
CD3G 1.60361463287709 0.0738492289180193 1.60369838985987 0.07019464759078 0.500515989605865 0.518001742229849
SDC1 3.00785475997535 32.0281926686119 3.00401611439751 32.2018033483476 0.459184723930688 0.459884358239826
JUN 3.5909576436203 3.52434729709576 3.58661699870393 3.75800411958018 0.371916914835012 0.307832968371395
LGALS2 0.705854002558406 0.00470127503142792 0.706020587407969 0.0176920866099706 0.501236954740378 0.166825263087992
ANLN 1.75365244312724 37.2027778730324 1.75419414089954 37.1622057462414 0.504743313607643 0.509605000411111
PLEK 1.31204439721314 20.1511685628243 1.31233670996474 20.115262140004 0.502848618748362 0.508301009198083
MMP12 0.434576149291864 0.0178317605049261 0.434613999057155 0.0222016848224271 0.500215233290637 0.309023196218329
NDC80 1.37242579400418 23.8657260825304 1.37197187863706 23.9077022884497 0.494709737766622 0.488485532564753
CDH1 3.0146429829853 43.834393274689 3.01136851694772 43.9567985821929 0.452908750740669 0.451497379960588
FOXA1 2.99662427003453 44.0359771488737 2.98970044252091 44.2919394969767 0.436046327768687 0.437352649592635
COL3A1 1.37958610860951 60.2213889890125 1.37999911756205 60.1999774696655 0.504721803462244 0.503279436624549
UBE2C 1.29260358383734 3.25317266791361 1.29283988690407 3.21706779025696 0.501751070872201 0.515105721379159
SFRP1 0.678473360306734 0.821217913249925 0.678498446306576 0.823380316393044 0.500178738395294 0.49718661981432
HLA.DRA 2.02073446156904 32.3558273534778 2.02126998637156 32.3185494773325 0.503915495356626 0.508160191637043
CAPN13 2.11718203410769 11.1490308171668 2.11224261460347 11.5687058661822 0.460355912816976 0.360350485494816
MMP9 0.542973344437572 0 0.542981551718983 0.0013744009089689 0.500068204092515 0.171718198068957
CDH11 0.698755806965889 1.17054030962283 0.698454399642155 1.32055609564552 0.497413943117771 0.370081100398407
CD4 1.51075301910727 12.2794606173345 1.50981747976028 12.3832819875843 0.493817953969177 0.477981025141679
TBX21 0.880926943107303 0.0496654476452407 0.880978245634557 0.0504398383227023 0.500278012352183 0.493084518473818
AP1M2 1.5078807254969 1.57042036883576 1.50716428747611 1.67058709815539 0.494938366901697 0.411290098353283
EPCAM 2.9274448123823 44.6917811620921 2.90389674409571 45.5838265582874 0.266836311936729 0.268851505285013
FOXC1 1.1863857732789 4.43646476895898 1.1861739432921 4.47762485558959 0.497581831341594 0.48827083615981
JUNB 3.33047316395744 16.2512242825072 3.32732565529175 16.4081477143296 0.46390271673722 0.458263592280413
CCL2 0.811828559963484 0.984273068071853 0.811821008376979 1.00321565071217 0.499959735468962 0.482178332421858
CDH3 0.407937245596201 0.000288515078715745 0.407984897970315 0.00196772059590455 0.500250668857207 0.208537334131834
PLVAP 2.03421129697733 14.5147223373149 2.03446575068205 14.493223259283 0.503025339725346 0.506915123942984
LGMN 2.97426487832067 3.70596813360147 2.97438978970505 3.69440288078284 0.501382195501668 0.505782714198294
UBE2T 1.81108118646382 12.7113630867421 1.81102123461112 12.7144137874128 0.499441529342823 0.499201154739374
NDRG2 2.59607318475802 41.0355875998898 2.59403156423267 41.1322068678359 0.478500831795517 0.476353119543499
MS4A1 0.790536589315086 0.0243196270651358 0.79049523252744 0.0339281863446017 0.499722883710984 0.329812689681413
COL4A1 1.66623725066776 65.964452527738 1.66651748224421 65.9540946490609 0.50252979907658 0.502049325509176
CD40 2.01511281458037 9.59892114702865 2.01380048689004 9.726868226941 0.474487275124091 0.459188448864174
HLA.DRB1 1.7363544461732 7.16786749453116 1.7371278769188 7.08602318578969 0.509945803697763 0.522227265235057
SIAH2 3.09894179506515 7.16372520678603 3.09908717365949 7.15459206815933 0.501548773828948 0.506179930858048
KIF23 1.45788908222449 36.4681198621405 1.45847387133621 36.4125377360837 0.504421678008703 0.509437647960944
POU2AF1 0.664549417439197 0.000105710550938332 0.664681730233666 0.0198925750368317 0.500873018467779 0.0869697185057198
FOXP3 1.53437992762159 0.041302487463587 1.53261301954968 0.296459546880062 0.488591839852444 0.0485892837789746
APOC1 2.87674700815082 51.0917632558814 2.82158174547783 52.9484858139932 0.0486610216154754 0.0480877822866582
CCL3 1.63596654461527 1.52761157247779 1.63458191205979 1.70222177904929 0.488118246383588 0.354947613835776
TCF4 1.62559991282782 0.80719997526289 1.62512992282738 0.88120893922947 0.496296790436706 0.35668781205619
ERBB2 2.18138267384864 1.55169324465554 2.18138250645862 1.55252620355041 0.499998021438872 0.499231867249333
CDK4 2.61948308713355 0.856058275611146 2.61962566704954 0.845749560865352 0.50158587981778 0.521065699976232
MSR1 1.17435119848831 13.2976286774417 1.17445998245569 13.2732442440229 0.501580347544152 0.50373924860624
LILRB1 1.23080604388618 34.6794177962928 1.23129173314368 34.6295527411757 0.505661907117568 0.507908456363339
CD40LG 0.79037586706863 2.4743651335712 0.790475677559972 2.464095843164 0.501560978396659 0.503617224099255
KIT 0.588797389993065 1.3117620840823 0.588952334187145 1.28074928679298 0.500913259880503 0.519505706755468
VIM 2.48352430573514 50.1541144872447 2.47926494256015 50.3245865196826 0.45659728103004 0.46512763138481
COL4A2 1.57834003841592 63.3021985476604 1.57847666754144 63.2935038220912 0.500942240867214 0.501379678067385
TCL1A 0.39993158484361 0.0199215948900289 0.399987680682281 0.0191439316775299 0.500268895941751 0.512275434915497
HLA.DRB5 1.61860994812545 34.4498889183886 1.61878067332656 34.4360584117594 0.501363316624898 0.501816186522167
SKAP1 2.15602719784642 7.25131324743394 2.15174006060369 7.62823447395047 0.446770417071482 0.339652971411201
CCL4 0.837254079972473 1.40248441808368 0.837372163419706 1.38718618276971 0.500558855709126 0.506828052940765
FXYD3 2.61943501730935 21.8299082776623 2.61622144420962 22.0212159907862 0.464751728498905 0.4439313742097
CDK6 1.09055691101332 0.125782962082847 1.08951777321693 0.312935625311958 0.491675393610837 0.0899866649720484
CD44 0.958161429511746 0.0794384650849689 0.958521691679446 0.0219830773579344 0.502376061485773 0.865047427847093
NF1 2.51178334011027 1.85615745894415 2.50917773904861 2.08501724336368 0.480017241873876 0.324336637682824
MT2A 1.7397394232408 2.64317146355482 1.73110821326067 3.61799930456731 0.443745946083822 0.161326715054933
TFEC 0.727595612297675 6.38786970138755 0.727818044102056 6.31092494853546 0.501485788625336 0.515036721998535
APOE 2.4873553893116 52.5777287572863 2.47973188055171 52.8667027023249 0.436168514233413 0.428775848712851
LRP2 1.53885732753002 0.811058865778718 1.53674987583933 1.01418399912646 0.489134814601305 0.329220742530062
PRLR 2.40270226882932 2.71109521062043 2.4015821410666 2.80369049685059 0.482021005803651 0.439018565939617
KRAS 1.60722245902978 0.308006894869224 1.60620686256335 0.433857054403941 0.492223923725368 0.206248131834804
SLC2A1 1.93192574914549 6.45954386782375 1.9297864948439 6.67148800569405 0.48314959715736 0.359842240566912
ERBB3 3.08597111417363 22.2980942325678 3.08376028894048 22.4078630881346 0.45817924858257 0.458837841742723
CCL5 1.11133174447075 0.15051568434141 1.11145742753292 0.135420767718628 0.500657248739348 0.574086216664226
COL4A5 1.37837184889775 0.0600443967798825 1.37851964550842 0.0760960974887703 0.501209232205859 0.38219906864548
CD5 0.752054967487492 1.51385598962626 0.75222526557386 1.47258645832416 0.50255924859814 0.522087804061977
VSIR 1.34236837642706 2.08427426260958 1.34198200840413 2.1074289049997 0.497327940437822 0.489367082002904
LST1 0.78848494121048 0.332459883846649 0.788960615868856 0.241821793342197 0.503674002530367 0.7502979004132
HLA.E 3.10622258119966 27.6224113263889 3.10377211863706 27.7355377198155 0.443872322877986 0.429141708744016
KRT10 0.607369919303053 0 0.607373517398881 0.000652370372733468 0.500024025316175 0.171718198068957
GATA3 2.36765566862045 65.1495292511008 2.36741956787128 65.158738868795 0.497446255612426 0.496783374469993
AR 2.20349736278234 33.1457200197237 2.20221913701029 33.2200541559595 0.483181089369222 0.478926069128973
CR2 0.523265684633229 0.0026791088878686 0.523308041970287 0.00327723476065689 0.500260545026482 0.444631043534075
MUC1 1.9455843510275 1.80883112527491 1.94225641286729 2.16138279772628 0.466155536451617 0.30671452687486
CDK7 2.05121873767588 0.299787144397243 2.05106653344762 0.31263326443816 0.497713437464793 0.467229828431145
ERBB4 0.989684520221882 0 0.989733776556456 0 0.500385795449732 NaN
TFF1 3.40229585563351 26.1042844169927 3.36060055876328 27.8994475560411 0.0816793905524541 0.0905389336454718
LTF 0.841655965969233 1.65943167428567 0.84186060261851 1.64328541366682 0.501258118281977 0.509747296502262
KRT14 0.549221647755001 0 0.549292857589942 0.00430460231842011 0.500436833758994 0.171718198068957
PTEN 1.59203119549187 0.493375258650317 1.58800206671292 1.07142137082597 0.469808894945432 0.0295749042580463
GNG11 0.944129532659172 0.350061914483661 0.944504736097145 0.300994255120914 0.502326406087072 0.575269051505236
CCNB1 1.77808563206842 24.5062237157631 1.77704890423815 24.5979147551742 0.489544202280533 0.485571631780682
SLC39A6 2.648124852065 8.41269577107684 2.6298033094535 9.66436554721615 0.350485908789016 0.112492528902826
TFF2 0.58766502463829 8.71459697060484e-05 0.587629405367877 0.00148121646390997 0.499681477091877 0.143123864854852
NFKBIA 2.59632607864594 1.71629571117139 2.59194145336511 2.00231035582379 0.449730101201005 0.301692305829375
MYB 1.84012070249083 8.28952051936456 1.83499077236929 8.78789786986649 0.456795084238052 0.271095267914819
CD63 3.5221820095605 1.83379182053764 3.52198833391501 1.84432763246697 0.494906018338078 0.487436418795798
CDKN2A 1.26270554270995 0.273469955502589 1.2618230364571 0.482827987355802 0.494141157393421 0.13014352118316
HSPB1 3.66032328141406 9.78115502250472 3.64573829174013 10.4963181144629 0.240294028678447 0.241164902791132
XBP1 3.11187051349841 31.3781177887797 3.10667820023973 31.6032984554006 0.452928078636886 0.448651821653169
LUM 1.2649357796492 7.49227760459159 1.2652086247232 7.45436860271901 0.501532916802218 0.507833852387048
GNLY 0.758869104372322 2.44103372667652 0.758966390476182 2.41928673052319 0.500608064725693 0.506905713762297
KRT15 1.01766835808588 0.0554670511352973 1.01760202037624 0.0403895918496233 0.49935734284897 0.674162475345535
ESR1 2.18847823284292 11.7450705871893 2.18339335339441 12.1468554496398 0.449078302082382 0.398682180409317
AURKA 2.33774064543572 26.4411869416366 2.33785866592463 26.4318062807409 0.50125282281126 0.502316674393027
CRABP2 2.36141932302283 9.23299878767734 2.35340061595743 9.85245387565058 0.429442774884201 0.281357049063975
PTPRB 1.09849834005683 17.3962382913073 1.09877886496458 17.3557476979575 0.502518423629936 0.504624979321892
NKG7 0.955363565239457 19.0117301773673 0.955491718143727 18.9898955577962 0.500978674335841 0.501617849730896
SLPI 1.61270106485885 1.58905828741875 1.60953103141437 2.00269786168986 0.468997900029589 0.216232538391118
KRT17 0.437031976666187 0.000901160461349582 0.437117232487567 0.010115179669985 0.500339935978772 0.109656810513829
XCL1 0.780918249478798 0.00252382335511503 0.780965441895999 0.0157915786773322 0.500406031673626 0.0654831949781756
LYPD6B 1.17038094609313 0.398978271778111 1.16965562040394 0.497649054966367 0.49537742374275 0.305322005963094
MYBL2 2.0236373907119 44.0311919757824 2.02239842763785 44.0993764080972 0.484717393749252 0.477920886407968
GPNMB 1.04683106209711 4.912784147759 1.04716946724148 4.85073753262976 0.502679941527209 0.519107671039101
TFF3 1.61672124225564 0.619895097966788 1.61534139597815 0.768027863195101 0.493540272868437 0.316133958127138
HSPG2 1.30280406719501 35.3248583035322 1.30325998067367 35.2737898807693 0.505610918885467 0.506136402034197
CCND1 3.45338406238446 27.8184559874002 3.44139905851821 28.3195147143185 0.277658234406165 0.268650335332784
FABP7 1.07588441380963 0.0263255281179686 1.07611284777838 0.0137010965781315 0.501601385441834 0.782321863611682
PTPRC 1.06528186294051 8.96076873485432 1.0653763066595 8.9649157807156 0.50073414312617 0.499231148575212
CSRP2 1.20802977610964 0.489030453757778 1.20705942914815 0.668964905369461 0.490535299621538 0.222079630349348
SNAI2 1.45432799506626 4.70094619132707 1.45350773556218 4.80087424948284 0.492569076339771 0.464956397808915
GPR160 0.812856085564111 0.00326102210293056 0.812956806600334 0.00011633779079312 0.50090795165615 0.819857425354161
FAP 0.787303555424427 0.318703041751461 0.787471198301208 0.290829693497984 0.501156346581061 0.559492642426685
AZGP1 2.83480836800426 48.1397368392281 2.83173590954641 48.2508036373007 0.464333724956842 0.457820605646579
ICAM1 1.8794745466944 3.51280239836437 1.86699857969064 4.79590372887031 0.355815257929014 0.019620774321505
KRT18 3.5772563826381 14.4593735600069 3.57051789900346 14.7806865261403 0.316113748016449 0.313545363239362
ZEB1 2.5715191949621 12.1184226967557 2.56869280665429 12.3070900442389 0.469407215565113 0.444195003828016
LYZ 2.16741730846842 10.4835821709703 2.16444341832504 10.7189194091414 0.472609934522495 0.42773528843322
NOTCH1 2.06406509534003 23.4590373159808 2.06445191506545 23.4311520027099 0.503267454245744 0.506061861146227
CCNE1 1.31664470710243 2.47958801901606 1.31635167305887 2.5228858987249 0.497884085801869 0.480873847207569
SOX10 0.664608164951664 0.0196417895169398 0.664604520843299 0.0308243155099952 0.499974116695071 0.235632717738231
TFRC 1.9837693811031 0.907063931724787 1.98282963314232 0.983260319545569 0.491661284047941 0.413470845204115
ICOS 0.563793815734207 0.130243859056988 0.563922080105351 0.10779452793332 0.500951834157113 0.612585282828294
PTTG1 1.28844554904175 13.5778065226949 1.2885736164767 13.5561180007586 0.501625689795691 0.503252402371757
CCNE2 0.746728677288625 0.284341094905001 0.746856553298714 0.339400860607995 0.500878373525207 0.391309184509002
MYC 2.72765373815836 1.21385569806928 2.72664222862739 1.36583393850915 0.489373411836543 0.380032804222639
CST3 1.97442186324433 0.356282955533656 1.97349829321676 0.428152120624157 0.491030022494786 0.359671110647268
THEMIS 0.680376178315722 0.380978700193669 0.680310529939535 0.387403413337613 0.499548784161834 0.487595226432807
FASN 3.32503480735795 30.0449753629317 3.31817162117177 30.3337305884419 0.395499307446368 0.398413779165715
ZNF571 1.98427007608594 3.38118081872926 1.98446955968592 3.35433648081917 0.501247548691614 0.512072671453581
B2M 3.49786377554836 16.4591921811436 3.47949748469452 17.3289610166595 0.210894841220159 0.223124816914063
IFITM3 2.50839241039242 19.8232913420451 2.50338025647048 20.1449345206525 0.421996930938096 0.362004431158832
RAMP2 1.01287587804166 9.96481538940408 1.01273467619988 9.99662971341771 0.499275732199515 0.495275556323669
NR3C1 2.12656210562219 4.77366942555856 2.12051923625605 5.31642481358753 0.430564291885305 0.295480365923152
CSTB 1.03138510170276 0.00198391614044002 1.03153977516747 0.00510390068265365 0.501190731613125 0.24400628801697
THY1 1.0522859099247 4.11183766071843 1.05225565568416 4.10013886344382 0.499573778676967 0.503128441113893
IGF1R 2.59366677367155 26.1995773148758 2.58767268557925 26.5425041858571 0.434382833934635 0.412965685147338
BAG1 2.9969398926747 0.254233884645518 2.99731231684129 0.26778270485897 0.504811959532075 0.4511273117927
NUF2 1.003174329883 5.08581999550156 1.0032652680186 5.06950778399653 0.500636339419737 0.505414495415109
MYL6 3.58543424108039 10.9990793527881 3.58265307314108 11.1388265897437 0.462265490157014 0.429609570253852
OBP2B 0.542399929572886 0 0.542778709674788 0.0356691631179096 0.502301811337198 0.171718198068957
CTCF 3.35942727485018 6.72109494956668 3.35877811283518 6.7569436747693 0.488991308581745 0.482333370843772
IGFBP5 1.45028732630575 14.0038727967044 1.44430669116953 14.743070595233 0.468352210467933 0.362146950709228
TIMP1 2.81680383180242 15.1544021067874 2.81549367596819 15.2256645420155 0.483422432791976 0.480566044782629
ORC6 1.90041070255722 14.615227332644 1.89981777801484 14.6662356461521 0.491553009513871 0.478494343023553
PABPC1 3.61776133995236 13.3068231743179 3.60804495219616 13.7717535927498 0.278454574890083 0.250892122059958
