target intercept intra para.100 p.intercept p.intra p.para.100
Fibroblast 0.658234339947508 -50.8575822605847 0.766853356154578 9.29375285537525e-16 1.19427498145423e-15 0
Endothelial.vascular 0.462809013348031 -47.4747826783418 0.830088987298192 7.5382334602325e-13 8.77034309336366e-13 0
Endothelial.sinusoidal 0.0108834644279094 -60.6894821849918 0.178640051157696 5.21557300862093e-20 1.48268321708362e-19 1.56987744885949e-09
MBC 35.5459773313966 -38.8299555282661 0.877073221088064 1.96405145388072e-08 2.1714833317752e-08 0
Hepatocyte 0.42511761339213 -47.1365207371474 0.726294014779706 9.46134328600577e-13 1.23485004783757e-12 0
Smooth.muscle.vascular 0.0534270266439562 -53.8311701759261 0.522417604749501 1.33958203847254e-14 2.22084218931178e-14 7.21396667109793e-79
Stellate 0.00364326324326812 -49.1871960454988 0.103914581646464 3.09205329445875e-12 7.23911261823916e-12 0.0293384151780133
T 2.38036038942807 -54.6354131934226 0.599541275480536 8.80620660392691e-11 1.17401477817851e-10 1.61474289765142e-193
Macrophage 0.439858052569468 -38.4694421050198 0.811910577281633 6.35389072346261e-07 7.00370291416359e-07 0
