target intra.RMSE intra.R2 multi.RMSE multi.R2 p.RMSE p.R2
Fibroblast 0.0584574716390284 0.00498956774153088 0.0532342303556199 0.174746790800172 0.00357610838202702 1.43557478329378e-07
Endothelial.vascular 0.0497964722937594 0.00360646957816446 0.0448340602005509 0.188301682576569 0.158142145849745 1.11552887860602e-06
Endothelial.sinusoidal 0.0028466827376647 0.00321232421345839 0.00285598091212303 0.00384116349769117 0.503281146469552 0.382550570197522
MBC 0.209117170151853 0.00345670631398205 0.178490863410883 0.273631649413897 2.61936581949037e-08 4.93312161988968e-12
Hepatocyte 0.0412812770745495 0.00350764643953015 0.0387809328262096 0.118356164273806 0.126961278194592 4.55367774060628e-05
Smooth.muscle.vascular 0.00883769087953561 0.0025083108266283 0.00871976468160075 0.0282149925967686 0.476377370107734 0.0141700094803377
Stellate 0.00154585377801837 0.000150539483865597 0.00154628824262367 0.000268245619799967 0.500231344307996 0.296834639116942
T 0.130963002546215 0.00367402769922602 0.126547376833601 0.0695575437742288 0.0801036661785261 2.29001261493009e-08
Macrophage 0.0583321228428918 0.00305551356658118 0.0519622052880301 0.208537514369074 0.00767863869897232 1.83794360145785e-07
