target intercept intra para.100 p.intercept p.intra p.para.100
OSMR -0.031546996111777 -0.0142916469233372 -0.0279452576015775 8.97122853795426e-07 0.698444083251843 0.629551992336373
CD3G -0.0107577581089877 0.117045457932709 0.443982726197533 0.0476335402298332 0.043348047473871 5.56351986078467e-12
EDNRA -0.0320741100287299 -0.0367376653653832 -0.0318180695807321 5.14723931590045e-05 0.572290029662104 0.634167375381279
TMEM67 -0.0357190195958415 0.0266739700134997 -0.049822168368127 0.000412741376118572 0.6034015279863 0.501499002152724
RXFP1 -0.0381846401825648 -0.0232754168927822 0.00870972911822186 1.81656604310303e-07 0.641880735474491 0.886857771406774
CLEC12A -0.0210159112183313 0.00032022801106518 -0.00952709478536561 3.85180609567791e-06 0.991745932449544 0.89198612270043
UNC5C -0.0327506940006496 -0.0343323841910484 -0.0260585534075423 0.0023499396826277 0.509571303482136 0.686453873891429
TYROBP -0.0272005132698996 -0.00476858512500318 -0.0395787925951642 0.121406605049428 0.903069912186103 0.414619093754356
GPR82 -0.030552010338449 0.0163835110625366 0.0456361691822006 1.23432984027692e-12 0.572740922498979 0.609252300947534
NOTCH1 -0.0179752971231902 -0.00576138326877755 0.297104238693943 0.00103045769686105 0.893449664733012 1.98077505817167e-08
HTR2B -0.0162028435724204 -0.010770351691744 -0.040423392040883 0.0617558761344819 0.798302747067588 0.604567257270816
GRIN2D -0.033064123428118 -0.0970423420383043 -0.0602804325462803 0.00170315232933918 0.0528349922362034 0.26397568699313
ACVRL1 -0.0255188101823126 -0.0166448196626939 -0.0301339662439211 0.00334423005302861 0.75096618366325 0.607826443154364
RTN4RL1 0.00291425290362317 -0.0754743171737364 -0.029847143361365 0.862567952494198 0.127456752127888 0.569155348222586
PLXNC1 -0.0305371681828575 -0.0233573776092963 0.124203421863552 0.020226038173161 0.623832177502681 0.0376142114634717
LIFR -0.0247621928307332 -0.0236065631059335 -0.00894798812116628 0.00133518260148661 0.645198813809997 0.906848387598002
P2RX7 -0.0323835525027443 0.240784856774265 0.0591442680092168 1.74653820960287e-06 0.000487104391745148 0.338796060635183
CHRNA1 -0.0372417283241997 0.00211561122099149 0.023531384008252 0.0107895398105607 0.961296813416372 0.6911910076082
TYRO3 -0.0336331263484816 -0.0492567146840158 -0.0340077355917626 9.81676524656924e-07 0.479799257407842 0.663660307830833
NOTCH4 -0.0297104020988435 -0.0268745074354988 -0.031526844103128 0.00352936508302962 0.621952636696887 0.584693217711296
IL17RC -0.0212137682208791 0.0115926770656186 -0.0213836072015542 0.00215573312959834 0.833160459283775 0.671059015072795
TLR6 -0.0313351730841799 -0.0697241622696991 -0.0133077797963429 3.07109901767032e-07 0.232043914353034 0.878889999768441
MC1R -0.0316247517630946 -0.0285867799930348 0.0132338128946258 0.000119027027753126 0.517189049204566 0.806581990347981
DYSF -0.0290913187239678 -0.0277099049483746 -0.0443879888920467 0.0043657420936909 0.620950982886001 0.46880541136931
HRH1 -0.0198493469910284 -0.00260260416409618 -0.0134793084969957 1.95526290727389e-05 0.927825103109372 0.879099746965377
CCR2 -0.0217240878747104 0.00138694689494655 -0.00494596282625674 3.08375162935284e-05 0.988407518341639 0.95655540748969
ANTXR1 -0.043605296062246 0.00589326538785861 -0.0250559775007099 4.89916475201626e-07 0.919466376798273 0.662408887134582
KLB -0.0391599357548196 -0.048198588252276 -0.0152552785339268 5.89250017313332e-06 0.291481676441505 0.828258029371844
ADRB2 -0.0264648998296815 -0.0171729583072337 -0.021233374659452 0.000504031421146232 0.706124026905423 0.718251011612021
DDR2 -0.023898717150166 -0.019160060662019 -0.000392215052284925 0.0133073208241405 0.658831668333012 0.994160196865386
CCR5 -0.0291399313354412 -0.00917014609895114 -0.0400158552337402 0.000134124305295466 0.792835244812032 0.545903029997621
SORT1 6.70640876805446e-05 -0.0350699948833653 -0.0609259253074036 0.997208732114051 0.434954018589751 0.261454626847371
SELL -0.0279376485602185 0.00799783815788378 -0.00846815079751494 5.96324702271039e-12 0.7697790336929 0.926708057046277
SIGIRR -0.00607883236899424 -0.0107121196562885 -0.0816996593751004 0.686459242327756 0.806088843115998 0.135514068002881
LILRB4 -0.0170672077015265 -0.0458206814880633 -0.0128910503201524 0.216629092294489 0.240202076436648 0.791888169347195
LPAR3 -0.0316872610120018 0.000105299753555441 -0.0335034275790378 4.1944372306857e-05 0.998245543099646 0.574949736778788
ROBO3 -0.0319240665130519 -0.00194509021920087 0.0063202774838959 3.9203990043958e-08 0.966180647776229 0.918326936018421
INSR -0.0381618961703553 -0.00623005072236618 -0.0457510504523009 0.00832902248066387 0.873790841427383 0.413735676512197
BDKRB2 -0.0271834086381657 0.100951302174841 -0.0371254585590721 0.0311163511222426 0.0148379449679034 0.544041096666659
IL1RAP -0.0337426491363188 0.0484585800180088 0.003723740333319 2.14217541285267e-08 0.444557092185586 0.951546715130103
C5AR1 -0.0304330445039155 0.0442739166818968 0.0946914305976171 0.00304126445931598 0.428801687040785 0.0904910258343014
P2RY8 -0.0338626979621993 0.0155201098862374 -0.0223152172473815 3.20626290577198e-06 0.761372773006533 0.721644001774417
PTPRO -0.0319554531476283 -0.0165102492731506 -0.040888755037386 0.00107751638132706 0.65677042619796 0.485397033860434
EPHB2 -0.0293713876254304 -0.0458688364546711 -0.0197726245605621 4.55481280117181e-07 0.506980030718994 0.752559237704981
ITGB8 -0.0240332386809442 0.058224071736163 -0.0609685934292363 0.00601172596005187 0.0776454295280248 0.338515850461683
CD53 -0.019830665550525 0.00273281915697733 -0.0559522962376169 0.206790500566967 0.952045481689783 0.356406835828215
HMMR 0.0276688864780582 -0.0675661821600881 -0.00599685613178342 0.168149515424982 0.117414408263933 0.905014933281658
PTPRS -0.0330609938939794 -0.0252821785088018 0.00955463943638949 0.0123806540975915 0.562029449533013 0.859210361179076
ACVR1 -0.042405228477029 -0.0185032006470971 -0.0673087365765359 0.000268862161848466 0.714610295093074 0.232995333796421
CLEC7A -0.0263078305404598 -0.0322369677112002 0.123432965780766 0.0140917054366884 0.532368078605387 0.0546100383102107
LPAR5 -0.0323848298637781 0.11288032108322 -0.0320626331150766 0.000334798923956206 0.0394259837524442 0.624017604844846
C3AR1 -0.0258283968729027 0.0814827623087695 -0.0203225674613712 0.0354901589932532 0.0792089512207624 0.751196569063737
ACVR1B -0.0378057240835907 -0.0957343393901401 -0.0682432887139911 0.00216976230078141 0.0637959478904485 0.243669396192392
UNC5B -0.0358087599079934 0.00200245512658673 -0.0160194208560842 4.49262020194188e-07 0.950563362929164 0.760546765368495
LRP6 -0.0108363403314779 -0.0519767715408842 0.187586665637646 0.414682794630585 0.270117976076696 0.00222262680602742
NT5E -0.0341436245856047 -0.0114087024942509 -0.0104474837787369 1.99247451278124e-07 0.809204941749797 0.875596181553488
GPR183 -0.0295834926001364 0.027795826580674 -0.0172460393640226 3.14523411605296e-05 0.566625977491371 0.776706602616554
ROBO4 0.000475424568696917 1.02013096242927 -0.000249747951496706 8.53350987124801e-09 0 0.936211065976531
NLGN2 -0.0187787771842781 -0.0253662513604314 -0.0213478044561721 0.00590427998481179 0.556827740143086 0.694154543516494
ITGB4 -0.042820557348524 -0.0172441623507402 -0.0645394606523909 0.00113111229830271 0.735485368343493 0.284252369856914
BMPR2 -0.0133880864099341 0.00796254922117502 0.0683521679352442 0.428235598695181 0.85412589173242 0.191076318208551
NPR2 -0.0322002449340442 -0.0532716725241286 -0.0243794869417934 9.64897812517587e-06 0.289866372452715 0.726267069830655
F2RL1 -0.0221630706584771 -0.0260765935462335 -0.029452712459567 0.00654349195651721 0.638406025639599 0.625491083583141
MET -0.0241556840040267 -0.0479349646075983 -0.0396563935954061 0.0032246129416133 0.364553080884868 0.540668503396909
GPR161 -0.0186435858080672 0.00917565156960712 -0.00891537646444999 1.18258837097363e-07 0.903524857039324 0.886808432492709
IL18R1 0.000363998228923356 1.01876772669437 0.00105339868344035 1.82217062193895e-06 0 0.741349379439211
IL10RB -0.0421470025984781 -0.0594141885663233 0.00980357994460987 0.000381410053569924 0.319000065480859 0.878883067344423
LPAR2 -0.0243481774058301 0.100047627415614 -0.0767493877963534 0.0410674235672944 0.0252501703741233 0.188075870824358
NRP1 -0.0394284286894378 -0.0685756433125577 0.00897810310791785 0.00465046811528132 0.166554857986233 0.866194368095707
STRA6 -0.0255151185430027 0.0193144119848491 0.0503999767168806 1.75888860754672e-07 0.694822241607042 0.47453958821705
CXCR4 -0.0508631743268473 -0.0981914429244504 -0.0250340909155151 4.59095622831164e-07 0.0345211280759787 0.6362184652635
ICAM3 -0.0181757086816 -0.00627154819361271 -0.0347846825712547 0.187972927283275 0.881253373354812 0.498904955042258
PTPRB -0.0351233822260553 -0.0321939596375445 0.0157127769333929 0.00172566387083661 0.476497517559143 0.794299494958336
IL12RB1 -0.033517038361737 0.152080192014703 -0.0374109153068685 0.000489671088493305 3.00212171112543e-05 0.58910554207488
FGFR1 -0.0332428654650742 -0.0937956140022027 -0.00374334433410031 0.000850218387473171 0.1920376994488 0.949798003994252
PLXNA2 -0.0121384103006309 -0.015372417508899 0.144475778838714 0.299420098774259 0.716493771207717 0.0178864332054407
EPHB3 -0.0206012706132986 -0.0248589261381602 -0.0356067255832656 0.0323040382894394 0.524590986924077 0.516911103909516
NRP2 -0.0163858583477203 0.00899812887442418 -0.0780421792228833 0.270044698881823 0.843713763107357 0.157870466006095
LPAR6 0.00480591650371431 -0.00451778376050396 0.0250835363956836 0.805237413326769 0.917902770633349 0.632930518461511
CD274 -0.0267006617141211 0.0271612129309715 -0.0174479132188318 4.82915758427345e-05 0.657245018422601 0.806182710304292
FZD7 -0.0248421779624719 -0.0338944630506529 -0.0283676812857542 0.0103918361922583 0.510529179977897 0.608514891548183
DCC -0.04866630455498 -0.225647159459289 -0.00197647170122789 1.07153805589417e-09 0.000581294481780413 0.979687685445718
IL11RA -0.038594463115101 -0.00425625721062433 -0.0125403540388155 1.14815486173571e-07 0.930584622087577 0.832563705615919
GPR132 -0.0251707260083002 0.0212558321542016 0.0322591777426719 5.52804739709412e-12 0.527547759260191 0.649781342791567
PTPRG -0.0351365651782506 -0.0282596889706898 -0.0703718092686298 0.00562103051684387 0.537768817077048 0.249899198109047
CD36 -0.0174371657312172 -0.00251653426640692 0.090011977154077 0.0974159804680122 0.956029005935997 0.12540011758864
PLXNB1 -0.027978098209762 -0.00817635934669545 -0.0166130326803251 0.00254585121804308 0.825952425341071 0.791892282213066
FGFR4 -0.0141355702846292 -0.00264159282825321 -0.0117924966233886 0.00152724954847276 0.954372200785725 0.87818159797655
CLEC5A -0.0318704627036655 -0.10534964964726 -0.0543310819229415 0.000163207518579898 0.133876677825587 0.470281877089982
CD72 -0.00725775401556587 0.0295496488046667 0.105181407725382 0.59061802520728 0.520669730977235 0.0714830111148414
LRP1 -0.0355891988723117 0.0521519242162162 0.0110061054543322 0.0032279041498563 0.223488263570461 0.856006167728942
CAV1 -0.0246792516389298 -0.0296151452195604 -0.0297564433908944 0.00272077163481618 0.574393178423756 0.651940201236186
ITGAV -0.0226355416437809 0.00331073292435142 -0.0199555911422706 0.15180573408995 0.938890704308201 0.682127413954433
DCBLD2 -0.0110732387689897 -0.0179149143707404 0.0370347386757333 0.530071779063314 0.66281547991919 0.458034797221128
CLEC2B -0.0227979669832266 -0.0260497848835487 0.0437525826094574 0.174812630191871 0.537030040757688 0.418661268504296
ERBB3 -0.00308707934614348 0.133627551480562 0.0765432200276639 0.865043749059785 0.00141197414477806 0.142391409538464
ACKR3 -0.0259818210214941 0.137215023501075 -0.00218597417499501 1.89908804861631e-09 0.0782789695159214 0.975732069810724
GPR65 -0.0271787997329331 -0.024246029637824 -0.0379350814599155 0.0171260633392918 0.57879769892569 0.52693804600668
CSF2RA -0.0325820813332665 -0.0337683261100326 -0.0425085382111988 0.00489816943728762 0.478933764866848 0.500642041669895
CD4 -0.0392659295017503 0.00930284262745263 -0.0107291445553251 3.61664193376014e-05 0.877829824274314 0.823379036072608
LRP11 -0.026250266243438 -0.0479878628321091 -0.0126569181554143 0.040103830099357 0.386030402707904 0.829403922161966
CD96 -0.035882757638188 -0.0710437727005459 0.0542986740259707 5.97157121706133e-05 0.251536892072437 0.244334610399025
IL15RA -0.0292023684331378 -0.0366929185617948 0.0594888082211728 0.0017109547458797 0.34223329459678 0.331689426865577
ERBB4 -0.0171389042874059 -0.0373273802358923 0.236088508284008 0.329744508976263 0.341280555979155 3.20014394900784e-07
ITGAD -0.0276273743699695 0.00648558794433173 -0.0031948542958471 5.0668849928944e-13 0.797235210573009 0.968586526109775
RELT -0.0267268589274388 -0.0712262530499423 0.0418562567588064 0.0156257904692232 0.13780045360657 0.464472112241699
CLEC2D -0.0295604235674371 0.108297093549056 -0.0441760521312297 0.00262124657793165 0.0119037750396312 0.52151219336954
IFNGR1 -0.0278016495003767 -0.00100341532693701 -0.0211611595311687 0.0994994267917288 0.982632527690072 0.687730697296023
CD151 0.0152705830940236 0.00562296271362439 -0.027750437055843 0.438766358081248 0.892231056235064 0.58267931337891
BAMBI -0.000493833759840889 -0.0255853253260185 -0.0703202075738699 0.980196833410524 0.54606607790101 0.169271041770273
CD40 -0.0317470449678904 -0.0254926239581823 0.00307931500032235 0.00121669745241123 0.550129565791965 0.961815139013762
TNFRSF10B -0.0238517701038885 -0.0458837025466459 -0.0393345914321617 0.0135590704411756 0.283401394045139 0.517655198072818
SCARB1 -0.0351237494460165 0.074102363721467 -0.0365376646627471 0.000681042121024699 0.082029629578247 0.578268073159234
GPR34 -0.0336604518170255 -0.0232579276315888 -0.0229337695481039 3.42106816338052e-06 0.672908928801057 0.693918443330005
EPHA2 -0.0278597389644686 -0.0354374746850058 -0.00417364305675455 1.2781372020323e-05 0.472078205296886 0.946206613003992
CD2 -0.0179010972973275 0.0368342513394953 -0.0670881866206772 0.193273223389717 0.401282746374952 0.211119152001736
ITGA1 -0.0236782459839767 0.0414519286710869 -0.0395758078296686 0.123635567991503 0.359467266072631 0.489949458681348
TREM2 -0.0121237404641316 -0.0240719340067981 -0.0645839489126554 0.495206210570657 0.581197862152933 0.21083885910417
ITGB7 -0.0164843508738675 -0.0212376970482299 -0.00737544257375316 0.0862936284616162 0.617901745025209 0.907414108730029
TRAF2 -0.00283038664280363 -0.0223226133369233 -0.0251773338908547 0.859449897315387 0.634251580054114 0.643077803501931
ITGA6 -0.0260189942591631 0.0576784974016264 -0.0501375503499659 0.0658359905127125 0.19978709469214 0.357402984599111
ADORA3 -0.0300433010439289 -0.0258192506732413 -0.00762043950177836 0.0300894202290697 0.587555631009291 0.893192396225769
PTPRJ -0.0311477780397937 0.0309032949856904 0.00302728907659057 0.0257468699463816 0.507401710266125 0.958105343400101
ITGA2 -0.0238855903970199 -0.0176756855216603 -0.0386744476232062 0.000677853940662623 0.744237371511768 0.581548987586781
HFE -0.0231737730647801 -0.0358267791939104 -0.0238841751523902 0.00451027545589598 0.556779624323841 0.665855816468029
