target intercept intra para.100 p.intercept p.intra p.para.100
CD47 0.00113260335480868 0.704283826071486 -0.00748282759527364 0.971845940517298 6.92944738051941e-18 0.928281816651721
PROCR -0.0518790600116771 0.0297669368012176 -0.0147455469319661 0.000158343851820629 0.829704877156743 0.913842378467201
IL18R1 -0.0417962996465983 0.0466271242004754 0.0046250806913976 0.000182930468596495 0.593458971747491 0.967606746164281
OSMR -0.0423769723199026 -0.016244118315239 -0.056586790420199 0.0152930141896654 0.847524204384475 0.690760386281211
ITGA7 -0.0309851249636221 -0.0235904581983052 -0.0387139500007989 0.101817452718699 0.714436530916845 0.701270934926257
GPR162 -0.0206490583318878 -0.0390389909952207 -0.050512328964985 0.20314676988646 0.601359295632674 0.677025038648927
PTGER1 0.000227900231439498 1.02904536801639 -0.0113000716715253 0.13414787299826 0 0.174629317453494
GPR68 0.000652004154036948 1.02532934234228 -0.00240026658810209 0.000668776932586924 0 0.749625052994265
FXYD6 0.000102126488689875 1.01343666922161 -0.0087834649769801 0.468435985900976 0 0.00995762623861753
ITGA4 -0.0495435755053633 0.0808757162690842 0.081346576149187 0.000121645479595414 0.293593548092446 0.54829817396924
NRXN3 -0.0444783982569149 0.00248854766688661 -0.00567686328108332 0.00145620959735022 0.964235974408883 0.950487466828272
UNC5B -0.0372190415411708 -0.0106940686726233 -0.0181223399772617 0.00880823180512651 0.896962708970649 0.886809244171268
MRC2 -0.0694050731174598 0.0220512973800516 -0.0106722475989751 4.82702539506002e-05 0.750452388453835 0.921681440791826
IFNLR1 -0.0207679408470256 -0.00378362705728971 -0.0158265133440781 0.0310753409805978 0.911736103829654 0.894667807008628
LTB4R -0.00398340464590708 -0.0542541830627963 0.0760476034101967 0.87964020497846 0.503199267359663 0.469406638400874
NRP2 -0.066954449258219 0.0577026153470354 0.0751431324905789 0.000129297451443975 0.371481985616954 0.677378868924186
CR1 0.000350728763061851 1.01563222558833 -0.000364403136327467 0.000426861044913634 0 0.939998787449567
SCARF1 -0.0232050148586657 0.0207867399656794 -0.0351971471333634 0.0156707478494169 0.736171652836651 0.675883333231524
TLR7 1.23632828260059e-05 1.01043959891843 -0.00751098341054512 0.913829487598126 0 0.0362070677502092
CNR1 9.75882105535109e-06 1.00976397257777 -0.00690174631493259 0.82173042408458 0 0.036187421453839
EPHA7 -0.0199444132816147 0.0289185840248727 0.00711089337950096 0.0376157381880958 0.618578084801749 0.943586864997136
ACKR4 0.000305311427338657 1.01905697332711 -0.00307308904421268 0.00131913312375488 0 0.58587883412613
GPR153 -0.0290797387902834 0.0230944971046806 -0.0104076381500705 0.00576848709831939 0.875444553046555 0.906159113261498
ENG -0.0589457312363625 -0.0942210589624014 -0.0270702176863982 0.000141111264643116 0.482794124243654 0.779128299673784
P2RX7 -0.0235822932748986 0.0148531646735904 -0.032344627649985 0.0162611068605711 0.769147952866729 0.801236424211837
ITGA11 -0.0499707931604092 -0.0152674798440863 -0.0171226802584601 0.000367494484031813 0.808886226704009 0.844170851866068
RTN4RL1 -0.0124737635049424 -0.0047495753125139 -0.00112035376485244 0.186030916826869 0.915632094120019 0.992622666706024
CXCR4 -0.0186475974174399 -0.0670336664955701 0.137302311700831 0.413693345620461 0.334752775380927 0.122857566042033
ROBO4 -0.0102707036296445 -0.0349771919856583 -0.03476918619675 0.274005411993718 0.556756858144205 0.817183649745657
CD46 -0.0105537451352133 0.0555912330858366 0.025936048381836 0.738497695805708 0.485998366750057 0.782407043646458
ADRA2C 0.000585238981802991 1.02462262737895 -0.00115203696330178 8.17165005971126e-05 0 0.86314292801899
IL6ST -0.0336047981788549 -0.0102162613404294 0.00614925593107359 0.211465800220498 0.870146060232191 0.953274738035271
TLR1 0.00028413261819339 1.00979321074174 -0.00293221677971041 0.0564892805495745 0 0.421070778956576
MC1R 0.000230418671085277 1.01670910026661 -0.00751548141870766 0.13166161158873 0 0.0600970651536839
PDGFRB -0.0116526667492395 0.0123962694480072 -0.0839330882530844 0.675876018179568 0.856221426060316 0.489996760738314
FZD3 -0.0210601181260666 -0.00718915232270094 0.0405045702647371 0.196521968362552 0.952764185467368 0.620449728708715
THBD 0.000257327149714983 1.01096850972197 -0.00119649587028388 0.015577258267984 0 0.780038657573461
CHRM3 0.000239827780238893 1.01165657321415 -0.00330796384624422 0.0257890086236033 0 0.400623704760972
PTAFR -0.0168125643266416 0.00945756256263844 0.00520817913578707 0.0730571502374322 0.850790834811303 0.952876391943753
TNFRSF1B -0.0364809122121586 0.0558863296307109 0.00488354968294496 0.00729125272929874 0.28220748164523 0.948535542160202
CD247 -0.0423447828325005 0.00843273406308157 -0.00258989806859183 0.00438311365778897 0.914097840600673 0.984357802450871
CD96 0.000151214899513492 1.00972851276621 -0.00679060389911201 0.454292073853485 0 0.0382199744136204
IL12RB1 0.000390642480478362 1.01593055944374 5.62657220864682e-05 0.000381622060244112 0 0.991367152935403
EPHA4 0.000807989576963175 -0.0860435046349629 -0.0759511695847081 0.969003357941585 0.282395351316156 0.460672216654841
PTPRM -0.0450303257182419 -0.0293743311461055 -0.00704553644060749 0.0650231521716513 0.739265981684697 0.933552138330444
GPIHBP1 -0.0137761952354246 -0.0226133617458877 -0.0125106175850919 0.143184284065726 0.774233901078065 0.907014508200697
P2RY10 0.000241052410948258 1.01295496005212 -0.0021430990289066 0.00699380731111373 0 0.642325607819128
LIFR -0.0479027607652253 -0.0164683228108925 -0.0373531115843071 4.82295239286304e-06 0.754590756627146 0.680461656640145
RAMP3 0.000362981053664393 1.00993143663122 0.00138403839064087 0.00674352018191307 0 0.761446058035299
HRH1 -0.0293500471458419 -0.0240902300977554 -0.104367067382385 0.060499358214491 0.896043077667973 0.590867931455191
MERTK -0.0295684884765119 0.00165377352718045 -0.0189465883276663 0.0313806648516665 0.988006564557914 0.854490392151178
BDKRB2 -0.0118355284714422 -0.0102758921014504 -0.00734895912726709 0.211173946141545 0.905135780191395 0.95937357989039
VIPR2 0.00017077469751571 1.0106361156314 -0.00298137842298082 0.0336648144432882 0 0.419640228128963
SELL 0.000228537882713707 1.01089786884156 -0.000784229380529098 0.0140388894531808 0 0.857580188886089
RELT -0.00650284136929008 0.140849926379876 -0.0268872576870958 0.726093135829754 0.203868111887215 0.779049313231494
CRLF1 -0.00448366805944377 -0.101336924672946 -0.0382979727052431 0.808990562094569 0.182287104709355 0.676838758882949
CDH2 0.000359214921934028 1.01951877140541 -0.00137938576321138 0.00235996361176641 0 0.804823044800628
CD244 0.000268209041922161 1.01928159958181 -0.00318836307977923 0.000795419049293502 0 0.557300924769881
FCGR1A 0.000138789727172608 1.01677306325291 -0.00708819135098695 0.226484419121381 0 0.153540926654998
CD72 -0.0197609849990178 0.0338730497448501 0.0140208544988921 0.0586011079596352 0.853494114438936 0.894122138687616
IL18RAP 0.000314540733095197 1.01545227657712 -0.000870885847548243 0.000570159993562876 0 0.854690591791055
CCR1 -0.0106437770803018 0.0030152469580682 -0.0257668958742466 0.25416603814419 0.953926379278541 0.81391991152952
LRP3 -0.013748501188391 0.000235800218261977 -0.024928947433646 0.297513058443381 0.996662212195184 0.830633342499297
FLT4 0.000497801100266366 1.01589263142255 -0.0020661945939443 0.00135578163382059 0 0.686962232194422
IL1RL2 0.000384046841446393 1.0110444304432 -0.000115966507546202 0.00622979977468681 0 0.979187409938213
KLRB1 -0.00799074800058542 -0.0377765185278104 -0.0427511860603178 0.544204363595111 0.653051739070665 0.752497957712524
RRH 0.000222844050689793 1.02313568338278 -0.00769671197567188 0.205760735865791 0 0.314988929317428
ITGAL -0.0237118952244629 0.0144884793379508 -0.0351190203399578 0.144195790424937 0.774731830310674 0.75523825270723
KIT 0.000401325383701679 1.01175465133857 -0.00279297101772059 0.0283010104408173 0 0.502845492590519
CD74 -0.0900105873997167 0.013613275831588 0.29512065731523 0.00045980813919517 0.841678476783788 7.47959281378722e-05
GPR173 -0.0259972634682481 -0.0723901552022966 0.0169583412125371 0.0144392247811743 0.539895922546414 0.91073534584876
IL17RA -0.0255437673144911 -0.0842589788704419 -0.0609695384812407 0.174978794570865 0.427628434871845 0.584781708525012
P2RY8 -0.0612861369696011 0.0138760339158527 0.0249558960725059 4.16046866004317e-06 0.821295191938961 0.856261836425874
ITGA1 -0.0447433595958202 0.116271515855674 -0.101185005522315 0.0592416658185963 0.127160114112053 0.275895376636726
F2RL1 0.000210944276114434 1.01696280161885 -0.00737376793916009 0.155489731274634 0 0.163923878120489
CLEC2D -0.015914646777402 -0.0667010582367681 -0.0724866963038167 0.484788825844234 0.433166599729558 0.509247255796276
MCAM -0.03231954156627 -0.0103562874442512 -0.0245382566213797 0.0495187786201087 0.882118022219047 0.782575807415102
GPR39 0.0127104081995921 0.0887750758029758 -0.079233693848041 0.650523363653962 0.231245271876044 0.365747254968732
CLEC12A 9.18264096319879e-05 1.0121648152465 -0.0088178140335209 0.615346529506025 0 0.0132272561923112
TGFBR3 -0.0468852319572513 -0.0126070644166685 0.00932415904479128 0.000402620073228165 0.925223695524963 0.950995311255143
P2RY12 0.000155922856386211 1.013732785571 -0.00691434407016193 0.0804376218181961 0 0.0672972275801392
KLRG1 -0.00839357539433095 -0.0137003629817759 -0.0376987139293354 0.522374621670434 0.892207744194941 0.733695482107841
DCBLD2 -0.0597550521494704 -0.0740995260966636 -0.0465485573353666 0.000542459640993779 0.423135353235494 0.63012664128741
LRP10 -0.0205746936738157 -0.0168047507058867 0.0579740938958063 0.404900850043617 0.866872073027665 0.545087936065004
CX3CR1 1.60206815603705e-05 1.01056330057566 -0.00791456478928407 0.79765231087752 0 0.0128009261869083
GPR135 -0.0242844057136589 0.156403251578379 -0.0201430148671164 0.0825450898291907 0.270356817215958 0.831171955029557
GPR82 0.000352287126960693 1.02649785472273 -0.00313117129908335 8.65649879768693e-05 0 0.68989409203606
PTPRS -0.0277442036265113 -0.015068886727848 -0.0604699934775077 0.142821583675556 0.81629377635973 0.647527473837638
CD2 -0.0367559456418087 -0.010379133665538 -0.0347544135330503 0.0101992165594745 0.869202384371596 0.802080266358419
UNC5C -0.0265289520113504 -0.121004416247984 0.0184917999049904 0.243997486841595 0.194011477150638 0.859752069757774
PAQR7 -0.0211468781895115 -0.0387789401082309 -0.0662069718849566 0.313904754461702 0.62805651700074 0.565366039942796
TNFRSF13B 0.000670408964595354 1.02678187675264 -0.00308466073989519 0.000130425140053678 0 0.653073935121907
ERBB4 0.327537111123873 -0.118973234737601 0.251005841396794 1.16467600918489e-06 0.083801786907704 0.00125515287062972
GRIN2D 0.000129183390209217 1.00906211311541 -0.003929877951681 0.137980749741221 0 0.235133349362579
COLEC12 -0.0680510468809723 0.00458990915579035 -0.0064272005486143 1.94958259393832e-07 0.948655676078151 0.958168108545069
IL7R -0.0370624280748467 0.0425559699843015 0.0632102325483579 0.000889223285933422 0.516802509355791 0.643615317005521
SIRPA -0.0363688628053475 0.00239149811551836 -0.0175421882125977 0.000260884779338993 0.967027920741654 0.840350896815821
SDC2 -0.0640163612324243 -0.0260729454247193 -0.0886167526497568 0.00375138524026454 0.762518148123995 0.310755843542147
PTPRT -0.00868174020556783 0.0584731736232534 -0.0268848956791933 0.779453547373617 0.487186497161843 0.761483407948778
FGFRL1 -0.0225025603531684 -0.0337748041357725 -0.0185359577341486 0.0201857892238366 0.503733672329111 0.868909409861952
EPHA1 0.000138991719771084 1.00936875524893 -0.0052008385407502 0.203995969386477 0 0.104495846275735
ROBO2 -0.0155292925587236 0.0221565295160324 0.253567841393423 0.610769992600995 0.801415758049747 0.000438062053153442
GPRC5C -0.00927537481714154 -0.0174711524336165 -0.0192403487637561 0.480612783258083 0.774538717422309 0.855066007377414
MET 0.000264316592015822 1.01184440142519 -0.00190433182409239 0.0143269952207384 0 0.676023306303828
LAIR1 -0.0494552639719713 -0.0297399714678435 -0.113084718949527 0.00051984581312087 0.535397428982079 0.328182488022144
TNFRSF11A 0.000216625875740076 1.01582383709531 -0.00666206504000563 0.198324290212821 0 0.15051182109281
PTGER4 0.000312882513100369 1.01041952764987 0.000309409102905576 0.00758170950150386 0 0.942162075196058
S1PR1 -0.0132601341969869 -0.011002619998514 -0.0222387717956263 0.314604637829948 0.869470503128459 0.843995202368709
SELP -0.00895185307517589 -0.0308133809757737 -0.0172379521319526 0.337007925829737 0.768625805590803 0.858080630595527
LRP2 -0.00990408518723282 -0.0178639838613914 -0.0130079301535211 0.539800136007187 0.796889858110118 0.908320516372955
ESR1 -0.0191762329154111 -0.0434209131767678 -0.014342669719428 0.437809169030521 0.574295637438391 0.889168579660671
IL1RL1 0.000284279523218032 1.01552505192705 0.000146702566040363 0.000317790567376904 0 0.977103688136445
CD33 0.000573812581302593 1.02450188173467 0.000240172919499551 0.000181277184981158 0 0.972404364878967
TNFRSF19 0.00234862709148362 -0.0856409141268025 0.0953891684847975 0.923835621800364 0.283676498327175 0.449731289324328
HCAR1 0.00544684936319057 -0.0237306311124035 0.0881674358387116 0.793528402162006 0.744767209791788 0.277868954352414
CCR7 0.000114381604985014 1.01100678380167 -0.00518833575447372 0.168120335056694 0 0.129548398768949
NRXN1 -0.0573636808610876 -0.0300520963503599 0.00144563281983915 1.67584023574754e-06 0.612001152896908 0.990010449684465
NPR3 -0.0345061488335351 -0.0420669251931306 0.0961456214226919 0.0135033571788313 0.811809492874396 0.63096816110799
PTGER3 -0.0327271030452616 -0.0404039328661138 0.0039150107575458 0.00216979568539721 0.522896479928179 0.97998618815944
FGFR2 -0.0123383670153915 -0.0399682129022301 -0.0611170092647535 0.507174644834629 0.642889999011168 0.622142052495972
CD38 0.000210715111593513 1.00931102598327 -0.00448824807584635 0.177561505083925 0 0.174729016210728
CCR5 -0.0413210528791978 -0.0362949872868613 -0.0216896055856607 0.000222963137018444 0.746756907165815 0.856797047095726
SUCNR1 4.89628440096917e-05 1.00831050360073 -0.005294441630349 0.577252980945 0 0.105786198146398
LPAR3 -0.0124655924647027 0.00634218368632034 -0.00341070383785083 0.196280704064092 0.968909285714729 0.974724372164875
CALCRL 0.000366535050924477 1.01134694116586 -0.00496349366670012 0.0694182838975883 0 0.168105360973103
TIE1 -0.0212096360997462 -0.0345925480512484 -0.00735015653964859 0.11295069017934 0.68377954578106 0.947731565822297
FCGR2B -0.0305553369421072 0.0597804737362096 -0.0620600603033689 0.151890058598291 0.491794227135361 0.615393857494154
PVR -0.0361235711008537 -0.0272941101960618 -0.0134152768976328 0.00738576575678625 0.708244395421317 0.860122736225516
NCR1 5.86964851090312e-05 1.01102016215265 -0.00597495112656777 0.261299611254256 0 0.154324282000507
NOTCH3 -0.075845936108741 -0.0254519242174924 -0.0101750323459776 1.44802050672235e-06 0.658786664420846 0.932810804682009
GPR161 -0.0172615077706835 -0.00390832547086714 -0.0167447998937945 0.068895753360243 0.94116643313961 0.887440550861833
C3AR1 5.18868998747363e-05 1.01280695266699 -0.00937751979719299 0.738962088393317 0 0.00481199914829545
SMO -0.0336517725268209 -0.0533418697949751 -0.098131761895254 0.0469979147515287 0.484002158773675 0.509728479486968
HMMR 0.0171572884971906 0.00732404685140254 -0.102236877079872 0.561962833517697 0.9215051151057 0.243830885635645
GPRC5B -0.0341163608363543 0.105167494947462 -0.0363706408052802 0.00194563311885773 0.409737130560984 0.655006317670875
TRAF2 -0.0246974255626992 0.130757655810258 -0.0550170728989476 0.236855635354736 0.0135566732795449 0.547857948165982
CD3D -0.0372297525121887 0.00124576506035127 -0.0265846631490844 0.000295701382395196 0.985972592733652 0.802385692622935
CYSLTR1 -0.0252654092200068 -0.0336487964291283 0.064187398986834 0.0591466519107831 0.718866459958185 0.509218585930604
ACVR1B -0.026329780588579 -0.0285047094131914 -0.0681306732457336 0.108565387905131 0.667343753944715 0.563069406843016
TNFRSF10A -0.0087140714017628 -0.120095443799402 -0.00505649165177695 0.589833572726702 0.223289846482851 0.962892804973886
ITGA6 0.000974943400542887 1.01632334998857 -0.000904905911712659 0.000455213680429039 0 0.85620958164
IL20RB 5.14403086422653e-05 1.00859163279021 -0.00569300061280379 0.626602549061948 0 0.0729375372986631
LPAR5 -0.0222130277575334 -0.0138870554036572 -0.0245663970617673 0.0943502280305927 0.797107637078413 0.787350132337592
HFE 0.000208494616374114 1.01307132505685 -0.00673432716489234 0.1830390059606 0 0.106124986581699
IL3RA -0.0229183089820495 0.160344816992904 -0.00529464947787656 0.0218950960555888 0.171014970053221 0.951061468253307
GABBR1 -0.0536566121938457 -0.00697436666656387 0.0984855903591589 0.000627718354900802 0.917921062683637 0.434642765485116
