target intra.RMSE intra.R2 multi.RMSE multi.R2 p.RMSE p.R2
ITGB4 0.149983404399264 6.67702207723941e-05 0.150072252923813 0.000546452519900598 0.500489744729102 0.195980232902239
ACKR3 0.347254975405582 0.000108275418307935 0.347283319182625 0 0.5001969753183 0.828281801931043
HRH1 0.211989305151636 0 0.212200275682273 0 0.501120057632223 NaN
COLEC12 0.330589838927444 0 0.331366995974311 0.052536303833437 0.504644169299233 0.14977424000463
PTPRU 0.325053977216286 0.00257900553348955 0.325044121841984 0.00733044668475347 0.499912562039097 0.149174155447246
LMBR1L 0.346151420801435 0.0204144850714749 0.34618482499678 0.0158799692955569 0.500161279681607 0.597692125655298
MCAM 0.353507026934326 2.36058134406303e-05 0.35423669514542 0.19564991829406 0.504508021234913 0.0843947128855876
TLR4 0.215984495683315 0 0.216237489690851 0.00298964643683286 0.501327569901238 0.171718198068957
FZD7 0.341754282508283 0 0.341782051119032 0.00293461485322943 0.500144947025998 0.111150110806147
SDC3 0.21267224172251 6.77022105555203e-05 0.213843342831279 0.0735474940814584 0.506765678673559 0.0907629555683301
BOC 0.49964270457195 0.00211025117764496 0.499606068124769 0.00806809744330672 0.499765252413942 0.152436107689334
EPHB4 0.602623572371576 1.19420890065669e-05 0.602545923065504 0.0115724653263871 0.499314477044499 0.0431108625400185
OGFR 0.565885756304526 0.00462495280238229 0.565916576117723 0.00435506170082367 0.500242877761289 0.516709064271647
PROCR 0.400802274433555 0 0.400834944497638 0 0.500150946650474 NaN
CRLF1 0.175554875124222 0.000318773725737076 0.175618800737211 0 0.500365276231629 0.850105921550117
PVR 0.179306587560968 0.00115046452009548 0.179401106671626 0.00340825165445424 0.500519989302847 0.0795116102392221
IL6ST 0.751550435800062 0.00481934783829407 0.751812542990553 0.00635508698917042 0.501788293220809 0.40761206022369
MERTK 0.280705582812038 0.00144561645716301 0.280760280390661 0.00322125295746711 0.50041612844733 0.300446899711246
HTR2B 0.14758842724714 0 0.147707897223567 0 0.500574733591991 NaN
C3AR1 0.19379533146542 0.00210165960031206 0.193832602836431 4.75296091773103e-05 0.500297545510077 0.998525687016013
ACVR1 0.477430795852993 0 0.477449340775016 0.00293661897875497 0.500118477714934 0.171718198068957
FZD8 0.275703892452254 0 0.275930031267875 0.00417998390951579 0.501679621785775 0.171718198068957
OPN3 0.351605880981009 0 0.351644309765705 0 0.500227852936078 NaN
ITGB5 0.607106901416361 0.00327753296195499 0.607221094042031 0.000428526558443609 0.500874524953083 0.795368722661862
PTCH1 0.247297578476934 0 0.247432940718102 0 0.500709897233711 NaN
LPAR1 0.499306007324904 0.0012929996012645 0.499511672287756 0.135822036669337 0.501326622285353 0.0486321582885002
SDC4 0.452302308993632 0.00383085810674144 0.452313663784712 0.0023026434658846 0.500072054871053 0.654421443302035
TMEM67 0.486406667555359 0.00930769962049105 0.486401575707885 0.106854830085669 0.499957974784402 0.0875024373445031
ERBB2 0.516908755524572 0 0.516873422115221 0.00304504278658579 0.499624973831983 0.084853211136158
RAMP1 0.233397077548749 0 0.233482726262358 0.000597826497794607 0.500459861088924 0.171718198068957
IL7R 0.160313973318009 0.000351907550958375 0.160387607291299 0.000575239415965267 0.50039505664711 0.372557316933663
CSF1R 0.259490121701157 0 0.259516442272407 0 0.500127725466587 NaN
ACVR1B 0.224218376839637 0 0.224252900471535 0.000539646772762525 0.500239914908953 0.0964487053279403
C5AR1 0.189263042466818 0 0.189318645708067 0 0.500349764707485 NaN
ICAM3 0.259125865080629 0.00038239835345788 0.259150453628905 0.00120502396061761 0.500150469926459 0.264427961323568
PTCH2 0.182414138415401 0.000940166674243681 0.182452766673906 0.000272141053611064 0.500263596455383 0.877352971495317
LPAR2 0.235295493341617 0 0.235313764289179 0 0.500130338299557 NaN
RAMP2 0.182851306847366 0.000545219475064362 0.18609771956244 0.170008880602358 0.518527479854799 0.08708293792462
CD63 2.20928299072219 0.0776918020329453 2.20978445182933 0.0457016680271005 0.504886483624362 0.785834339748975
CSF2RA 0.300777488917622 0.00139562858703757 0.300801511057461 0.000937915317645865 0.500163418673804 0.666998673280733
OSMR 0.356343947916825 0.000245147372649468 0.356346952210867 0.0414680033343329 0.500029226918367 0.0433121877391706
MRC2 0.576514181223291 0.03297293411897 0.576468949612407 0.0519420407064342 0.499240434941677 0.148986736613417
GABBR1 0.410907500671686 0.0596667399825235 0.410943131359314 0.0311989701818272 0.500199120486653 0.667717115261207
ITGB6 0.508023562757246 0 0.508038781881956 0.00217438919966062 0.500174795962205 0.171718198068957
TNFRSF10B 0.266774018805135 4.55356569784016e-06 0.266818097205912 0 0.500309722384239 0.828281801931043
SIGIRR 0.544893865707383 0.375954089317931 0.545110301237114 0.348418315952128 0.501818723465113 0.532701279595639
ERBB3 0.51294683941343 0 0.513018299661824 0 0.500478008885188 NaN
RAMP3 0.163500153135142 2.20784155868792e-05 0.163580016323633 0.000940125145552084 0.500402700473774 0.177212000817691
CSPG4 0.205921852883838 0 0.206295911323392 0 0.502167054345424 NaN
PTGIR 0.232778153214986 0.000438851493215209 0.232888301308698 0.00324988799316306 0.500583641905553 0.116966504510241
LPAR5 0.216940488995187 0.00063457930488231 0.216986819955432 0 0.50033114374673 0.955218478355851
CALCRL 0.347654315332248 0.0119762922995081 0.347800848696845 0.0166366892102265 0.500938771941498 0.360425886388769
ACVR2A 0.465462175782102 0.010693203491503 0.465839496959738 0.00760803926251663 0.502914463488418 0.634264269720489
INSR 0.688988084396898 0.0216502222651671 0.689165375681545 0.00694997919650442 0.50112061102501 0.915192549854746
NEO1 0.326126726953261 0 0.326152975599921 0.000359892015416863 0.500158155176785 0.171718198068957
ITGB7 0.193345386230976 0 0.193399178183815 0.000780270239347791 0.500267968213424 0.0947590184753248
P2RY11 0.270236323394035 0.00252999805829823 0.270266627834906 0.00341272705285389 0.500162942631144 0.376949094425387
GABBR2 0.279193161650522 0 0.279492055085754 0 0.501629237525478 NaN
CD68 0.358318579431622 0.000207667425027314 0.35834713769285 0.00114504227348711 0.500168267490921 0.202544711817565
IFNAR1 0.81231548865559 0.00687652199975353 0.812324215136771 0.0291963206420487 0.500106372626767 0.125099998587147
SIRPA 0.196751851635784 0 0.196789774160049 0 0.500244183507704 NaN
TNFRSF12A 0.395989399623406 0.00270322062488004 0.395997725410964 0.00572515279481878 0.50013080910955 0.221823052077143
RELT 0.185522720777712 0.000370124181806597 0.185569065321953 0.00152476602232499 0.500315229224695 0.104528965043129
CXCR4 0.407960202352445 0 0.407993751004391 0 0.500164415276473 NaN
CAV1 0.25812885016919 0 0.258163619282148 0.000180022917943834 0.500199566065797 0.171718198068957
ITGB8 0.21777211727459 0 0.217815198177967 0 0.500236274523386 NaN
ACVRL1 0.361996135668741 0 0.362116575687624 0.00158217265305627 0.50109694240184 0.171718198068957
GAS1 0.253916347830314 0.00104668860822943 0.253993953314516 0.00682298688181593 0.500464909539087 0.0413276800722728
NLGN2 0.322880486117133 0 0.322974689839332 0 0.500557894116974 NaN
PTPRA 0.531378043901805 0 0.531405865574997 0 0.500211054224453 NaN
LPAR6 0.679334456897113 0.00180220898205241 0.678933195165112 0.120602919037376 0.496581509772348 0.014704814819306
SMO 0.27466531740768 0 0.274679773806246 0 0.500099663883435 NaN
TNFRSF14 0.380537093976919 0.00599231729052185 0.380574634569331 0.0104969500637775 0.500253243020951 0.33757826772803
P2RY6 0.260300635093046 0.000214348162846933 0.260337285941235 0.00193099019013321 0.500207545580435 0.147471122672674
CYSLTR1 0.246248550511863 0 0.246281594624451 0 0.500182809789233 NaN
ITGA1 0.633881700808943 0.00599113964451781 0.633961530609334 0.0092465049561441 0.50047974400184 0.311675677402687
ERBB4 1.05581018204781 0 1.05085400409353 1.13592230105502 0.475437833464673 0.0102351645513641
ADCY1 0.16167896346352 0 0.161745808144545 0 0.500359870734864 NaN
CCR5 0.248663187785874 0 0.248696079921454 0 0.500213551358199 NaN
GPR135 0.245578199108442 0 0.245611416300777 0 0.500214812988022 NaN
ROBO1 0.604628596934887 0.0136581854158868 0.60481563698041 0.00375288492056147 0.501680125883883 0.953278507226625
PTPRB 0.254538772294647 0.0824319718900757 0.254963499601718 0.038991552743588 0.502689514769558 0.775026767435957
JMJD6 0.388405070738382 0 0.388697528721937 0.0527233257220872 0.501384858040204 0.0843144308043761
SORCS2 0.218369158198564 0 0.218478327085152 0 0.50055152735036 NaN
IFNAR2 0.784940550417475 0 0.784563485924993 0.0944637554195282 0.497673887925252 0.0236968721217415
TNFRSF19 0.30449278337988 0 0.304539695308938 0.000107364483757921 0.500303184237236 0.171718198068957
NOTCH2 0.699514753892712 0.0120948537187371 0.699640531569184 0.0144062324640359 0.501083081625592 0.413441428392988
P2RY8 0.357351859722238 0 0.357346389220725 0.00509316553693018 0.499960537731088 0.0450830257995839
CD74 1.50169019768778 0.00710357584169596 1.49656733020886 0.758410894326561 0.406829698562992 0.00208493612570971
ITGA11 0.288463890471046 0.00158253891196725 0.28891260240025 0 0.50287279742975 0.915121174353915
GPR153 0.199218536458861 0 0.199241424487575 0 0.500135049752519 NaN
DCBLD2 0.437285654609017 0.00217352329853759 0.437418029302505 0.00216120379686102 0.50090175474552 0.501633464331376
ADIPOR1 0.4918072520263 0.0016337328430327 0.491867910846858 0.0114414046502709 0.500458331646296 0.117044179789729
TNFRSF1B 0.235934135970545 0 0.236037396894282 0 0.500490612431493 NaN
LRP1 0.635730728995065 2.65720034675621e-05 0.635890005080008 0 0.500821318955324 0.828281801931043
KDR 0.290424627933135 0 0.29047638961461 0.000588300791761753 0.500301623132734 0.171718198068957
ESR1 0.445626888873018 0 0.445663077571844 0 0.500287779606527 NaN
SORT1 0.422191902186155 0 0.422376965961134 0 0.501965859821425 NaN
ROBO2 0.42693522626657 0.00397501601643091 0.426601262485455 0.570457655639166 0.496873428505487 0.0294737167088737
PTPRC 0.618448118129889 0.00207660441121749 0.616713959503159 1.02136030226283 0.48456179306954 0.0486026773380295
IFNGR1 0.609056014856058 0 0.608977954129369 0.0307602182504563 0.499441250769063 0.0856089385498329
PAQR7 0.307164819518787 0 0.307186051853667 0 0.500139293719353 NaN
KIT 0.19218028702982 3.5049824362865e-05 0.192901430183513 0.0439164950620463 0.504843351510094 0.133031626788188
CD151 0.654770719282353 0.000354477696346001 0.654894755266539 0.0105857071916482 0.500909390209861 0.155404749089447
NOTCH3 0.412125688534101 0.00143828718232153 0.412117538707306 0.00444086696834045 0.49995334410488 0.266706108393262
TNFRSF21 0.245017564023188 0 0.245085023487241 0.000725435654308493 0.500454475592024 0.125639279526511
ITGA2 0.34633968659193 0 0.346421458979004 0 0.500380181364321 NaN
GPR162 0.26141521598114 0.104434712762865 0.261560794769712 0.0986149568915529 0.500794988959166 0.523481838406954
SPN 0.198615477410772 0.000455573250781605 0.198681490352745 0.00165306243819718 0.500405535859929 0.130230915335707
DDR2 0.594327694547066 0.000777981475444944 0.594368471284907 0.00236178386141539 0.500300019911228 0.192816720748016
ADIPOR2 0.470008233250088 0.00311873748465974 0.470131554369142 0.0127471662737566 0.500906680114895 0.236749523678353
F2R 0.51282494796226 0.00444414575117569 0.51294170759545 0.0489063503835585 0.500817110674157 0.0688192398705276
ROBO3 0.300731136936262 0.000445852732496865 0.300747266857124 0.00124440257444403 0.5001123116082 0.27886632750139
TNFRSF4 0.244137275234077 0 0.2461831013422 0.814400784887772 0.513844159419242 0.0877164465885131
LRP10 0.449906833942127 0 0.449922702588388 0.00172779536565359 0.500153875932767 0.171718198068957
CD2 0.195968433362722 0.00015889042050854 0.196027843933034 0.000772036213384508 0.500309976154855 0.227038980192509
GPR176 0.213838616910122 0.000154544101068632 0.213904645595981 0.000537529350073118 0.500386542038018 0.252034810129128
KLRG2 0.194020017561334 0 0.194091268686009 0 0.500381981242152 NaN
ITGA4 0.258080896322116 0.002607261727956 0.258120983727309 0 0.500178421753829 0.828281801931043
PTPRD 0.481967249593458 0.00951711067300742 0.481931041815052 0.0192173614777036 0.499373379699278 0.175623018663448
CD81 1.01384626167941 0 1.0140640786494 0 0.502378810191224 NaN
NOTCH4 0.384217796624748 0.00500983364849938 0.384559237512275 0.0190453945179148 0.502008809084692 0.133394958682261
PDGFRA 0.577392002079852 0.0018220186229656 0.577560493901176 0.00201142954001865 0.501853984482054 0.467084166768224
IFNGR2 0.646153788178943 0.00120667945114894 0.646241332818429 0.00404146090418056 0.500480847393743 0.255612158521817
DYSF 0.246610342508983 0 0.24665661366745 0 0.500267732123704 NaN
TRAF2 0.299855663196629 0 0.299948703514591 0 0.500483178466532 NaN
ROR1 0.275911023514507 0.00150275407302503 0.275918260785162 0.00206098780951569 0.500062847029826 0.414725878284343
ST14 0.551870013226441 0.010205010883243 0.551544090841069 0.766474744889788 0.496810457988625 0.0536749640909396
GPR183 0.218731744329528 0.000721163571449912 0.218827636529135 0 0.50068157513597 0.947038027305947
FCGR2B 0.521531083515784 0.00423007898896932 0.521513744910397 0.0541326745311244 0.499880803089387 0.123872811630131
ITGA6 0.335651707540984 0 0.335688001173206 0.00270992786141178 0.500195075236639 0.13574427528855
CD247 0.288993110451223 0.00115583521697715 0.289014297260198 0.00491508086304271 0.500143397801843 0.0920833748050722
NPR2 0.259821680915691 0 0.26000158138269 0 0.50111550083315 NaN
KREMEN1 0.353190021394921 0.00118085828710979 0.353224513766776 0.00816903879572672 0.500230015622817 0.0570298800273952
ANTXR1 0.713839517602114 0.00608031091672845 0.714025450263219 0.0981666458783892 0.501191792562612 0.0835902288994969
IGF1R 0.461588892857794 0.00454779701911656 0.461659833768744 0.0112397429859379 0.500526969015423 0.208606908852344
PTPRF 0.815292246823879 0.00225450355705648 0.815553086984925 0.0379842507899542 0.502308102363998 0.14047070819767
NPR3 0.21668075223072 0 0.21674216272895 0 0.500342136569551 NaN
PDGFRB 0.607329429645905 0.0357783463163652 0.607364543596136 0.03091892749571 0.500263925999608 0.584083020192716
LRP11 0.523955399955489 0.0126963620954001 0.524044553953323 0.00817368878636038 0.500449654606682 0.689830410026235
TREM2 0.35933587103117 0.03340056393629 0.359370528869412 0.038418706669765 0.500214354346026 0.431510048458783
CD248 0.245591929892401 0.0144392055797948 0.246983671632011 0.00916657130634269 0.512934281211051 0.623327476847782
LRP12 0.202969669291262 0.000694167500190357 0.202991377078333 0.00204093835538766 0.500157356511925 0.123165145167861
KREMEN2 0.247352714458578 0 0.247403837056753 0.00137112436002673 0.500313364467048 0.102369422706165
ITGA7 0.349418760389082 0.00243800426191987 0.349411694279652 0.0127701566105753 0.499910191472916 0.0765612080821543
CD9 1.4078296517258 0 1.40703971050059 0.129392201313024 0.495462629464624 0.0477095874059396
GPR39 0.389024026223708 0 0.389069429902743 0.0340579793926787 0.500291272242981 0.0570867699277401
APCDD1 0.28251996841453 0 0.282562219935691 0.000827739487492263 0.500363656205488 0.171718198068957
EDNRA 0.618235948189851 0 0.618248606565706 0.00205319416792471 0.500072057942621 0.171718198068957
PLAUR 0.294624704007687 0.0023859574387719 0.294649628743442 0.00502658869363515 0.500165438148534 0.194140406109654
STAB1 0.465464649880165 0.000115321546590996 0.46552493347082 0.00136155991093623 0.500453115910459 0.192600373814521
FCGRT 0.449727853724869 0 0.449759417286972 0 0.500175959269718 NaN
ROR2 0.453377040954445 0.0005682846630084 0.45348615343002 0.013469441330648 0.500887748025497 0.172694981165227
STRA6 0.178335278704552 6.17933476843024e-05 0.178374798178647 0.000960010981161386 0.500282205365193 0.0542779805026422
IGF2R 0.740175273825835 0.0112270368229961 0.740268522245407 0.00928682230554534 0.500727646867952 0.585274143001159
PTPRG 0.695140452818625 0 0.695219947610685 0.00799381769977847 0.500533249623286 0.0842370894746444
CD93 0.267887080511588 0 0.271618856041756 0.287105856153504 0.521072235006519 0.115120522450227
LAIR1 0.24803738182565 0 0.249804652928887 0.0726161742501552 0.508421895791241 0.126192999942364
GPR65 0.16256872997278 6.99782074231603e-05 0.162636769444472 0.000834868870680516 0.500424701213386 0.115479059279125
ITGA8 0.544890130220211 0.00208017370121771 0.545035322857094 0.226484170878953 0.501402226602066 0.0719995983798798
NPTN 0.738156076698182 0.010838870381964 0.73842979245302 0.0137755458151523 0.50190717801813 0.406670542508792
LRP5 0.237894202003003 0 0.237981034815651 0 0.500355566689365 NaN
PLD2 0.260429214743962 0 0.260452886467636 0 0.500145563865114 NaN
CD36 0.626386163454046 0.000825113776784514 0.626583147108938 0.0144377893216596 0.501009487613638 0.18342256485075
APLNR 0.430840753286492 0.00631678661966895 0.430842287787452 0.00980595239076565 0.500010738046511 0.367738510948678
EGFR 0.348255353931757 0 0.348269326682309 0.00170174444139026 0.500097639338741 0.154532626668559
TSPAN1 0.797371857255115 0.0146933550310258 0.796694251319062 0.26670586505026 0.493232070296898 0.0302437119877191
IL10RA 0.237830638409728 0.000117087406611427 0.237848460111367 0.00205536538043116 0.500167782244075 0.0341533048273054
CD96 0.338156389449144 0 0.338189139357706 0.000952299558054648 0.500274367503188 0.171718198068957
TACR1 0.35610776759191 0 0.356095314220584 0 0.499908289929055 NaN
PTPRJ 0.399507970075741 0.0175825731117873 0.399542189450414 0.0177740228643397 0.500244625085653 0.496987208360206
FGFR1 0.624905331288045 0.00393010507294345 0.625008154366802 0.000869555158447 0.500888578223466 0.853376997243567
CD38 0.231835712598186 0 0.231946820607819 0 0.500555121337404 NaN
LRP6 0.390136085778363 0.00117035542380961 0.38998682021218 0.302645910374425 0.498903764885784 0.0393925552283819
GPRC5A 0.452218683347268 0 0.452349300650524 0.0526357907529951 0.500973436026221 0.0937530320143606
ITGA9 0.480437036778638 0.00513433069351588 0.480490486810664 0.0078746343295355 0.500404180431161 0.317660279981977
FGFR2 0.199865596648658 0.000445761583092175 0.19987969582765 0.000443243619711042 0.5000842026827 0.501850900014487
CDH5 0.202749594155297 0 0.202844916977746 0 0.500459929447417 NaN
LAMP1 0.798391891036147 0.0143623634429901 0.798478131640697 0.0476361269709991 0.501257159520722 0.0897667991376279
ENG 0.420253054141398 0.00162725878333436 0.420937894029763 0.00618195808617883 0.504432982133 0.246033824083855
RPSA 0.754291452084743 0.000881819444440435 0.754374642032808 0.00437445460598762 0.500726760943553 0.226223356720696
NRP1 0.698608699679827 0.0199206388454365 0.698660213457861 0.0205627561949606 0.500758905109902 0.490685553605064
IL10RB 0.369361159057791 0 0.369471332038475 0 0.500967896539338 NaN
TSPAN15 0.519695351207886 0.00293344896885595 0.519736357878542 0.00723697809621004 0.500240338049717 0.295887786938614
FGFR4 0.187360805136889 0 0.187505507038296 0 0.500830229070841 NaN
PLGRKT 0.680144875079663 0.00273299178687014 0.68015160667617 0.025328123910906 0.500045182156747 0.0736117142964481
GRM8 0.198278881155138 0 0.20471425787553 0.122625252471666 0.533688254992094 0.138690304613232
TGFBR1 0.570608214701592 0.0110014560007099 0.570682658403215 0.0483902105105016 0.500595470215949 0.0872760795231461
CD3D 0.22876288261052 0 0.228802146626369 0 0.500213981468011 NaN
LRRC4C 0.289320285457559 0.00340125348637366 0.289443884345825 0.00146270651088853 0.500644553016781 0.773060249517597
CDON 0.243172894955586 0 0.24323808741312 0.00047712594284266 0.50043061289276 0.08394754827733
ITGAE 0.448117467563897 0.00486333701398056 0.448146289704274 0.0119518562751664 0.500249308009017 0.193900774746326
PTPRK 0.917739833438612 0.0213662956493699 0.917867221003495 0.0212135780886569 0.500846411314915 0.503517983313097
IL11RA 0.245419845740576 0 0.245440822741789 0.000385069414927663 0.500186066233884 0.100281190791965
TYRO3 0.185394525686159 0.00152110297929831 0.185445666683388 0.00321456625448358 0.500345253656202 0.142616844285425
LGR4 0.53673436236286 0.00379551306115444 0.536979372404952 0.0221831705094722 0.501699384445654 0.178721132987284
APLP2 0.924168274205441 0.017449780264821 0.924526466539903 0.0246277911409876 0.504086818839617 0.326021816418999
EPHA3 0.683621262492156 0.00303337945851689 0.683591419037633 0.0152161800888684 0.49978386919642 0.200826304362769
FLT4 0.20720875166739 0.00031597742063183 0.207484055281387 7.65445887784821e-06 0.501354248433327 0.822611175529011
NRP2 0.527338442673136 0.00131954621461872 0.527404651377519 0.00648993973419332 0.500581777598884 0.090663165125942
HAVCR2 0.308233245988099 0 0.308381335023983 0 0.500706310534739 NaN
RYK 0.415654147177289 0.00321260363503439 0.415773213283077 0.0124657884805202 0.500577428557884 0.241380523260928
LSR 0.34303213019073 0.00133361477710481 0.342986383436479 0.0465740403092496 0.499647908355568 0.178430416037912
CD40 0.227342709048452 0 0.227401719208239 0 0.500387138146201 NaN
PLXNA1 0.403791988198053 0.000255617102709049 0.403972425473835 0.00102123455334002 0.50177670102211 0.241772470043958
TGFBR2 0.591761415032512 0.000659932009591246 0.591913552781829 0.0842017251844407 0.501376292830254 0.0871617291885808
CELSR1 0.414107093054788 0 0.413140995590968 0.966496930726636 0.494301072261605 0.0665566164105165
LHCGR 0.178211926932565 0.000242829763572594 0.178257191884592 0.00119243919410983 0.500321393061924 0.135701535773803
ITGAL 0.175685167341773 4.23531486415385e-05 0.182421306764354 0.785809730674073 0.530907996378106 0.0874321335314015
EPHA4 0.212486987970512 0 0.212631340015782 0 0.500625190478843 NaN
S1PR1 0.209382930975778 0 0.209424958835008 0 0.500246867530868 NaN
HCAR1 0.172807625620169 4.28283502140747e-05 0.172863524194892 0.00153522122041228 0.500305855668456 0.0268078109360647
PTPRM 0.743258885363558 0.00433415826425976 0.743196553392381 0.122440383586344 0.499552177326937 0.021822913850194
FPR3 0.256951064486632 0 0.257345341598435 0.0010906366664587 0.5018157048475 0.171718198068957
NRXN1 0.260879523842475 0.000237845850419305 0.260900664045887 0.00180600341182724 0.500128515707346 0.132751762868125
TYROBP 0.733218146331108 0.0477083894881059 0.733247189733667 0.122906800288891 0.500295692962768 0.155095514238191
CLEC12A 0.213146685386383 0 0.213220175787862 0 0.5003291587863 NaN
LTB4R 0.349913599871967 0 0.349944281913167 0 0.500263284647617 NaN
LIFR 0.207227270309213 0.000390688407656548 0.207312321994659 0.000994428290291838 0.500522163829191 0.176873990198666
PLXNA2 0.299571096450826 0.00144763593258768 0.299594193934869 0.00647369202483206 0.500150336584946 0.0902611773029156
EPHB2 0.230535229465069 5.93184429498184e-05 0.230549859465197 0.00150455455886322 0.500150721097825 0.0467050822863944
ITGAM 0.20738498313154 0 0.207526359929086 0 0.500717562288286 NaN
IL13RA1 0.858282317917025 0.00397694788716541 0.858219324120715 0.109917565959783 0.499451248399885 0.0246878902681148
TGFBR3 0.274973346463838 0 0.275001324608015 0 0.500221045070336 NaN
CD44 0.691892270253256 0.00195872014066567 0.691992359704304 0.00544819291497078 0.500647881415274 0.22735788189732
AR 0.87258383586975 0 0.871223274413874 0.288040308287817 0.489626716671164 0.0128547046343398
HFE 0.187619235155353 0.000980052764323336 0.187673197169356 0.00275388896096573 0.500364666910187 0.080662014270973
PTPRN2 0.173665611107504 0.000329543192775228 0.173767090031258 0.00200715731421997 0.500577816048148 0.0940303107632487
EPHB3 0.232538793603651 0 0.232659603705582 0 0.500817213716121 NaN
SCARB1 0.279370896546058 0.000941304956302291 0.279415867316652 0.00275596033582182 0.500240731451687 0.186182008450732
UNC5B 0.206405203619965 0 0.206467888381346 5.97222016285315e-05 0.500371098144306 0.171718198068957
FXYD6 0.235583542175193 0.000128107175729752 0.235631765259399 0 0.50043892641264 0.828281801931043
NRXN2 0.384168379923219 0.000443141466233143 0.384207412185575 0.00116095564926755 0.500216134174524 0.287287438691387
SCARF1 0.165099938332872 0 0.165137939034214 0 0.500221030244287 NaN
LILRB4 0.291458634307951 0 0.291559578991366 0.0045099856202202 0.500561351976401 0.0408506631346711
IL15RA 0.155915672364096 7.05632683772883e-05 0.155974340108345 0.000821921987933516 0.500318447437154 0.103265523921654
PTPRO 0.247206992239532 0 0.247264841250601 0 0.500379813014635 NaN
HMMR 0.424481246398541 0 0.424626454872388 0.0025901865298561 0.500702130754823 0.10914469944366
CLEC2B 0.680775123840552 0 0.680711238134726 0.0176261360168584 0.499153893344967 0.0678655332712307
PLXNB1 0.669152267774648 0 0.669273675579881 0.0907526430403338 0.50106201191174 0.103027679228625
NRXN3 0.303398274200965 0 0.303403090025053 0 0.500030714143215 NaN
UNC5C 0.344710399472601 0 0.345066224184112 0.00173563732597248 0.502202887920396 0.171718198068957
FZD1 0.252130820704921 0 0.252180959571649 0 0.500300648000028 NaN
LTBR 0.691771636960207 0.0160144074955071 0.691851123468254 0.0100064580560866 0.500632454984982 0.687133322597339
CD46 0.729434337151313 0 0.729474553075195 0.01675034847058 0.500386385740264 0.0852026859834242
IL17RA 0.351915111428205 0.000139400754171071 0.351914593827149 0.00292386485122087 0.499994264665686 0.0684510732425522
ITGAV 0.819046503578534 0 0.818814878399121 0 0.498738067131416 NaN
ATP6AP2 1.11274392030027 0.00690750466071366 1.1129437357868 0.0033506527109306 0.501473617053208 0.678334974716631
PTPRS 0.34001314249472 0.0620382098394012 0.340000097464743 0.0622319790098169 0.49988511319875 0.499132412970115
CLEC2D 0.334269423678464 0 0.33448742910148 0.158793954052647 0.501413768802908 0.0515506952202053
LY75 0.197180519743501 0.000399902664045548 0.197293756331767 0 0.500736375338682 0.828281801931043
VLDLR 0.233157778012849 0 0.233495375375376 0 0.501702109767538 NaN
THY1 1.05740557601301 0.0844483891095005 1.05745251664674 0.0902856381975792 0.500222573125954 0.46918817561671
NT5E 0.237646701251063 0 0.237671999296404 0 0.500163213123938 NaN
SDC1 1.13216275521496 0.00760118525238607 1.1319750114122 0.0897968130265925 0.498138592809811 0.0739878520918172
IL18R1 0.247506686928058 0 0.247566376577749 0.000769749118503249 0.500397401907777 0.0821101655220404
FZD3 0.327472862654701 0.000299582616518634 0.327562738009433 0.0141631727509783 0.500525492073091 0.176656278226384
PLXNB2 0.74506446087888 0.021291389372764 0.744994458652013 0.0574577966407408 0.499606358316645 0.201620829954738
ITGAX 0.195491245145736 0 0.19550661459251 0 0.50009392480268 NaN
CLEC7A 0.281465802177265 0 0.281478221104553 0 0.500077315776534 NaN
TIE1 0.236010887590429 0 0.236065716731832 0.000510952591343816 0.500530330264397 0.0812781194806709
BAMBI 0.602243541793749 0 0.602383236646499 0.0346841047335278 0.500895781118173 0.0901557447141679
CD47 0.666783811524522 0.000541413243926314 0.666792144949861 0.157817042589303 0.500067408808711 0.0350998169601706
LY96 0.426246170811499 0.000761830357438598 0.42630333425842 0.00135866702834275 0.5005171011059 0.343269852726032
IL1RAPL2 0.397613561601493 0 0.397629320861597 0.00469097406976426 0.500128389151803 0.074266694244007
FZD4 0.165743894791584 0.000185110578446723 0.165798056460263 0.00159859033706189 0.500325489744758 0.0697853900015486
NTRK2 0.485828194738517 0 0.485799772204292 0.00737058261871315 0.499790278087921 0.094325788592556
PLXNC1 0.588891536285372 0 0.588984609230393 0.00117242912699878 0.500746681850335 0.171718198068957
PTPRT 0.684452490080962 0.00393148848245262 0.683173767009356 0.544324690099975 0.492141970060282 0.0234257334571851
SDC2 0.70103207437227 0.00329171745459766 0.701111611437064 0 0.500404009864695 0.914691173882608
TLR1 0.210826935579378 0 0.210857310457114 0 0.500184393320955 NaN
CD53 0.294056266842087 0.00151628371897528 0.294062284563624 0.00184674487549774 0.500050756443639 0.41455198823648
CMKLR1 0.251732008286066 0 0.251994422104732 0 0.501036324484324 NaN
IL4R 0.469976495650451 0 0.46995304995302 0 0.49984595269753 NaN
FZD6 0.381162455713232 0.00330875598007707 0.381207943422417 0 0.500272892839818 0.828281801931043
ITGB1 0.799090098293111 8.28901348381983e-05 0.799140798684647 0.00368477178530724 0.50038317085632 0.176420567214783
BMPR1A 0.506699022936913 0.0029975246048386 0.506909735826839 0.069512374137084 0.501794001565154 0.114167441784779
PLXND1 0.54360530839622 0.00114671965937951 0.54394828214548 0.0153867303394761 0.50252318094197 0.189677130498694
MAGED1 1.02914782646748 0.000594932693023242 1.02935391026211 0 0.501758055534912 0.828281801931043
BMPR1B 0.265383994980535 0 0.265424686552844 0 0.500294394842304 NaN
CNTN1 0.597037242854695 0 0.597178653390153 0 0.500941318432532 NaN
ITGB2 0.419464475689829 0 0.419485703479279 0 0.500191450463476 NaN
BMPR2 0.755869951328146 0.00478022160504188 0.755922851342081 0.0680063781226248 0.500462008636087 0.0284184882518688
CNTNAP2 0.543707925924567 0.00916554736355879 0.543722367127502 0.00293040581377135 0.500116224390412 0.882050773562826
COL13A1 0.238939215429896 4.37015196419477e-05 0.240505659119327 0.161275202236418 0.507988854616078 0.075012311196365
