target intercept intra para.100 p.intercept p.intra p.para.100
ITGB7 -0.0192575134229807 0.319225770635415 0.011200188373727 0.00229188244571247 0.00127111584766355 0.8908786087922
CDH7 -0.0145079108791788 -0.0415531330679919 0.0184203416750386 8.03147103073945e-05 0.332688322716616 0.795537630662375
MARCO -0.0242888185174133 0.0473039728456911 0.00990696161842741 7.70760756060319e-06 0.458086225268273 0.87809943435957
EDNRA -0.0434477747678296 -0.00890925971505336 -0.0663668833347224 0.000437411115022845 0.895537415316502 0.329512094943924
CD226 -0.0369594984612212 0.0189471375785244 -0.0678686170909044 0.000965122840789197 0.762098007682388 0.322997918148279
GRIN2A 0.000174177226730811 -0.154169432384259 -0.075556438952472 0.990201155444024 0.0205822493360215 0.282934316856823
LDLR 0.000315767829642677 -0.161588582411718 0.0427288810202243 0.984618977188078 0.0194470592083915 0.463369640332737
CELSR2 0.0010734572650368 0.242878055809639 0.202082003748238 0.944685278094602 0.000197273939533856 0.000222329592921026
CXCR3 0.000128266151747559 1.01088443774551 -0.00218421467348228 0.00052302335211317 0 0.201988336923826
CDON -0.0186982056691687 0.128413870623093 0.0719018562704063 0.0914764752379592 0.0441923192356856 0.210734545618014
ITGAD -0.02296990466223 -0.10722271947823 -0.0390921899327173 6.55157001466718e-06 0.0292155763087334 0.496137561127548
ADRA1A -0.0298024920175976 0.0633260656134819 0.0304118055278013 3.91991765209604e-09 0.286734942883783 0.755702423717838
CD38 -0.0313598243333379 0.00382570054119144 0.00935075805278842 0.00302412526609589 0.943313691292447 0.882758133959813
P2RY2 -0.0169893386854203 0.124338765327535 0.00610968860410275 1.12614804845934e-05 0.0894791172586317 0.909012636197962
BAMBI 0.000266839460401156 0.128402698459906 0.160894768770958 0.988456274984754 0.0159438122606423 0.00222071328115746
MST1R 0.00437156494511766 0.000629038819617521 0.20976551874606 0.796174445911648 0.991974752927635 0.00027689297341698
KREMEN2 -0.0212515022365208 0.0633307404821773 -0.0132364043996973 3.55308885589228e-07 0.506882243740605 0.779929604707564
IL1RAPL1 -0.0103936698734195 -0.0185864714296089 -0.0629457100780259 0.479395399627702 0.758697782022526 0.299569825358511
PTGIR -0.0116030239904429 -0.124606722462826 -0.0565137426421871 0.391198616415808 0.0728972303210924 0.370534640656208
GRM2 -0.013317374157822 -0.0247923354283366 -0.0131326440479528 0.000294354583830432 0.719888305775149 0.863706380784238
PDCD1 3.60738498162872e-05 1.01283468347615 -0.000195503421538463 0.11816653866691 0 0.898634876568018
P2RY12 2.49790417605148e-05 1.00392401420841 0.00227858940418715 0.169773876776828 0 0.0785510325663527
GPRC5B -0.0216612166711538 0.0113820433138815 0.0692065775945864 0.156590238315072 0.839122617535668 0.254795484886438
APLNR -0.075342642711602 0.116773039868452 0.0360757632516204 4.20079337344372e-08 0.0272472666564015 0.473960006937933
FZD1 -0.0245310547335647 -0.0757419889213848 -0.0336279422495754 0.000555980745556389 0.208098598167046 0.49664091756447
GPR63 -0.0176460141930701 -0.0188647042685156 -0.00340514740299048 0.000915186436035766 0.842608206314591 0.962069515995234
CD3G -0.0180075915874022 0.0266560327627279 0.0177800264663172 0.00498958137911861 0.762082058463556 0.815933434770423
EPHA7 -0.0314936418806487 -0.0896524894037785 -0.000742830383966586 2.6831740823465e-05 0.154303074850863 0.992558090203238
ITGA6 -0.0538924848742702 0.0378107958267685 0.0427126298199511 0.000160279341692569 0.509088382293339 0.468812489475699
UNC5C 0.0331842142210565 -0.0287256208945693 0.0120737309630278 0.114112146660425 0.635307716222345 0.823688302686933
NLGN2 -0.0163185470335515 -0.0181557324041868 -0.0330239573139916 0.204481292618771 0.731410293454051 0.539900760969735
PLXNA4 -0.00360807847842101 -0.061027896391039 -0.0801921720321021 0.812243639787599 0.376600782072484 0.210366464805657
IGFLR1 9.78499832024047e-05 1.00917887434406 -0.00127414546612449 0.000186900457641279 0 0.34050023620169
HCAR1 -0.0185435526860345 0.0222672699362084 -0.0255564479293977 0.0640067861470505 0.779991795921959 0.720403507178899
KLRC2 -0.0151045671693458 0.0495579127025325 -0.011460370479822 0.000119952801981291 0.563925763535917 0.885674804670275
GABBR2 -0.0157368239185095 -0.0876652622495716 -0.0168916341380646 0.0439374755049676 0.200324583376051 0.783880512424775
DDR2 -0.021542646893795 -0.0405440575210733 -0.0447377922517088 0.0517969030615508 0.584679751212501 0.45777975618373
EPHA6 -0.0172893157639938 0.0609618661560311 0.0384345133294027 0.173554830554094 0.235799814129018 0.491644687247702
PTPRR -0.0228218764174541 -0.0270809693204791 -0.0168568479061148 0.000368086097080884 0.760823133749035 0.785359774621623
CNTNAP2 0.0469076698878629 0.149847903747459 0.0278717789800867 0.0406548736664106 0.00418777137534646 0.590776809782437
CCR2 0.000152029372516839 1.0112887043607 -0.000415951209545902 2.73372080977801e-06 0 0.822224859373179
SUCNR1 -0.0310862956603406 -0.0301074730192067 -0.0232253121672689 2.25931189726957e-05 0.502891288354844 0.743400870989165
CD3D -0.0254128706303395 0.0214713534797998 -0.0111867259509427 0.0334463888263218 0.762824322029266 0.864404444437001
EPHA4 -0.0224080349267993 -0.0749247408814753 0.19053470406161 0.00218962619767081 0.282844123761763 0.00212809501190874
INSR -0.0208896488130297 -0.0121033649177978 0.0625002824130771 0.209122354015243 0.840379465634808 0.231582720005377
TLR5 -0.0175771663711138 -0.019711506993489 -0.0431193055276923 0.0748483158991 0.73248385528265 0.536535134028626
NRP1 -0.0724295983070712 -0.0298303978018304 -0.0486337100502491 1.23482200162813e-06 0.575723891607834 0.38623339939782
NRXN1 0.0453801488033697 0.0431017857685013 0.0580671730126216 0.0455362189070081 0.460429314395881 0.272767793339653
GPR183 -0.0127316194249446 0.00747523194337347 0.119145208414469 0.00127530928884064 0.876157313915418 0.26791869956206
SELL -0.0123136136755489 -0.0845821714791939 -0.024894863247431 0.262951192598604 0.168702574729949 0.742323644353054
GPR162 -0.0211764370147384 -0.166222115154816 -0.023174785966276 0.00321966368145766 0.0300195830738104 0.752368319705236
ITGAX -0.0228682699089637 0.083449862471147 -0.0270713935686056 0.00905874574409176 0.222913992792484 0.686926461511761
FPR3 -0.0150897510168995 0.0679272861349736 -0.035032200497687 0.351441651947511 0.318382793463377 0.5959039607451
TSPAN1 0.0104996755893357 0.0506139217061753 0.0414329834560866 0.566112315034651 0.355261828664414 0.445625148331075
IL1RAP -0.0143741689286835 0.0895234321767049 0.0796851569288552 0.169748084829525 0.131409484114318 0.253161511428451
HMMR 0.0216750851678334 -0.0743594654957213 -0.0236201048678646 0.24298680357261 0.179373137813004 0.660132963407196
GPR161 -0.0302125719332157 -0.0174458152107636 -0.00234256227663392 6.91796738790753e-11 0.813794955663891 0.975416145827305
ACVR1 -0.000983463389784827 -0.0997881071575579 -0.00356522036034533 0.945833814138937 0.0676093098810046 0.951769733877008
HTR2B 3.09060101921872e-05 1.00413247064378 0.000300371267441498 0.0708205087919173 0 0.811340916600803
TNFRSF10A -0.0133409854735159 0.00593088682580619 0.0188737112951491 0.0086528421693315 0.929264290323655 0.793361690198831
CCR5 -0.0181904093534064 -0.0140621213206083 -0.0269559519856256 0.0206555344111326 0.800265079471598 0.688743625887458
PTPRF -0.00277380347238586 -0.0577247721144226 0.212386496548165 0.86371836430364 0.345409361576893 7.08027057207523e-05
ST14 -0.0190495696156886 0.0104701311818937 -0.0146633183934499 0.0067610641974779 0.837018829527798 0.804150809129741
FZD3 0.000687474384001787 -0.050449095824358 -0.0596226201072947 0.964499313181961 0.39247380070142 0.326784505334804
GPR4 -0.0369287556473128 -0.050404068912852 -0.0202358215474372 0.000115183682990935 0.601207536016717 0.786988118242291
RHBDL2 -0.0237947023026914 -0.0566440680146393 0.0235472432000214 0.00624431367679022 0.415572471471123 0.695344328686606
FPR1 -0.030514985657162 -0.0438455773247808 -0.0497850745815123 0.00238270378410064 0.559358038848578 0.478258478049251
GRM4 0.0212974414024529 -0.0545224462282337 -0.0698595681124772 0.24769504371218 0.370130156248285 0.216782523956273
IL18RAP -0.0087379046585687 -0.0154383704601288 0.362979928435047 0.145391648909895 0.82415710446108 4.99306129976979e-16
ROBO3 0.00510989755321016 -0.0318511906481587 0.00266018203941231 0.712427479367115 0.584102458355709 0.959737253885613
IFNAR2 0.000930197086930716 -0.0459706432627306 -0.0544648254384628 0.95883733347249 0.418817741203838 0.323084336198597
PTPRG -0.0664149673747098 0.275603874412539 -0.00642624876872311 1.11685815612981e-07 1.65245597507492e-06 0.908101065261524
GPR84 2.79624556948337e-05 1.00615560935272 -0.00149719115863271 0.145421241937234 0 0.193586664673286
CNTN1 -0.0220207906241125 -0.0200742632451573 0.0778144109689571 0.0482908567183198 0.787309772879646 0.248529720283949
S1PR5 -0.0139764880283506 0.0280974176409077 -0.000950224249305483 0.00739863152587229 0.755153170066075 0.990780947340123
IL18R1 8.13385563690946e-05 1.00433496063901 0.000550497277930376 0.000276266348867508 0 0.668824824990781
GFRA1 8.54075021717792e-05 1.00273576426297 0.0049700576757433 1.97721676310349e-06 0 0.00357539678091584
TNFRSF10D -0.0205813586360225 -0.0154789182080418 -0.028860648947065 6.75108559755072e-08 0.674407906742585 0.664551567544945
IL17RA -0.00312341617454172 -0.00730874443487902 -0.0209138845175619 0.849555379580364 0.900555096788893 0.750235869683278
PTCH1 -0.0265588731086825 0.0329923450327138 -0.0284263765318283 1.4792023520938e-10 0.290515110677019 0.721750506301517
OXER1 8.07452052096418e-05 1.00385624011213 0.00294559439905384 2.87490711676649e-06 0 0.0557859427268929
CD247 -0.0308579418452647 0.00341286160006952 -0.0166258951613479 0.000129577893256033 0.938038098184587 0.779371502147067
CSPG4 -0.0170695451786386 -0.0443025656223992 -0.0504972281883831 0.235046321454148 0.413727261917557 0.427557928947655
NRXN3 0.00573900767079912 0.182687553543424 0.233403105814759 0.768555519970561 0.00044934984094525 2.33455616844432e-05
ITGAL -0.0247982268341943 -0.110315140098 0.0212712786933843 0.00941842281900854 0.0521412048379579 0.746483022565982
LGR4 -0.0142439345506263 -0.0521209264209115 -0.0256805648603717 0.0679354080519603 0.486311507631357 0.681900942287285
PLAUR -0.0112722339208859 -0.05001268395076 0.343409185372633 0.324790590456994 0.367021528607352 1.71608795353909e-06
GP6 -0.0205384491043196 -0.0278087498919749 -0.0117112337391777 0.00398997195205295 0.69765123116107 0.844133110185719
CNR2 -0.0171578418723756 -0.0364375937861183 0.0369605731390659 5.49861202327104e-05 0.67905892151223 0.745822857539862
HRH1 -0.0295872437705714 -0.00386050316088351 0.161164629544365 0.000687083035580663 0.963117723327893 0.0196516787335457
GIPR -0.0216065259447687 0.0135161081173743 0.0619001376444567 0.030793672917987 0.831427777501437 0.33716786569791
CNR1 -0.0180775941803136 -0.0509260113848043 -0.0187778411313715 0.0225917785205989 0.484974818818769 0.816013448285784
LRP6 -0.0164747561985024 -0.0109503744488774 -0.049719829279089 0.258947686119445 0.860618687496065 0.386159748802314
ACVR1B -1.68041238899418e-05 0.0876935388777214 0.15604770211749 0.999283562110861 0.131909068228775 0.00202187651969402
IL7R -0.0114807982663946 0.0718304420804739 -0.00929620147623001 0.0243557864734579 0.384892522201483 0.913833095037257
CD96 -0.0183895493238931 0.332956265874777 0.0357607930265397 0.045455881946178 8.55446225803503e-06 0.680051876163528
ADORA3 -0.0242008422942099 0.00908121009059522 -0.0242853696977638 0.0437935349683127 0.896151440230184 0.710622989167577
ITGA11 -0.0144582111824201 0.171270721325778 0.0220720231108607 0.000490821419228319 0.0476907482214406 0.803442393485313
SORCS2 0.0360205993705722 -0.0290013563137335 0.10029252515917 0.0983836217938436 0.63643433331427 0.0585600802112027
ROBO1 -0.0157343486177968 -0.0242935985245681 0.000217055310321823 0.364392557893006 0.64085309845522 0.996871225449019
F2RL2 -0.0197466082500115 -0.00715978544712256 -0.0353687090309893 0.0465418250796002 0.897949696807781 0.573497131624309
IL13RA2 -0.0064714188023051 0.0305822004957818 0.157003789957941 0.077357252084257 0.367564787656208 0.0778573635106173
CD274 -0.0225199335403764 0.124063858357663 -0.0297643631401916 0.0118781655005424 0.159475943620063 0.660138312647747
PTPRK -0.0215566159930633 0.0927655971702859 -0.00886110637746321 0.0878090969667995 0.157861959706319 0.890547712819372
GPBAR1 -0.0255389021775092 0.0758679824132059 0.00588960492041688 9.45277633489305e-06 0.339917422926717 0.93494139336945
PTPRB -0.0589386429840766 0.0297028789228653 -0.0389395041485512 2.83677357017223e-08 0.670021394963294 0.523714415405496
GPR176 -0.0327118807089338 0.0332616659708433 -0.0658627921459265 0.00826148044410642 0.566035510152469 0.389763508815778
ITGA2B -0.0149186581261172 -0.00547317545916468 -0.00856931114134274 0.0147806940751639 0.925605781961313 0.904473086477107
RET 0.0083556606617784 0.106090683437848 0.0672556875146291 0.660282876434287 0.0708798829102521 0.205737643211215
ITGA7 -0.0372905901204781 -0.00419981451272156 0.0598118473175313 0.00781162392643792 0.941612067060673 0.282932382430314
SDC4 0.0482389669335902 -0.129566089474988 0.0521172818210502 0.0213362264489096 0.0250504484212124 0.326481896180604
MRC1 1.92328156707408e-05 1.00474609987652 0.000641744976744263 0.19828899982644 0 0.61961519094083
LILRB3 0.000103046773727612 1.00362193752176 0.00223792506906545 0.000382960162375257 0 0.114461951250055
PTPRM -0.076719525596041 0.0340244076551429 -0.0182628978259219 1.32375489495422e-12 0.525972865536969 0.776152362229905
P2RY8 -0.0451928072059349 -0.0167082527971716 -0.0296711404618289 2.90540490821364e-14 0.699347613387589 0.65953403641717
EPHB1 0.0130001880714843 0.11351375254057 0.0150782773918537 0.499811324089317 0.0557918119818242 0.802635129113439
FGFR1 0.132299222531969 0.307969623071007 0.11883853821507 3.7152578478044e-08 7.18930990387671e-16 0.0128250936183537
IGF2R -0.0129612400318415 0.0593393135251702 -0.000721260347357635 0.425245855827177 0.342268652017874 0.990537680682947
PVR -0.0200547658916074 -0.0489497876716943 -0.090884178815615 0.162950396435011 0.471826051820293 0.113047757438913
KLRG1 -0.0312512555857934 -0.0136351408931204 0.144505298539772 7.3490268941697e-06 0.856397885501537 0.0321968770249573
ESR1 -0.0254238648511648 -0.0350350376027971 0.0616143161354939 0.0326788236683303 0.619157830570711 0.273118590909616
FCRL3 -0.0193469937129587 -0.0243935983515366 -0.00147128004975936 0.000321107215725132 0.766878717263434 0.984742927224134
LRP11 -0.0305073701275112 0.0252792428839691 -0.0243284685241644 0.00951717437252978 0.706781803368183 0.657649449152621
ROBO2 -0.0352513605374471 0.108911196754047 0.0550414451245676 0.0069287509671801 0.0467490747287172 0.30242820429677
ERBB4 0.0622323366754223 0.0272614339936772 0.107552837768122 0.00865834480740744 0.615045496857669 0.0434017796642985
IFNLR1 -0.024908454784365 0.0118011255410839 -0.024491379406516 0.017866184203879 0.845882199236779 0.716623059929929
TRAF2 -0.0119621403579591 0.0146698138914851 0.152299464922272 0.458106690756515 0.805778623975856 0.0129539988976786
FCGR2B -0.0302894721468866 0.00885238958039886 0.00161388345822227 4.69474718838565e-05 0.878529054132901 0.981336341070575
HAVCR2 -0.0324089684934724 -0.154257883654097 -0.0756593257930926 0.0177890115063767 0.0165505831806582 0.23820695118959
GPR20 0.000281717343974735 1.01083382989082 -6.97418353236772e-06 3.54515582630131e-07 0 0.996524941843438
NTRK2 0.0360891982180656 0.0292060971905061 0.0504156337022582 0.0806980877033991 0.56726523896684 0.344297635297272
ACKR3 -0.0223042666291796 0.00853000650623642 -0.0361919892853517 0.166206673163577 0.878718196355731 0.539771396241687
OPRL1 -0.0131897165646849 0.0213072234620595 0.00971324393488591 0.0313680755257861 0.713375325664673 0.897985584002259
IL10RB -0.042001169843284 -0.0961290134822861 -0.0205165782088954 0.00283885094698492 0.078239079211815 0.706656828417325
EPHA10 -0.0214343191941999 -0.0338396651075081 0.0893087888970076 0.0526241094667595 0.533089402125586 0.0900991578918839
LILRA1 -0.0211025944468236 0.0232237675000153 0.0154849929692287 0.000324088418842182 0.800384001769204 0.88849246781187
PTPRC -0.0189359283144924 -0.0324202535658089 0.000213023284754868 0.236163446024583 0.576150216699679 0.997091965282366
ADORA1 -0.0207157581800641 -0.0290714319135475 -0.0402360957605409 0.000931172756201426 0.590660366651635 0.589266683888925
APCDD1 -0.0336783831780726 -0.0473039915297249 -0.026664767020179 5.44214175146917e-05 0.565422048305425 0.703104613534169
MERTK -0.0295767677114999 0.023883061102545 -0.0400043164095331 0.0182110509060842 0.696497609093232 0.527171005536404
EPHA3 -0.0252830065135791 0.0219412162654404 -0.0290085626697362 0.00774341169428468 0.660786546036494 0.708278165708625
CD80 -0.0146857127702863 0.124456733595516 0.0508225476393155 0.000106682747739797 0.0127664444423675 0.405140260820942
