target intercept intra juxta.15 para.100 p.intercept p.intra p.juxta.15 p.para.100
B 0.73806921257679 -67.5564144314817 0.170022137192403 0.231554897815404 2.49640698115285e-15 4.190560258652e-15 0.000200284812380125 1.37715641342448e-08
Endothelial 0.631224063917543 -43.1564826128844 0.475188535382125 0.619334209629299 3.64954503398275e-12 2.97151603190775e-12 6.84274972016873e-53 1.84819904458338e-107
MBC 28.3120979493617 -35.5876905268426 0.413924186382506 0.581076712356438 6.26763820053804e-08 6.29416281760115e-08 3.8513109844209e-40 3.20596029242926e-92
Hepatocyte 2.20320874260738 -55.9338973506666 0.190138044300286 0.157235728041555 2.34135338252766e-14 4.44249255892441e-14 2.54965062773406e-05 0.000165462317145839
Fibroblast 0.409538152546385 -43.3948539640044 0.360861050242063 0.590224624334861 1.84643163828572e-10 1.7952390911455e-10 6.94817857287783e-24 1.33320690527044e-68
Macrophage 1.13905010154986 -51.4941515185373 0.328258970441191 0.50987307764768 2.43443102240334e-12 2.65249214019035e-12 4.43938956847254e-18 5.10407145009782e-51
Monocyte 1.08146193145161 -55.0903726316332 0.330877886874286 0.50749148154712 1.7388881609285e-14 1.86464323945461e-14 2.24373625533836e-17 4.10703963428281e-56
NK 0.157067223712857 -52.7296215848248 0.141621464903482 0.169652435539246 1.4125847616785e-13 2.75159712577247e-13 0.00116946415711472 0.000234876950243449
T 4.51574065567173 -52.2886035346035 0.345015090734996 0.475343195836844 2.12536453928104e-13 2.41796919755659e-13 3.23406208815113e-20 4.44199003417893e-48
