target intercept intra juxta.15 para.100 p.intercept p.intra p.juxta.15 p.para.100
CTLA4 0.0662723597115566 0.139486187172961 0.0422492941685923 0.0894840128640945 6.83492633321568e-48 1.77841551264975e-11 0.013793789699247 1.87557548593966e-11
BANK1 -0.0545865972468835 0.692964772905355 0.169947412064841 0.286893241811407 2.51539708135457e-26 0 2.36031117422343e-32 1.08884095112009e-146
ACTA2 -0.403266043739903 0.68819779794894 0.154683214955891 0.419028383492604 5.46419008850752e-111 0 4.71177490663195e-29 0
IL2RA 0.0805083039611993 0.315498166112417 0.158644079847502 0.0644492172973126 1.45828413723371e-26 2.38972527465818e-71 1.37733218709945e-23 1.68976037836712e-07
GRB7 0.0969064357452154 0.293901011667355 0.158815214052211 0.0801183183014099 4.16761219050397e-31 1.65638642885443e-60 8.34595901044917e-24 4.80423455030683e-11
SOX18 0.034999882816986 0.448214843161735 0.138366475066473 0.133339583676299 5.2729465415397e-06 1.09881319481258e-152 6.19906744802108e-19 1.57181559235624e-28
MYL9 -0.620267170383507 0.772525107970647 0.226165240824041 0.237831039913958 5.37700926901353e-67 0 3.76082700099493e-47 5.77042820734841e-117
CD68 -0.0601976302009374 0.656376199889221 0.205340085750725 0.133573712458749 1.669725984489e-08 0 4.02466950589477e-48 9.56735662937083e-32
CEACAM1 -0.151400062496774 0.662219145986832 0.166367395496201 0.281532295716997 3.90609534078758e-36 0 8.15534571647041e-32 3.80022021886086e-157
TMEM45B 0.0864737493131244 0.0684930383535598 0.0886624981489781 0.056661013442134 2.57842465170568e-61 0.00104099854338357 1.69960603113849e-07 1.24855884580387e-05
PBK -0.0416057554197928 0.578399417037441 0.227556880878306 0.150294257768636 0.00776509250724501 0 7.67211422833836e-53 2.2048621756473e-41
MAPK13 -0.101893165759456 0.705811095827028 0.185669136692398 0.127644556145693 3.06324135806401e-05 0 1.22225900348916e-32 5.34718454899272e-31
RB1 0.0819938962272226 0.469713098575039 0.171206671481093 0.102868819193958 5.94666543915399e-09 8.96009128465286e-174 6.79192712505305e-28 6.77458548480399e-19
KRT19 -0.788308735795306 0.71149888437073 0.127016627147152 0.292076658514663 6.81312876591572e-203 0 2.54721442661296e-36 1.4180204486419e-278
FAT1 -0.0528229666185471 0.604722371197623 0.19932846267295 0.171314472061145 2.73053433594356e-05 0 1.02592026938387e-40 8.05301447375147e-53
CD14 -0.0307181376322584 0.652906319268614 0.122382914394627 0.161872660587871 0.00915575691781772 0 1.78449117996074e-16 7.16655213420571e-45
CTSL -0.271836800794721 0.778368787225153 0.175086750023779 0.159711161358039 5.08658464942418e-34 0 7.34778338754508e-35 7.75552652597759e-52
ACTG2 -0.615648680174027 0.664744144723764 0.00140855196836797 0.537072897333915 1.52572147034694e-159 0 0.906743666624847 0
IL32 -0.482617100925238 0.560970735225313 0.218265517078508 0.386643670334158 3.29871123953715e-37 1.44284651722681e-299 5.96752033298817e-43 0
PDCD1 0.0709521611888389 0.164162441603017 0.124315035262326 0.0267795032408759 3.48746552902608e-47 5.83077207584669e-17 5.843342206421e-14 0.0370137650595827
BCL2 0.0246705665848942 0.5015303726159 0.194032432731503 0.131844985583501 0.0448562801119203 1.02246188437814e-199 1.09814847954972e-37 9.37723624202229e-31
MYLK -0.441474929573779 0.824656519158542 0.169414267317377 0.211057443789962 7.18974997167666e-91 0 6.11954694938407e-36 4.71343801824904e-95
SOX4 -0.489820800784425 0.789447349951133 0.0835860558773005 0.251685010059729 1.4551154325356e-74 0 6.7118001775292e-12 1.52287301549532e-154
CENPF -0.423477926156136 0.856398950192318 0.0878129148933582 0.239530760168783 6.15029279141968e-156 0 1.23100835681845e-15 5.44653274191201e-149
CD69 0.0635852176735361 0.353139449143212 0.153022724266248 0.111039065132133 5.36227757467652e-16 7.05232961264227e-94 1.76887983662209e-22 4.22507092676615e-20
CD163 -0.404837615514588 0.964578707389464 0.0223552441277589 0.239705928774808 1.83928593187421e-156 0 0.0416930271580504 5.97068411285989e-144
GSN 0.160969892497239 0.334003180464408 0.17200139972825 0.143014529042783 4.90689725023187e-22 7.03026868184053e-80 1.85075264232318e-27 4.30920098457802e-36
KRT5 -0.585436275287189 0.738698425127553 0.0223889860661566 0.391568134510156 8.73271225261068e-123 0 0.051045045161805 0
MAPK3 0.111518100701027 0.397516335375964 0.22796410123412 0.119179256718663 3.7894634066906e-12 3.40566632370887e-128 1.54696133447059e-48 3.11018602148792e-25
RPL13 0.210216135554844 0.331502614415323 0.226109893892189 0.203891968983404 1.06113773665248e-13 1.67072133997714e-83 9.49549795878769e-41 3.98726696796504e-76
FCGR3A -0.202282991661894 0.682966751843136 0.205797852474971 0.18662540316133 4.3863478113649e-15 0 1.85952849855279e-41 9.82297579973009e-66
TMSB10 -1.23949716950981 0.827373808543642 0.0826070202450776 0.250604511258499 1.19239136128019e-80 0 1.80603120786769e-10 2.63940415113026e-155
CXCR5 0.0966059855304856 0.151937667727761 0.152449865643666 0.0886810209167464 1.79031340609793e-43 1.18518341538747e-14 3.06947501743416e-21 3.15486135088457e-13
ACTR3B 0.072723228966843 0.442878282907422 0.224659093872987 0.113060711334267 3.3021003883945e-07 1.48891323579623e-164 6.35127643764369e-48 9.29571625954248e-23
PDPN 0.099442771816808 0.259680356934922 0.09747392230897 0.106490626702134 2.13831682679821e-34 2.05045647744426e-42 2.01511312339914e-09 1.55350425906826e-18
SPDEF 0.00734922557166068 0.38497705442869 0.19715325896045 0.24890267247746 0.321223460745274 5.20238302017073e-121 4.13466046968414e-38 2.86365225596924e-103
IL3RA 0.0799129405490612 0.354198559839443 0.145337523459954 0.0673504440971734 1.23076897502538e-22 2.28451205318247e-90 4.52267860534153e-20 4.70302284213341e-08
CD7 0.0586029293996634 0.296233209285569 0.188217364942157 0.0829980590316456 7.43896124268098e-19 7.99817445592167e-57 1.42640131305151e-33 1.47087506121352e-11
BGN -1.15322905815697 0.816289187892465 0.101960211636536 0.339286827478539 5.43771447988791e-193 0 2.80543176365779e-17 4.20612916726959e-308
CEP55 -0.272547981877876 0.79319494971748 0.182756973990647 0.164294104715229 4.44759121965984e-54 0 6.6437683594047e-41 4.12642223225271e-55
CD19 0.0741731242579479 0.253003205587259 0.1320531324889 0.0264888528824163 4.72434200273872e-37 9.15090927660538e-40 3.8323298597528e-16 0.0376217607497788
MYO10 -0.324554594053361 0.78465163017208 0.138999499754649 0.209729393631704 1.78267814749671e-52 0 1.67712611366335e-24 1.19065738570791e-93
GZMB -0.0830460786849018 0.719035095215655 0.142660693036942 0.266683114210839 3.23435207278152e-28 0 2.85240934448978e-23 1.13808712062283e-123
KRT7 -0.486844956990498 0.832851475296714 0.0838601271731976 0.205871493138552 2.33266296210638e-90 0 1.71514688993438e-13 3.15959614420817e-113
MDM2 0.0530508413036507 0.464641478022148 0.158703581411337 0.1511004739321 4.1455843938825e-05 1.1957495658851e-167 1.11218435707546e-24 8.02119905513482e-40
TP53 -0.39987488304178 0.869718071018428 0.121269752759872 0.153561813647759 1.8951888385104e-33 0 2.6967906314465e-15 1.19974362000131e-47
RPL18 0.285329515846461 0.220622631613782 0.118202887551777 0.112322203024576 6.03460719871473e-63 3.92135328305022e-32 1.343033372599e-13 7.83958712768146e-22
FCN1 -0.0114057220845821 0.434471334902912 0.137645439665647 0.325036726929148 0.2407807500399 2.76221341253377e-157 1.2306393050516e-18 1.91813822639727e-186
IL7R -0.106831046554738 0.68962646744556 0.15063799994784 0.447947760051737 2.0368997334e-72 0 1.47359789762807e-29 0
ADGRL4 0.0493462226759531 0.386501404974947 0.171756288431679 0.084316121355278 6.737222348296e-12 5.2960039278382e-107 7.8210297513392e-28 6.72283959451453e-12
CXXC5 0.0989793035607369 0.225729783062228 0.17168400659112 0.0863437540106025 4.7571715567174e-35 9.05417925020922e-35 1.11366944068788e-27 1.31877630014507e-12
CD74 -1.33353352306026 0.768296208756486 0.16337916652898 0.362181682641998 0 0 8.54467493624561e-49 0
SPP1 -0.368643123087545 0.531323809350885 0.238680252507947 0.480824239226582 5.91201792445986e-97 0 5.70425104971804e-65 0
PDZK1IP1 -0.0512368472988084 0.595042503183391 0.2301830773302 0.146868535458105 0.000846604816167343 0 5.07479618219807e-54 8.29406641947609e-39
BICC1 0.093991949192685 0.367111752680838 0.0935510507436686 0.109758168671216 1.12568532474477e-22 3.39797715341462e-89 1.0102404300347e-08 4.77340939139559e-20
CD2 -0.185583354292913 0.922669252380281 0.136093620511437 0.270391237704548 7.40833881072288e-121 0 1.31171441236839e-25 6.90674418845665e-150
CLDN4 0.0628816199660346 0.349945383391821 0.215202594153125 0.0994637483574993 4.83137969884187e-14 7.69401505710433e-97 5.65190305546466e-43 1.80160134928151e-16
HIF1A -0.36296960500022 0.706753940016968 0.184929380858636 0.238425140135997 1.40508504289341e-26 0 2.73365605103007e-32 1.40022444561375e-116
MYO5B -0.0381756518713488 0.508922472386656 0.223093858775792 0.225139492739581 0.011321993977917 5.7053622198802e-250 1.347213741004e-48 4.16809431917713e-92
MELK -0.200173072514365 0.832058471820039 0.145419123310971 0.139318917390542 5.06546069738256e-39 0 7.40301511334858e-26 3.13233360687399e-38
KRT8 -0.522769000304077 0.770646991444072 0.113923028817127 0.234356198958815 1.29598156004386e-76 0 9.30754418960049e-22 5.0734792894569e-142
RPSA -0.238614297090716 0.710892997312079 0.228567341551887 0.134233449605215 2.52242982370097e-11 0 4.85109989326961e-50 8.48766524682273e-36
TPM2 -0.329434090101894 0.75460116095884 0.190386725547366 0.168969513960905 3.0802444424603e-15 0 3.16513694586366e-29 1.53783140378708e-55
FCRL5 -0.0942185414527668 0.904462930726854 0.115147178253918 0.198014595212069 7.61230759432666e-78 0 1.29145675893981e-24 7.8569408490717e-94
ISG15 -0.910012615286419 0.564731835500402 0.206246138124108 0.458693318116123 8.65756760628736e-62 0 1.87238185680905e-40 0
AGR2 0.087596312777405 0.139257919098511 0.0775119172997739 0.0186294387195881 3.23866164067258e-61 4.66566109460405e-12 3.32280315055533e-06 0.147053694931266
DCN 0.00137147247966606 0.354231799045258 0.281048067659648 0.222273925026533 0.866422382994782 4.46243140573217e-102 5.57555139504182e-80 3.66292369004793e-95
BIRC5 -0.00874908620660797 0.509321516073563 0.252099887118524 0.127227252829014 0.273724559430508 4.28702158047222e-256 7.88318805914313e-67 1.81632990659177e-27
MZB1 -0.217884863246964 0.693457373533087 0.182748374058854 0.415501963997537 2.8436561832023e-217 0 5.89448999100214e-71 0
STAT5A 0.0788497300943439 0.366504282966684 0.219229908259009 0.129895373543713 5.09887762425164e-11 2.86892387823731e-103 9.1546540423295e-47 4.43748545777842e-29
CD79A 0.0815659279147367 0.298453713912344 0.19010241944608 0.0849929553774684 2.33725162596542e-23 1.22167659979825e-63 1.55096990040005e-34 1.8901379330041e-12
PECAM1 -0.0677040956895397 0.786445538186386 0.134192112728455 0.149108637594736 5.62945991053682e-19 0 2.89384654845085e-21 7.11538259366297e-40
CD24 -0.849120663275324 0.616693501024371 0.175773044264415 0.325569340222193 5.73800561948373e-284 0 8.93668785450469e-85 0
HLA.A 0.112294215707001 0.311807917597889 0.156205169143808 0.111978020429301 1.23790108476589e-25 2.14597323779732e-69 5.08005369950883e-23 7.52499455607149e-21
CLU -0.190256070376833 0.491646463025314 0.219336094088772 0.379695918190654 8.85265690268836e-27 6.55426292007844e-231 8.54965411984639e-50 2.26666238754903e-309
RRM2 -0.172403307603191 0.802133490367872 0.111342925560037 0.212917231768215 1.04057252425922e-43 0 4.17411693202885e-16 2.30160040333913e-87
MIA 0.0959004674691284 0.28526943978107 0.182854236913675 0.0970419787372378 5.10772295126882e-27 1.05431850102864e-58 7.48879692759035e-31 6.90530197233315e-16
LAG3 0.0607341388616673 0.368200884878371 0.135128090292129 0.130086688074666 5.70740513072464e-14 1.23679920462781e-94 1.39891315626814e-17 2.23512887634626e-26
TRAC -0.0316406273050353 0.645094852012599 0.200102245165682 0.129292147680608 1.3600211648424e-06 0 5.16438240180926e-42 3.96657501313941e-28
AHR 0.101348334365731 0.358666749767739 0.187293424471748 0.126031297904308 5.7275833025812e-15 3.52235039817765e-91 3.86102339482606e-33 6.4172759938918e-28
ISG20 -0.0562061805861011 0.523441743072019 0.227955196288372 0.212223344151335 0.00128097101166653 4.86362764756942e-247 1.7000157934752e-49 1.69835105479747e-83
FGFR1 0.134713427009561 0.335158361890394 0.141840583461314 0.0991873586227114 1.98405105058291e-27 1.34855767700629e-77 3.4677390411839e-19 4.63029675631957e-17
DERL3 -0.0461894478322233 0.617229309451388 0.141090708890097 0.206319977990587 2.95507034511373e-05 0 4.75133484361056e-21 1.23407816043464e-74
BLVRA 0.164848455795501 0.221157999208742 0.172737372459298 0.084640293643129 6.41898932039703e-44 1.32485680343911e-32 6.70231514006576e-29 1.55989789957112e-12
PGR 0.0706000414654924 0.1366253410724 0.0772887618936835 0.0641205418015274 1.45398934014746e-50 2.53457285949399e-11 3.84588216360975e-06 5.54943004381119e-07
NAT1 0.0812619707591026 0.0841525203271043 0.0749085457354495 0.0248248483078819 1.33579983795819e-65 4.31139945120093e-05 6.09475626532218e-06 0.0593195787358283
STMN1 -0.55961745901881 0.76052394102525 0.153069971486978 0.211398820235501 1.62989988321377e-79 0 4.11521996553365e-37 7.3082966721658e-114
CD274 0.0850642065869858 0.143540755057235 0.131330175643433 0.0712356681696053 2.4657264415746e-47 6.64903872753593e-13 1.33149028737192e-15 1.59873052086279e-08
HLA.B -0.73379487810783 0.795341849316552 0.183879954749319 0.237831764540835 9.49812983636973e-84 0 4.19745528339091e-37 2.68737967552473e-123
COBL -0.237615312884095 0.751490064269202 0.177287318808854 0.179137381979193 1.5248120786092e-39 0 1.30083978107284e-38 9.97286295864865e-68
CD79B 0.0303565682114623 0.427945139156274 0.182322068519527 0.119804830703903 8.75574534957298e-06 7.55941015741254e-142 1.66131762881239e-31 3.00358157424757e-23
S100A14 -0.0836797492102594 0.573082127456048 0.216771654223227 0.215549777119728 1.76221807597736e-07 0 3.88648990300125e-46 1.65528570685911e-87
MKI67 -0.403268084128895 0.924638672479188 0.0734323446285296 0.169569761801223 9.10922693463218e-143 0 3.01287485372519e-12 1.53973037116932e-76
LAMA1 0.0494403991356746 0.448456484045013 0.109918428777532 0.173799433504552 1.10054688898359e-06 4.70508120519166e-147 4.5473470663451e-12 1.07557391057964e-48
ITGA6 -0.697412766266718 0.794303410514978 0.036757990016015 0.391285618485056 7.10006697037724e-206 0 0.00126158957365509 0
EFNA5 -0.227798723317768 0.760236727668038 0.140554090401474 0.23298080799239 1.63885807643313e-62 0 2.63320563117073e-27 7.85367127472871e-120
FGFR2 -0.385968880011741 0.728439505207112 0.130499665454257 0.358155219103377 1.03452782229861e-127 0 9.10326245488027e-24 1.01846147388097e-306
TRDC 0.0817695917661754 0.315910356743916 0.176632532071563 0.138590181021478 1.80737249218356e-16 1.54765437628966e-67 9.98930452524317e-31 2.70832351800435e-31
AIF1 0.0870437734536215 0.224346637741396 0.146941532935948 0.100621439663276 7.94383681593081e-34 2.17523179503474e-33 2.25906040087753e-21 2.95765806196844e-16
NCAM1 -0.0450077276663946 0.542892641855084 0.220748976837298 0.230982925476388 1.95452446190917e-10 6.4902170711101e-270 1.49811406934595e-53 4.11418264500362e-97
BRAF 0.0786797286112935 0.310387617038567 0.211949720852341 0.0909318888851179 1.95719129461739e-20 5.1869190232262e-71 2.55933131912595e-42 2.39394657570124e-14
SULF1 -0.194543638509055 0.860061825706823 0.094646574937255 0.188154312499004 3.21180365201203e-40 0 3.80375161599329e-11 7.16802842583786e-68
PHGDH -0.320090944316798 0.698319431534606 0.148214636454518 0.281217672077627 3.52996036055486e-49 0 3.18820302258842e-27 2.15617204176923e-171
CD34 -0.203917630693819 0.845384965367833 0.14550736583138 0.202051521205459 4.94012470303843e-64 0 5.87122273180732e-26 8.3373795843918e-78
S100A4 -0.050050348385716 0.529130935140924 0.228716245724329 0.203690777396752 0.0108977223463257 2.63779573604841e-244 4.16019581203779e-49 5.33875688529886e-77
COL1A1 -0.784771217440185 0.956016855664214 0.0293420642170132 0.203563935754336 1.12531024150794e-259 0 0.00155818416628289 1.52378288271377e-137
HLA.C 0.0215000944064077 0.513473097688624 0.221394933576723 0.140353452289628 0.210604980407336 2.44735886973094e-236 5.07970091424174e-47 4.43615772497651e-36
MLPH 0.000242529340502961 0.48516189431328 0.250065459753269 0.137348821226549 0.979638942032036 3.11714187397513e-216 3.78464428268888e-62 1.86955711905312e-33
CD8A 0.119316508595692 0.164828979307254 0.108081486522822 0.0650864390500647 5.36037849616604e-57 2.32910284107023e-17 2.59263418866882e-11 1.57330056152173e-07
TSPAN1 0.0583035386004774 0.081526049780419 0.082634661353614 0.0874517934243089 7.09115067916639e-47 0.00010266648860316 9.77585573998572e-07 6.39663405706667e-11
ITGAX -0.249581314027087 1.02198772142132 0.016823534118176 0.205918794421226 3.43233909423117e-94 0 0.18470073451863 1.11338345024883e-88
FGFR4 0.00775339706127826 0.501717155682292 0.218877501493317 0.140211825716808 0.411653896251198 3.55890217251444e-229 2.25728069659222e-47 3.96324684450099e-34
LAMC1 -0.427456330261224 0.854779385509682 0.119055575043351 0.182658503113861 3.59512392651911e-71 0 8.73231749116628e-20 1.32927419385511e-73
EGFR -0.118952238515018 0.679775749936522 0.200131630554698 0.159720412791854 2.01083181056854e-12 0 5.21204958679277e-40 2.85330070304775e-48
AKT1 0.000427602354554831 0.579042348633683 0.240944399315654 0.108980236031156 0.983271017774525 1.10853229513871e-314 6.78477835271828e-54 3.18357427231675e-22
NDC80 -0.308156012792712 0.880467140903169 0.137244782689582 0.142476296035098 1.57297675568281e-77 0 2.41334133957124e-27 3.87249521698059e-44
C1QA -0.500564363357307 0.784033409019705 0.195461135747383 0.252750439829787 3.06318800785792e-171 0 2.02693962349314e-62 9.35080530863902e-158
PI3 0.0884982854848734 0.140146117655109 0.127291689466928 0.0884047722257029 2.19129443410747e-44 2.87448171364421e-12 1.16430445983804e-14 8.51502536908634e-12
TAGLN -0.149207159219192 0.588062737375989 0.239078157695135 0.257376404947745 1.11586261094087e-20 1.30433330502089e-321 5.62195791197484e-56 2.09168821633864e-127
CD36 -0.0183853485641582 0.379475458254326 0.211638848175645 0.314375733274837 0.0775459252433091 2.27431043902601e-117 1.94310835445198e-43 4.54403258798726e-176
S100A8 0.0703273322346328 0.313483663651097 0.209359076485284 0.233745711719276 2.89562092101163e-07 9.25671879832038e-75 2.25620264182385e-39 1.13046385274818e-97
COL1A2 -0.763278448512717 0.949713553216225 0.0604620076075908 0.165988146483671 0 0 2.76602622825625e-14 6.39829381963562e-109
MMP11 -0.584853862365568 0.740222785357342 -0.01170585379116 0.618202601336846 2.03302814228648e-281 0 0.314462497753417 0
TTC6 0.0483325337938499 0.386891044155924 0.215705122196169 0.142502330025536 2.95643600860051e-07 2.40902699710228e-119 2.14273821942008e-45 3.19596293452737e-35
HLA.DPA1 -0.185536454203383 0.698409249049488 0.21009419074116 0.204931033952702 1.02919855166755e-38 0 2.27073181251891e-52 4.03371184317426e-84
FN1 -1.48514794403749 0.899841208348198 -0.112406466825991 0.539371247857016 0 0 1.04337979168378e-23 0
EIF3E -0.229526219731472 0.651457784523632 0.234161042163217 0.195358477602619 1.64850428120915e-18 0 3.50947663461805e-56 1.99363824967958e-77
CD9 -0.159640869579953 0.659624285146342 0.222641734965217 0.174471573146446 4.92971426937666e-15 0 1.43409733186288e-50 4.6445864984541e-60
JUN -1.18088635155739 0.730224457617383 0.188995302184479 0.399283431552018 2.43183855264761e-95 0 1.41599476799653e-30 0
NDRG2 -0.218615439380563 0.5842300956055 0.279330217175784 0.243669481003994 2.85496801221516e-36 0 3.42496983625873e-83 1.22931645241198e-118
ALDH1A3 -0.0656987708469641 0.525451256617934 0.253140805649973 0.210340286189242 1.25094495059327e-06 1.69417630319961e-270 2.18689390168352e-64 7.24175394904535e-82
C1QB -0.370546912642029 0.80829956110216 0.161902893786008 0.246433610133626 8.49824394163212e-131 0 5.90547023513697e-42 8.78884628543729e-143
LDB2 -0.191827350169699 0.743510663425256 0.207587690439954 0.196061255668737 1.41427824857872e-43 0 5.96268070452416e-47 3.02648187725853e-74
S100A9 -0.445398297231615 0.551580857447698 0.200017725005849 0.41237669973062 9.7670573851567e-55 0 2.90165492490492e-41 0
CD38 0.00811900425223266 0.496789000129973 0.160699638534516 0.14560527380546 0.148787213335613 7.09301753271583e-197 1.13707389244218e-25 5.13549166733945e-33
TBX21 0.103147782080904 0.21112614383275 0.0966139304167231 0.0718215888973515 1.79403101779024e-48 5.6175593586805e-28 2.4849710101673e-09 9.2552782155266e-09
PIK3CA -0.00685112605323511 0.548243281294334 0.219218526133934 0.157984111064457 0.700131651547089 4.84572007656717e-271 2.02605842420254e-45 1.18959178570912e-45
TTYH1 -0.209988733478014 0.602508110800778 0.183634363401015 0.412737620200366 2.3272711364372e-76 0 1.73384822552913e-40 0
COL3A1 -0.698785664059247 0.944864424391995 0.0373745732567335 0.18595303546303 4.86704697033536e-236 0 3.20233433622817e-05 9.25303546881957e-117
HLA.DRA -0.659790178124255 0.71150795060126 0.216642351542559 0.317313250268525 7.3324111727938e-134 0 8.91258113966978e-59 8.94917871200134e-244
MMP12 0.0500959829473177 0.177139315386835 0.122408282116838 0.28464743457603 2.68471553449794e-15 8.68331133010209e-20 4.36616644999247e-14 5.48646109954742e-130
JUNB -1.07705681780269 0.810243108301171 0.172103262260135 0.349151825605857 2.16112849877452e-147 0 1.42814570595973e-29 6.30488900814788e-295
CD96 -0.080516409353367 0.802055333227776 0.155242340319598 0.155437830320521 2.32606031570349e-27 0 1.49046338106069e-28 1.94327714594156e-42
FOS -0.796752752703168 0.411159336736133 0.101100168199876 0.750328166688378 4.49180956449618e-195 0 8.10717759089462e-19 0
ELF5 0.000398629864502866 0.478498571648137 0.200204372294783 0.203952903780559 0.977585298447853 9.99309159443099e-188 2.10128635760394e-39 5.17619857886196e-75
ANLN -0.315647572681389 0.830005708425885 0.157517187609587 0.168230170376059 1.7839617846296e-73 0 1.02344957324138e-34 6.58966741719833e-61
NF1 -0.135105379225272 0.764066429254942 0.168710025207882 0.110078594832184 1.33688995730502e-10 0 4.7898752089259e-29 5.72588390196452e-24
CALCRL 0.0811282895803385 0.406536223717863 0.152495698130799 0.113173602703542 2.69178227873187e-13 2.82780743639575e-119 1.0319345998051e-21 5.38295153144641e-22
LGALS1 -1.09713136235465 0.726153446966346 0.249652488020243 0.271135967252565 7.70896882841016e-65 0 4.53033748913899e-58 1.36327224966685e-161
SDC1 -0.443184442839653 0.820510196870732 0.0813209075174764 0.223618707139447 5.1565222817313e-81 0 3.93415793249208e-12 8.62762626036174e-127
TYMS -0.388498171568539 0.803283031495183 0.111472248235037 0.213799750259625 1.48454376937749e-71 0 1.09938128370409e-19 8.71332416670953e-108
PLEK -0.211536143253326 0.793756359743373 0.168172025691797 0.197117232581417 8.86429404412129e-60 0 8.42230617067325e-38 2.67396036895135e-79
TCF4 0.024642679359201 0.510055328643121 0.201829338508917 0.0746923361923044 0.00384101990988669 1.1340195949683e-225 3.25901731514386e-39 3.46547533717311e-10
KIF23 -0.407728291319985 0.882836517003239 0.111903612394264 0.174616728001096 3.69801111003146e-123 0 1.89451194933864e-23 6.39087427989483e-75
CD3D -0.227626521656967 0.964029885271938 0.134256109827199 0.15817733119234 1.89383501509175e-90 0 5.38050937669203e-24 1.77760804510142e-51
COL4A1 -0.957113026998158 0.886221415707274 0.160619694045791 0.277510757540813 0 0 1.44096963286622e-50 1.40793357734056e-215
MMP9 -0.264702952147244 0.596032709534456 0.1642199276625 0.540843969330164 4.45004348242569e-132 0 1.83840696543305e-36 0
HLA.DRB1 0.000146575751867844 0.571109572640621 0.152428233456477 0.148743351022156 0.988103630018035 5.13828271674896e-322 1.43233797333819e-24 5.67956564968592e-39
CDC20 -0.258862494390824 0.731211328673524 0.19595166468878 0.218199819620289 1.29343627311802e-57 0 1.34311662404603e-47 6.70215808080695e-98
EPCAM -0.50699010957075 0.780273062893053 0.122862027589447 0.194515312337511 1.01135407520717e-77 0 5.33618710203507e-28 9.51993742159484e-107
NFKBIA -0.138858155748782 0.5328689384046 0.196122409942385 0.304105276473375 7.60705641440424e-08 3.08214031637451e-253 3.22418668015465e-35 2.95081585903752e-184
AP1M2 0.010054304944885 0.476376293725678 0.273580831771501 0.110653469292945 0.319442713699812 9.70309967652899e-205 1.97422210217566e-74 4.02654548680836e-22
FOXA1 0.122055800952477 0.229619831676891 0.114870594045596 0.0810090722027006 3.3660873500988e-44 5.05763095397792e-34 7.86672058561552e-13 6.49195514119349e-11
CAPN13 -0.0275644577879853 0.500585920745671 0.212153334214616 0.222122783911711 0.00220555948754353 1.00372928505578e-238 5.46756271042127e-46 7.47004881926197e-86
TCL1A 0.0699481404545964 0.113828953536589 0.0568986272195257 0.0519590833069121 3.70393045424914e-56 4.11718861875332e-08 0.00080911674374185 9.87331408338406e-05
KIT 0.0547727162855897 0.176860618135245 0.155922757553742 0.245752008670066 6.21761197841699e-17 3.15315588081828e-20 6.69033012328027e-23 1.75437122253781e-90
LGALS2 0.0404931867880282 0.368809742091278 0.133620055076554 0.109686646004011 1.40571767986694e-12 2.6986509173195e-90 1.17836555412665e-17 2.14028484221352e-18
UBE2C 0.0386134669714168 0.445286574206227 0.207949478408001 0.104000639537405 9.03696207365434e-06 1.05746803556238e-176 2.15755500365772e-43 1.04427469728185e-18
PLVAP -0.27299979375825 0.84020528125977 0.148535408521105 0.159348618277216 1.7091039663461e-41 0 4.76492763200618e-24 1.58976136638934e-49
SFRP1 -0.308701326010134 0.683243449519244 0.192473554347135 0.261313411132665 4.17953749682037e-52 0 2.05310642029063e-43 2.45122746731331e-144
CD3E -0.140496288774379 0.902710366450373 0.140664875298716 0.196145661196299 2.46627745910037e-67 0 4.7677044715383e-25 2.02788111166246e-73
COL4A2 -1.04113832358182 0.898763866957063 0.152311423610564 0.246918312095316 3.02731386771748e-273 0 1.6532540510372e-36 1.27798613504917e-155
MS4A1 -0.00924753533464026 0.511306777244262 0.178087041506026 0.200708126417152 0.110380661094141 1.4238742023317e-193 4.04021971306456e-31 6.18625207080062e-65
ERBB2 -0.105146348955748 0.615552941831379 0.213442740431836 0.192325924124992 3.00846454650506e-09 0 4.49143117242996e-45 2.83765105445335e-70
HLA.DRB5 0.107821546642151 0.2743067361017 0.116986870519101 0.0699313553183612 8.54581667735494e-38 6.42204082161492e-50 1.18361373559797e-13 1.00885202883987e-08
CDC6 -0.162373795627535 0.766995479453256 0.142143420490853 0.165105650795423 2.02123790124941e-20 0 5.15857056656985e-22 1.03847766059487e-51
FOXC1 -0.422667133765524 0.760662602142274 0.139663182854751 0.219835686521096 1.97539583563429e-62 0 9.73995675467129e-29 8.22738067360069e-114
APOC1 -0.400929211332238 0.656277088960044 0.252788869703887 0.305248645648888 1.51732004545903e-105 0 2.69149964833669e-83 1.61157959938235e-209
NKG7 -0.086133625879085 0.797349671069448 0.122635720106563 0.187072250742642 3.88059096721787e-25 0 2.44973123284446e-18 1.33598551560689e-62
KRAS -0.0995900216038278 0.644693397249707 0.217914255447588 0.153885046208515 8.00420129667338e-08 0 2.98493489338535e-48 2.23658882954497e-45
TFEC 0.00134136243292838 0.691219693529746 0.0807740457430639 0.0931506070249589 0.80903484186604 0 9.17897215434811e-08 2.37894060779099e-14
LGMN -0.69130361290371 0.799020479320566 0.186304081645346 0.25120828728467 9.43574096175178e-90 0 9.3335648821092e-38 1.36396050780507e-135
POU2AF1 -0.123750497378587 0.832790983569312 0.167815165263546 0.216603508073717 1.33750042669274e-95 0 6.13513033547402e-49 1.17691766219913e-109
CCL2 0.0566404235796567 0.284312414525144 0.103016902479275 0.140339975886009 1.44533407726028e-22 3.92830597537186e-51 3.53474621089462e-10 1.63987483166479e-28
UBE2T -0.148906683980488 0.650105097863567 0.256447878866442 0.139632981861003 1.42228695662872e-11 0 1.34697317638383e-65 3.1399851928561e-38
CD3G 0.104800378214446 0.262637276434541 0.137189156602078 0.0607023487817015 8.66278494534842e-38 2.38847246288412e-46 2.56990153304473e-17 1.04564798695822e-06
ERBB3 -0.221740954847224 0.697584326682039 0.210677066046503 0.232615918356703 6.73905496356017e-61 0 2.29789413346106e-55 6.36154306546391e-117
SIAH2 -0.0163493410297583 0.567593106029014 0.248423078765608 0.136785939225789 0.474897684918611 5.29736715146755e-296 3.03914107689246e-57 2.82136523630291e-34
MSR1 -0.0171006005670071 0.61574437133844 0.146644720529721 0.15390683563025 0.0677552962416573 0 4.19620122590076e-23 1.07812679823554e-39
HLA.E -0.757345495356253 0.854933855489112 0.141468402909624 0.209186583704064 1.44103304267649e-62 0 2.44769472590682e-21 1.1307640968217e-95
APOE -0.577389808574187 0.841232374921809 0.108469462526641 0.313459541992939 2.45498695419795e-210 0 5.98106591110926e-21 1.40607427917856e-245
CDH1 -0.363131240830761 0.879583828652244 0.0779213813872217 0.167208582011144 1.32428741742764e-112 0 1.13312496072064e-14 1.22551129731919e-81
FOXP3 0.105048208600311 0.250003451341951 0.138459496481079 0.198109658815314 1.19498649543695e-22 1.73920077898192e-41 1.07531880777915e-18 1.52102839148209e-64
NOTCH1 -0.386732113470327 0.856555150910774 0.0774620423625755 0.210819747286776 1.36291439324049e-58 0 6.82323046153252e-09 1.57201585064878e-97
COL4A5 -0.234041082413354 0.734963157625707 0.206177516997659 0.263428237789985 9.67864785832958e-86 0 2.60293005227719e-53 1.64147674935835e-142
KRT10 0.0440653594262062 0.387062958181847 0.154257438969404 0.0860679298235241 7.96574822002192e-13 2.57279461150824e-108 7.7075873152885e-23 4.25972281762395e-12
TFF1 0.153980531867394 0.253871815906931 0.125228879707371 0.0657144694313686 3.88654568677126e-48 1.09978374115723e-43 4.25085126161844e-15 5.7491636546017e-08
PRLR 0.00790071899487214 0.494791108913892 0.244170817123705 0.145584999283329 0.553900425064005 8.25559262172128e-232 9.43676899846668e-59 1.04431054661859e-37
LILRB1 -0.188876243372052 0.903127884872101 0.0933038135063194 0.173768075808383 1.76703218199804e-61 0 3.6801673017808e-13 3.15797766020143e-62
CCL3 -0.191554665610936 0.693765772737255 0.138121467734691 0.334274267322676 1.17226761085111e-48 0 2.53292319701423e-22 2.17730946565839e-225
VIM -1.84734345517493 0.857085889931892 0.0425259398642496 0.343814234613454 8.80737536482278e-233 0 0.000151536182827907 0
CD4 -0.0332878198139353 0.624591752181591 0.19433916752115 0.117278546112492 0.0274033652282726 0 1.17210383758204e-38 3.94071117278032e-25
HSPB1 -0.768485420032996 0.693976855646585 0.178532760022825 0.323922089925332 3.32236802989219e-33 0 2.01731591586726e-26 9.77205120526829e-226
FXYD3 -0.263955546288881 0.71716854064493 0.16897227154591 0.219597393536503 9.17727674468623e-39 0 8.21089467311713e-35 3.03302459735241e-105
ERBB4 0.130381862008623 0.251149776578407 0.113664669877699 0.105498280786263 1.01121745317741e-39 2.46490857494778e-43 2.45533332710219e-12 2.88340057690759e-18
MT2A 0.143456188444477 0.0178849499034561 0.114870603143986 0.110625118983286 2.90312917150493e-72 0.381970988372128 1.63375357873995e-12 1.92358026996264e-19
AR 0.0638718465635423 0.385655779428975 0.175092523135215 0.191625254413226 5.32585373885181e-08 2.23393062712867e-116 1.07789877585227e-29 1.81920038960516e-63
SKAP1 -0.00171560832730872 0.703580051003407 0.114669201742932 0.0536609714618932 0.80371049305062 0 3.04142364137568e-14 1.09030590080802e-05
CDH11 -0.0747272829107089 0.790147078164238 0.113529967896417 0.152123734718431 2.31097570614404e-15 0 2.53504716472056e-15 1.1527531162838e-42
KRT14 -0.0484136663371761 0.412935613655494 0.165301732284373 0.411010185160645 1.3232248795904e-07 5.75617049394495e-155 8.13265477926188e-28 0
CR2 0.0710454750740658 0.205469342130733 0.12398294169247 0.0721079213719144 1.64368377641547e-36 6.03234341090782e-25 2.089151307173e-14 1.85316618339712e-08
TFF2 0.0869915664139402 0.110953970618349 0.124991262272847 0.0590062054866467 1.55704893867469e-51 5.57748066606966e-08 2.0009384779982e-13 3.63423442781985e-06
NR3C1 0.0838380995043704 0.45596723264841 0.15754650074233 0.154748508108403 3.50694986210282e-07 5.49600643625258e-159 1.56067329790371e-23 6.94340460080483e-42
LRP2 -0.0329487311069695 0.437927273899728 0.158225286732464 0.365045326466991 2.60277977341393e-05 2.19852647496936e-162 1.94531211390722e-25 1.31975788457589e-237
PTEN 0.0622979733812225 0.493115144074895 0.184933009396533 0.104050699981128 4.72985566216098e-06 2.96406746587591e-199 1.56856088614156e-32 1.95856182706049e-19
CCL4 -0.0765581004161005 0.523409803115813 0.190184992201994 0.351494037880043 3.63102161937723e-16 3.6186293875346e-240 5.36390998699723e-36 2.38149045697128e-230
VSIR 0.0772297299803005 0.327036944012468 0.124923950019314 0.069053287134968 1.35253158679452e-26 1.26788990507493e-72 6.1131815975111e-15 1.58975177962434e-08
AURKA -0.37321005788753 0.831425908167032 0.13246740427395 0.195453047127284 3.0001835042392e-93 0 1.47145529571877e-27 1.11161570385799e-86
ESR1 0.100291527060462 0.204058177091908 0.136666472219558 0.0419967970178157 1.47590787159571e-45 2.4443441459905e-25 8.20337718660834e-18 0.000851714411944223
HSPG2 -0.180024593325199 0.822077530218249 0.157121606057093 0.179784339958408 3.99248432931755e-48 0 1.18108748442339e-28 5.00933052274921e-65
GATA3 0.0359335488182436 0.506693382269436 0.205099695004994 0.156347503643449 0.0340607010882503 2.21658438313114e-220 5.55933317336931e-40 1.68711525215702e-44
CDH3 0.0573177865379523 0.41678033776442 0.165378017696255 0.134612142096032 1.13583389708985e-09 5.47396664414504e-138 1.95024700041707e-26 1.21997632371444e-30
KRT15 -0.0385795306043572 0.645961219330596 0.227864181894927 0.09280058873551 7.16149449669494e-05 0 2.48400790946336e-54 2.21271804133451e-16
CD40 -0.0590367818974676 0.637674746800995 0.199359365851199 0.165312073617006 1.22458840003281e-09 0 8.06469698875683e-43 7.00836387538344e-50
SLC2A1 -0.0912381851813171 0.521223990271845 0.232634021532286 0.26072463944076 8.38526205546102e-10 5.91911561603853e-238 1.56368828722445e-52 7.19566752293588e-130
MUC1 -0.500570686550704 0.856411481087706 0.044339916397644 0.219941968373386 9.49706920390788e-130 0 1.17075346141923e-05 8.93727863365919e-145
CRABP2 -0.271654500694426 0.441153028469251 0.255200645374751 0.41063617294626 4.11049402709947e-23 3.01304243699195e-183 2.33003186732377e-59 0
TFF3 0.126471412918118 0.227183426257605 0.127045123579702 0.0784171867656222 2.44387889332241e-46 4.5068152336399e-34 1.137793104436e-15 8.23456149848153e-11
NUF2 0.0609787202127123 0.44674761366999 0.197230351857996 0.0937079046082328 1.00876688118399e-08 3.91997332757767e-167 5.36241226986362e-38 7.95023009126636e-16
PTPRB 0.010977492174424 0.539870420814845 0.169443786079499 0.112351090599195 0.194594769611754 6.82910034964936e-245 1.83575563222511e-28 2.8001616434275e-21
CCL5 -0.0688182558467465 0.452112540490631 0.161422080455517 0.39830979704588 3.70588025286463e-09 3.29685565753675e-170 1.57774847429423e-26 3.49283363782188e-298
AZGP1 -0.502866206181319 0.761201774526998 0.102654667897761 0.278528383614763 3.25077752358191e-132 0 2.19930850071783e-20 2.14358177351871e-221
XBP1 -0.752648560087296 0.772123713845151 0.16851878706272 0.238301198616368 6.16498570880371e-91 0 1.60795889758854e-38 1.03898248386549e-132
FABP7 0.0530571131510399 0.566634383617194 0.146339721903576 0.125365709003848 0.00364148551265272 5.21025266676822e-303 3.96990409209388e-20 7.07174495583654e-29
LST1 0.111513124594814 0.178420736163652 0.160442334183172 0.156689298161583 1.9037325353478e-33 1.87763858000626e-23 1.38426120058207e-22 1.26571228162743e-40
CDK4 -0.283701350435925 0.648551501120801 0.226800877681719 0.223782459594063 4.82461309960053e-23 0 1.26918109942081e-51 3.95881383624283e-103
MYB 0.0329586141569232 0.347072514104901 0.204299934271723 0.157174875515026 3.83682883503219e-07 1.59605418197234e-90 2.27873073316926e-40 1.77029457718889e-39
ICAM1 -0.096212450850061 0.494653486156026 0.194635910283192 0.331333990907308 3.92382805366857e-09 7.15447780963663e-206 1.03825601656317e-36 3.1464045053667e-210
GNG11 0.1130039326258 0.22580744654887 0.122202317137743 0.0540560497893436 4.35732056903611e-47 9.24813811144706e-33 2.2192786360715e-14 1.53258174897473e-05
CD40LG -0.0136987920464104 0.601166153948453 0.151097082962557 0.156773510958855 0.157116474721681 0 9.84658576711845e-24 6.67349481897005e-41
SLC39A6 -0.226841775420317 0.763563932186676 0.157127566013719 0.173405404299679 3.17512461305094e-30 0 1.64100638775347e-29 2.19464581199273e-61
KRT17 -0.702300210676325 0.713357789130216 0.0323434031618622 0.418247013768258 1.50036073590287e-131 0 0.00616280628540719 0
TFRC -0.435465926606651 0.748342549373702 0.106706059520135 0.2938341320114 9.00983164646044e-124 0 1.40515742086822e-21 1.46538384748929e-243
OBP2B 0.0876635825738263 0.218024525958036 0.125977081811926 0.0586945763501981 2.01362953617393e-40 5.24563200651421e-30 1.59562549796078e-14 2.69711519545409e-06
CSRP2 -0.00627855326208752 0.50984258600185 0.214505033447593 0.196110661538089 0.770791458014907 9.646753372188e-209 5.64488742567158e-43 7.57004522114832e-71
PTPRC -0.00968817091991229 0.585487203193301 0.158365233532685 0.148333556143336 0.254899886238867 1.99602520919864e-321 3.42617409745119e-26 1.90974614578032e-37
CCNB1 -0.359818000975815 0.804268721407247 0.167290877587717 0.192165563552818 1.61563762181893e-71 0 4.60649837211048e-36 3.00815256517939e-78
XCL1 0.119058740707582 0.233726449837984 0.159078926325313 0.0880450302270105 1.10700416453524e-41 5.49907851129561e-38 2.30712577226674e-23 3.33769320027851e-13
FAP 0.0362548944186534 0.542300478735585 0.127232299066658 0.0926760721437171 7.07841593727138e-05 1.24669492392732e-249 5.18055754150591e-16 5.73298966935849e-15
B2M -1.07789460311998 0.697454083287187 0.230365172932165 0.289966768618406 1.59113291833864e-101 0 2.57375880888482e-65 3.72970427491691e-202
MYBL2 -0.441159524497296 0.788136166381005 0.0891504503032587 0.298720791387268 3.94921155137959e-96 0 3.45240911081603e-12 2.0086963884593e-204
CDK6 0.101685248845241 0.135391831351905 0.0759868332261912 0.0920865349159037 1.35437945895214e-56 2.06351889862842e-11 4.68060456011696e-06 1.98698225188935e-13
LTF -0.398990392947221 0.553518748855467 0.0979219532834185 0.580439691189528 4.31201981991297e-120 0 6.06915008139174e-13 0
ICOS 0.04400393352619 0.348728870948365 0.109541152596763 0.0950416869575586 1.05752948015785e-16 6.62844520076944e-78 3.02577935831149e-11 3.70994635546348e-14
CD44 -0.221762372140787 0.759370193192869 0.161514801628364 0.190032713519381 1.36555934491966e-38 0 5.08125262973388e-31 2.40839606789231e-73
GNLY -0.125305259218081 0.73062167300416 0.119207735374882 0.434811815239324 4.51448375366974e-66 0 2.90083236630292e-17 0
THEMIS 0.0643567518856994 0.370934390140461 0.141287811285889 0.117178708697942 5.75276822045867e-15 2.13804947976922e-94 5.38784737349005e-20 2.41050637283587e-22
KRT18 -0.0992064826859724 0.590799189661028 0.251950408699345 0.172854388700729 0.000653884716593073 0 4.36008914252484e-55 1.50714147860105e-56
SLPI -0.232768097028096 0.572608560701438 0.233646648084751 0.27927114937907 4.67019706626737e-22 0 8.78252718437022e-53 8.68053156488064e-163
ORC6 -0.0772193440691893 0.700597434667812 0.188540061262932 0.120386907295602 1.30246984897986e-09 0 3.79221837969583e-38 7.53533784935602e-27
PTTG1 0.0210106969306464 0.51477061184748 0.197214852290242 0.140344493583106 0.115970995921172 3.28542635285013e-254 2.54813896950471e-38 8.28483727519821e-35
CCND1 -0.495543521968165 0.764296425766922 0.148055437276581 0.359582563143783 1.49396670787071e-119 0 8.90192217005883e-26 1.41303830677365e-285
FASN -0.372075490851703 0.782993824179477 0.105159731575231 0.233239179003752 1.13345693937588e-56 0 1.72484173499693e-16 2.80238732563838e-127
ZEB1 -0.201730118942383 0.797451598404852 0.154759381230156 0.172574282657434 1.90397861757594e-34 0 5.53138276401782e-26 2.30365178247167e-57
MYC -0.286313510058901 0.766818149690166 0.125467225689496 0.234038701092766 2.16200173920686e-43 0 9.28778947208536e-19 3.50702184322203e-116
CST3 0.16419582495416 0.231457167929205 0.104428924738112 0.0952487360613538 9.83563562057064e-52 4.53905967946998e-36 8.47571741930812e-11 1.25984753713623e-15
IFITM3 -0.450494573068543 0.639628752968988 0.215962508967526 0.274494247583216 4.42831434935029e-25 0 4.79518677762914e-43 7.2101889240693e-162
BAG1 0.181662953097024 0.442762769309499 0.239502855228189 0.119113679148998 1.56200863734283e-10 8.63244076497286e-146 8.37278987545656e-48 3.41784012397402e-26
LUM -0.583290176113881 0.561683785387792 0.292742440369705 0.364698719847629 2.88552640778684e-86 0 6.3507092544002e-91 8.68893982780812e-317
CD5 0.00473485089491421 0.560257559868483 0.14468529829311 0.119887561190115 0.383447386559871 2.2520248061247e-261 3.02859590498374e-21 9.08100907274357e-22
GPNMB -0.319359599214949 0.735037934112158 0.144277997699801 0.278362367893877 3.97394369753501e-43 0 1.39381572549698e-22 1.90616537008383e-155
CDK7 0.219171149196903 0.328826855095832 0.184215809949359 0.0940986936650634 2.53142775664605e-34 3.01836610511901e-75 1.91797798787246e-30 4.88685570789943e-16
THY1 -0.0210030874621654 0.567408310188766 0.196800361671649 0.151196855581012 0.143406878954024 4.91399926752079e-288 1.29230316155376e-37 7.78262902266007e-41
SNAI2 -0.138767470557043 0.596310143530694 0.184109793485601 0.261462716823438 5.74494252293368e-11 0 3.45825846450175e-32 4.1156194993297e-131
CCNE1 -0.218587244846376 0.752359186421658 0.167548083391227 0.182621675160373 6.0047872478581e-37 0 1.67681585166365e-33 3.36799509454817e-67
RAMP2 0.14005614026551 0.338335657011084 0.165420070789008 0.0861886103436967 6.22565581163349e-27 3.98317258134493e-83 9.74599822366048e-26 2.610102848133e-13
PABPC1 -0.559379427067999 0.785125758344679 0.136942227166316 0.172307897652456 5.19913539884809e-46 0 6.72029468394569e-30 8.70636229267756e-76
ZNF571 -0.388789755801262 0.915867405813238 0.0977434023937186 0.178691568731269 4.94728514082142e-67 0 3.25074268506173e-12 1.66022808181398e-68
CD63 -0.140206724061407 0.581756099314713 0.228733493560605 0.221889945673437 0.00332550337311827 5.06845186008175e-283 1.14358689159965e-38 2.35148664360873e-96
IGF1R -0.26961579304644 0.864372945528103 0.0962664594193501 0.16348554296451 2.77815999950725e-59 0 1.11319141238687e-14 3.94576914558747e-60
GPR160 0.0738362596376469 0.116456266851927 0.0786775014378468 0.0585606861770858 4.56344314262385e-53 1.99051256986353e-08 3.8816350137281e-06 8.16954393765532e-06
LYPD6B 0.0942502664881929 0.269819465256119 0.180350501698862 0.129212947470127 8.20934860908539e-26 1.19096385546698e-54 5.40863486796127e-31 3.49722412865449e-27
MYL6 -0.397022507888134 0.799804299204096 0.101035434689555 0.194503219798384 5.81841857509066e-12 0 8.42003440513682e-11 1.97582310657569e-80
CDKN2A 0.111197622209879 0.36190826417565 0.256379136564279 0.125494934933466 7.74198170280825e-13 3.34487752567765e-103 5.76517601721192e-61 8.64535247552307e-28
CSTB 0.206352752215621 0.20773853061676 0.146957554186999 0.0942274176947421 3.23867460333412e-51 1.01924904798658e-29 1.17576332283239e-19 1.71395902283567e-15
TIMP1 -0.365197035439997 0.659314120521313 0.174837930726584 0.328944603232308 4.83671630054026e-47 0 5.78561629007426e-32 1.60516843383589e-239
SOX10 -0.0558309085423302 0.573331112951925 0.241934782303032 0.166216778306542 5.64737536230579e-06 0 1.1147282507196e-60 2.77224663016593e-51
CCNE2 0.0669771518377237 0.402764219215952 0.168153609280225 0.0919367277435145 5.43316248998474e-13 2.30880440860945e-117 2.77297830037924e-27 1.69419927214448e-14
IGFBP5 -0.791396247371257 0.684465433471823 0.0116203060657646 0.620493181061416 1.21033637349406e-225 0 0.36392858261769 0
LYZ -0.425075984219323 0.723876978907768 0.171791755847916 0.32794913517357 2.0988348082797e-111 0 5.50954180704623e-39 6.7163706779007e-249
CTCF -0.182619853836414 0.748540700817932 0.221060841455301 0.0930842484735825 3.55859922132905e-11 0 7.36544883012269e-47 2.74323817843954e-17
