target intercept intra para.100 p.intercept p.intra p.para.100
RET 0.00364516064625336 -0.0633171365103522 -0.0414040033867215 0.140300484470323 0.751355038693314 0.794045282001217
EDNRA 0.0035755722589001 -0.0578164756367512 -0.0316762836138512 0.144151761280537 0.778672541215289 0.803118508776128
ITGA4 0.00175318315228861 -0.0383134059640599 -0.0293166818142855 0.306675956887105 0.895525517834109 0.868571897067939
ERBB4 0.00253147412142736 0.677765164723025 -0.0325508216443513 0.515238425644306 0.00576835732460812 0.866056087381782
TNFRSF8 0.00353437253962417 -0.0352330680958367 -0.041822863145612 0.146487786592221 0.806762294480096 0.812202234569269
PTH2R 0.00173171485396569 -0.0321477394188517 -0.00878112354038726 0.309658771105633 0.87156023628607 0.91587767915049
PLXNA2 0.00740892602899624 -0.11559846272762 -0.0382708979462699 0.0859501916584829 0.649777996553708 0.769691281951064
ITGA9 0.0420053391448331 0.252433729307207 -0.109480565941627 0.00141586627444106 0.128842225514262 0.332128611711139
CDON 0.00173284084261215 -0.0399119354859163 -0.0135560133793257 0.309501393163295 0.867075255054983 0.920392142878373
SCARF1 0.00366395923112678 -0.0733213927079383 -0.0282212907990796 0.139279987947155 0.711913616164841 0.805491865619357
C5AR2 0.00176617440345707 -0.0450325579724564 -0.0242091882661612 0.304889000640336 0.832137126758832 0.90605531225462
PLXND1 0.0278666649336178 -0.101664051236988 0.295061810075417 0.00642926980943623 0.5141544192523 0.00887811670078548
TLR6 0.00824365943809801 0.0116366239040706 -9.89813127552799e-05 0.0487704968004634 0.947627780199031 0.999252204991472
CSF1R 0.0161702708098572 0.165318922718859 -0.098704839910988 0.0129558253007367 0.335839627753203 0.404831602982703
MC1R 0.0034922047825673 -0.0469410930690266 -0.0203677700279715 0.148922910523975 0.822224534424714 0.838246542959797
IL20RA 0.0179966538404742 -0.0679147156018539 -0.132624656101345 0.00161373478650304 0.627856656415944 0.265446488641864
TNFRSF10B 0.00173369322802739 -0.0370172670638347 -0.0202351055920137 0.309382325431251 0.88080046546217 0.897659013753806
ACKR2 0.00542710563935114 -0.0143865275646777 -0.0583056334601745 0.0822202915536504 0.929966201610794 0.659339524859355
IL11RA 0.00513522684775743 0.311106289337274 -0.0513501524157755 0.160965204835575 0.115834419797564 0.742321175771647
TNFRSF21 0.00173168936622465 -0.032469994739727 -0.0204048494059769 0.309662334695859 0.871850184364892 0.914032730046856
F2R 0.00173211420015409 -0.0139310168627689 -0.0311719063129343 0.309602943130349 0.899281991605136 0.882557250370178
TNFRSF10A 0.00170083112589376 -0.0268163505540717 -0.0251688709928599 0.314016217173417 0.910652512838052 0.942967665278651
CD47 0.0380956769004362 0.165034546341581 -0.128592799869771 0.00021533262144296 0.229152372917323 0.259471455903386
DDR2 0.0188942724698968 -0.157743620424445 0.0102012382634521 0.00228258599244818 0.350434842132895 0.9368289638891
GFRA3 0.00353957942105126 -0.0293840777358194 -0.0272915167605168 0.304394107312366 0.866156057141955 0.861526528381958
CCRL2 0.00178369028448004 -0.0769206856565873 -0.0206941612735742 0.302500909113076 0.822680620918818 0.89972903051421
FPR1 0.0017493019000672 -0.024799024015181 -0.0301372880529933 0.307212453562944 0.871173624463408 0.883098944039547
NOTCH3 0.0119856672879514 -0.122374523886623 -0.102429108954408 0.00864840550379301 0.517402968955293 0.458116938145179
LDLR 0.00851127504394437 0.0894686233947708 -0.073240133981227 0.0357610902236317 0.701980397674755 0.547039443870879
PTPRG 0.0490112176523421 -0.0741766247687506 0.136667151781674 0.000501957279901537 0.628132806262136 0.196531231170147
UNC5D 0.00167461225191002 1.32486860797425 0.0174268343905429 0.634683232545607 9.38348142501585e-07 0.881844608784264
ROR2 0.00576331797008839 -0.0937523124747912 -0.0456149476192188 0.0635592239251079 0.591347331601545 0.72325598814895
TNFRSF10D 0.00365100876541373 -0.085376681144616 -0.0295911529266096 0.139982119968135 0.717623333550179 0.812331462385438
IL12RB2 0.00728966534023351 -0.0166465079150117 -0.0670642998874896 0.0521775789683138 0.93715548507026 0.586385351299199
ITGA5 0.0058543558148769 -0.108224875209948 -0.0654519039844453 0.0614980593646163 0.587985816144227 0.644712338683047
PLXNB2 -0.000665656403307609 0.829307635751293 0.247216566692227 0.956121671567219 9.02921202803132e-08 0.0129830614011353
PTGIR 0.00363405390001199 -0.0798539253427489 -0.0224898683821618 0.140907358146727 0.718213697576519 0.827243619288355
SDC3 0.00390219629874522 -0.125196505625174 -0.0468514498009792 0.127040136982965 0.61474568569839 0.770119018236259
IFNGR1 0.0686909388663215 -0.0249365770479896 0.017340373178158 6.39716944350976e-05 0.868864562674106 0.86646099421349
CD27 0.00230597766046214 0.409470916621029 -0.020373888005272 0.348013035995534 0.0619537018555803 0.835098451867444
PTCH2 0.00178422259899412 -0.0312579808540429 -0.0284566404611278 0.302428712424949 0.833753427334208 0.88263477236881
ITGB4 0.0139817376586749 0.142336805560446 -0.150526076173085 0.0175598918856179 0.331424050531839 0.282515152777325
LGR4 0.0167121857015789 0.0344980909021901 0.0513745961757793 0.0105432723555482 0.827121278891479 0.613460011477374
PTCH1 0.00328190952433777 0.0719089600967656 -0.0414774876603906 0.178569305596346 0.647594768879829 0.787346173236894
ITGAM 0.0103789818529672 0.079760907587466 -0.0882678734909801 0.0215206316702349 0.633937571688106 0.412485863203286
ROBO2 0.0117680723287846 0.12174587498119 -0.109315186416464 0.0178610700028639 0.460257236066774 0.36678700626364
IFNAR1 0.035506163008628 0.244675385850714 0.00118085199876011 0.00427963148556883 0.162364363609334 0.991409429826841
IL13RA1 0.00969305052087551 0.69395418760162 0.110187640536324 0.342729542543298 0.000897994654805608 0.332434058089266
IL18R1 0.00373846174615114 -0.110397547659777 -0.0386349619620233 0.135316436123969 0.694800663331657 0.798408449139081
LGR5 0.00178344396461674 -0.0390905307034916 -0.0223053296073354 0.302534324469703 0.838803877344905 0.86526478315002
ACVRL1 0.00540113774986333 0.0141597275062931 0.222406664715013 0.138845608248023 0.936235376769755 0.204175033723496
ATP6AP2 0.0403323699039716 0.51959161747674 0.0435587916088981 0.0263248272260232 3.09117362971083e-05 0.665513721788384
EPHA4 0.00828912836624088 -0.133524538673286 -0.081784860722861 0.025988968457247 0.415240538352697 0.561571612583495
ACVR2A 0.0125539834332543 0.131858565162813 -0.069297648320254 0.0220882856385895 0.419608088534834 0.534651047644887
NOTCH2 0.0413889318355872 0.294406362089655 -0.0191701083719757 0.00451415663533726 0.0623983273632373 0.868632088591076
ITGB5 0.0198648951901694 0.0903809696358171 0.109585100389669 0.0170065265323552 0.620766847795511 0.317468705058427
VLDLR 0.00381450137252231 0.409345085131076 -0.0670345640419061 0.215582014358343 0.0677803932496419 0.585404105705357
ITGB8 0.120036377691267 0.514382412564563 -0.308424525267341 6.25394952699598e-05 0.000337772044039232 0.00839399856213035
TYRO3 0.00359766774788703 -0.0446768968098683 -0.0388232724235112 0.142916210662081 0.753400811619628 0.814016914243866
ITGB7 0.00883436124093732 0.165954978662345 0.242932312851427 0.132847915772239 0.471745263148992 0.0576689974537431
EPHA2 0.00178756436192202 -0.0451540068312936 -0.0564481530330341 0.301975982969179 0.840547898362811 0.86671921787173
FPR3 0.0275315799771205 0.223185679425713 -0.148953032600406 0.0023101008043926 0.121208231438609 0.159825089031939
RAMP3 0.00366815462436649 -0.0789559568656854 -0.0357904948730726 0.139053373694566 0.728723538688576 0.771031632838478
PTPRU 0.0140568984730782 0.316108708274575 -0.0947408553400654 0.0490127658354806 0.112238656031415 0.443975378620819
EDNRB 0.00174713450897692 -0.0572189504340469 -0.0226448908814958 0.30751257600003 0.866225271447163 0.890438501797103
TLR4 0.00176547919948466 -0.0468863760734383 -0.0316722511032582 0.304984285062265 0.868704132907596 0.859012668962048
CELSR1 0.0337267893222288 0.15011702096474 -0.00888585849397676 0.00593745325149386 0.453972272427985 0.937421973808357
ERBB2 0.030563476207251 0.173070525776187 -0.211773885320329 0.000731261036659814 0.312806444622969 0.0746678679919052
CD46 0.023565143902718 0.081611287962569 -0.0716204055125478 0.00324804892340917 0.688990108259946 0.571974153287442
KLRG1 0.00229825573300542 -0.265700351794882 -0.0180700544693488 0.241779737234679 0.550069539955334 0.902442773243888
CNTFR 0.00180124009394086 -0.0470380435565884 -0.0229723509187668 0.30013231101568 0.832363406162004 0.857071220825893
PLXNA3 0.0116354069197087 0.280325926805008 -0.0557191128542612 0.0443372016942129 0.0712421307889466 0.639612457945675
ADORA2B 0.00569731663882782 -0.0858022613085194 -0.0565076199179269 0.0656946096650613 0.640351561962985 0.660349382781112
ACVR1B 0.00718684809583306 -0.171183557660734 0.277263614544409 0.0722931803313758 0.380016883316523 0.0323343808688718
ITGA11 0.00866924480126935 -0.0600438514658752 0.0115074544704182 0.0274749599439688 0.636300802466484 0.934231071975594
FZD8 0.00173516710071838 -0.0481113766957251 -0.0245263502354396 0.309176583837836 0.868621959788016 0.91825899240572
BOC 0.0187870937926152 0.296940121642141 0.339706062833496 0.166430826133042 0.00825524441129209 0.00150538164727342
TGFBR2 0.00779882032725277 0.042339743799357 0.325809253432353 0.11016540687225 0.752867001087317 0.00840442744890758
PLXNA4 0.00573552227369535 -0.120462553419997 -0.0412933187190352 0.0642030775958305 0.588991771566972 0.693151332821507
LPAR1 0.00677498492716333 -0.0573731288062809 0.0340218801894301 0.11809066717079 0.711839983546804 0.809077769966051
PDGFRB 0.00244943968095308 -0.0237704142114044 0.26239960634943 0.317906718131628 0.827143633079202 0.0676341818338023
PTPRF -0.0718512863915137 0.944216707915018 0.255981282726873 0.369898743882025 2.18355883054596e-16 0.00585795062388438
LRP2 0.0707847555548226 -0.070663923763038 -0.0493807809837206 5.35455945592821e-06 0.628831716124495 0.653305915587681
CSF2RA 0.0125706914903297 0.0438892410835637 -0.111553052542564 0.0124464958043763 0.766519383679859 0.352251919849277
ACVR2B 0.0140432043094135 -0.108020386042364 0.139057684298581 0.0133909048502731 0.517665584163278 0.164760993510948
LPAR4 0.00306599224445263 0.141297849580825 -0.0382034817237258 0.219904577601296 0.546359232580664 0.793176401822124
GRIN2D 0.00578375767168558 -0.115909082967471 -0.055668420405799 0.0630901457035346 0.581277617226248 0.674387941816449
FZD6 0.00899404085593689 0.00944562901386548 -0.0760358045952313 0.0260011010030809 0.955509983524899 0.512891105412658
DCC 0.00716987979408853 -0.10035122778276 0.0147232917403671 0.0452260078160448 0.561671915128363 0.892411243488495
IL27RA 0.00368644261668654 -0.0955334757716748 -0.0634190724373472 0.138070355260449 0.740543320328414 0.747530480924131
C5AR1 0.0115209540922683 -0.0948745225295569 -0.0710976461099444 0.0100463997505519 0.535786241595849 0.567669361407111
QRFPR 0.00176441608909866 -0.0405390593196455 -0.0120085059458606 0.305130069029011 0.827400876116148 0.926383519334136
IL6ST 0.0207001064189423 0.0858621346849683 0.0312769522663207 0.0102093438660839 0.622280725212105 0.773618280581494
IL17RC 0.00541795389684458 -0.0500496755612426 -0.0424443724860893 0.0793470423233252 0.828824452907427 0.716623013460363
PTPRM 0.018757172370575 0.262130014092375 -0.0841486139341333 0.0170625273980383 0.106195290212222 0.446578671550661
TNFRSF4 0.00547192681034219 0.0109867617856567 0.227603033900789 0.11553116031946 0.949568648672579 0.0658505172805869
ADIPOR1 0.0067377754678716 0.383281384055757 0.108857203956408 0.171997632115525 0.0367856099782549 0.354014083381988
IGF2R 0.0323468767275531 0.111044290206477 0.245959400622892 0.0151840579458945 0.42443893425764 0.00987840431068862
PDGFRA 0.0041616789353699 -0.208863862513162 -0.0275834582007093 0.115049446955538 0.504008837486557 0.812521689453742
IGF1R 0.0741992721491593 0.339136262426439 0.145454312651934 0.00823603717448191 0.00995058694434944 0.156646551092462
LIFR 0.00364188005656695 -0.0662251715509096 -0.0470389340653316 0.140479430880448 0.729979604590374 0.803725316028114
EPHA1 0.0017614510526447 -0.0297697668637562 -0.0264592233225219 0.305537139587595 0.858060499712768 0.876021276715674
IL1RL2 0.00370382251925924 -0.0915697972065451 -0.0380518655290379 0.137143347353131 0.710408108603007 0.809804363064045
IL18RAP 0.00177469226437227 -0.033887266013699 -0.0329557541119004 0.303724660461705 0.877622623154266 0.851410758237201
IL1RAP 0.00307288117707291 0.150136241235947 -0.0515334084792154 0.218921191053523 0.54561479849238 0.718158160287906
NRXN1 0.00175391623382374 -0.0353477432325608 -0.0208815423664963 0.306574760894884 0.868045185930246 0.876873405892536
ALK 0.017161927941744 -0.238031387249863 0.0534867039657017 0.00303795016787781 0.240341350088589 0.646218014610461
SSTR3 0.00175043213424957 -0.0274190326260707 -0.0181286440158623 0.307056098539763 0.856550683117432 0.897386192057135
LTBR 0.0519271135463884 0.119906114785434 -0.32513740295064 1.75956575211414e-05 0.42166112632074 0.0140733102203691
LRP1 0.0225881325998275 0.19879321253706 0.0947762539647959 0.0257137914568848 0.273725939822353 0.390620307553582
ITGAV 0.0362682485037153 0.0462966036672866 0.114063028525528 0.00240099357369377 0.762415207755654 0.297517553037738
IFNGR2 0.0394835190375403 0.273581545347236 0.218006100330626 0.018990731196023 0.104926447785746 0.0445161985561055
BMPR1B 0.0389673553744785 0.117036841074275 -0.240391896316181 0.000530809140201783 0.496743170946865 0.0849104926405954
IFNLR1 0.011440110187521 0.214475371558553 -0.0274446262300166 0.0370053808980556 0.307850706362691 0.827090992103331
ACVR1 0.000666550731536132 0.435933460178884 0.539850053846017 0.852743363672307 0.0634447780999387 1.80166281603748e-05
ACKR3 0.00576676769747991 -0.0827684064376667 -0.0578787670497681 0.0639274253239302 0.612229592287461 0.659312261672279
LRP11 0.0168176837310287 -0.0928393281441706 0.162238650028381 0.0122635683207097 0.549222116905265 0.188480542982041
EGFR 0.0380101840974662 0.0884214186793327 0.106820971145321 0.00195309900702563 0.630443558074089 0.287995912176556
TGFBR1 0.0363657754475114 -0.0837375955152341 -0.172694313462819 0.000104884661730223 0.604348449225186 0.112285141015647
ITGB2 0.0161251179092129 0.204033210292355 -0.0620561304709649 0.0138441947896644 0.197773152127876 0.587441319351142
PTH1R 0.00170934490457477 -0.0181270706758819 -0.00535055369468259 0.312807063819153 0.895763431108952 0.933982145230791
IL10RB 0.010786803487345 0.162909632651142 -0.0638859368790879 0.0371390820226845 0.449819066773943 0.586541529479968
ADORA1 0.00175275864311374 -0.018211709568984 -0.0245095510216444 0.306734576720966 0.870641459519896 0.876148549332111
KIT 0.0253099624757118 -0.107231535033522 0.0759846942867746 0.00209767224168725 0.567109323452148 0.486817570139317
NTRK2 0.0166530107431104 -0.100930728972624 -0.0215693852629699 0.00366004589969247 0.589045978951153 0.833494753534722
FZD1 0.00403906765877649 -0.159001282647829 -0.0441948121217414 0.120551818881485 0.561961565847711 0.76289375809991
RTN4R 0.00358808848407363 -0.0480595842296519 -0.0417607918102291 0.143450404330384 0.794056746663177 0.782584289677698
IFNAR2 0.0373630605905386 0.465053523594638 -0.11135455923618 0.00881852718087332 0.00110045561428172 0.318632240002977
ADIPOR2 0.00923941176861506 0.688455464810601 0.0677023375377558 0.266398636166728 1.7748402140289e-05 0.581570250794729
LRP6 0.0291433693490962 0.383945383050479 -0.129813474614506 0.00606200411905931 0.00587944078905565 0.281404402092807
TBXA2R 0.00175904849273759 -0.031604353637865 -0.00878967211548591 0.305867502633522 0.835317077100639 0.917191407439463
MARCO 0.0188493725197262 0.208417198554419 0.0246498253840656 0.0171461423284528 0.279654961187595 0.835911846265214
BMPR2 0.0453931708696741 -0.116443199286084 -0.0141665004864003 6.88280814003661e-05 0.435862904708341 0.891351910472896
ITGAE -0.00149376294008509 0.935548824207341 0.344634789539988 0.818178212666545 1.44775525550134e-07 0.000394393335153392
IL12RB1 0.000526308810646266 1.31837347948886 -0.0414704247758623 0.828363508814958 2.73548473553028e-06 0.781369820937686
EPHB3 0.00712291676331395 -0.179587296624009 0.326397801505889 0.0815793093247934 0.345979214755074 0.0422501227651617
IL1RAPL1 0.00776038910904463 -0.0982373667475554 -0.0879127735856804 0.031622956792182 0.560544578999998 0.579150529043842
IL17RA 0.00746246694617435 0.0724786285618417 0.254884906316835 0.129013647800892 0.665105618806558 0.0124903637990032
BMPR1A 0.0370014536582887 -0.0515487648243956 0.0363047146023425 0.00033018538277589 0.75523818277954 0.723123641967866
KLRD1 0.00175210020780944 -0.0292848862186743 -0.0121519957660819 0.306825527759575 0.851803898815026 0.901422102103911
ITGA1 0.00839714263638732 0.547466258051572 -0.00418610499114146 0.161069504410253 0.000286762483803563 0.970750474631964
MERTK 0.0019395326618407 -0.0911926319576149 -0.0245042062598435 0.282272967273029 0.713053312366719 0.860515147265238
NPFFR1 0.00372100930438731 -0.0646627883239382 -0.0350223896278595 0.136233476342252 0.728280193827993 0.762823336925534
CD93 0.00962672673644405 -0.150291839086132 -0.0210013177285445 0.0192056285603801 0.422125083345114 0.843814652223913
NRP1 0.00943861677229857 -0.0982036104174933 -0.0457532136289731 0.0223292841375832 0.632938670796871 0.679850879486221
NOTCH1 0.00132135245165541 0.559389758465823 0.487265739076031 0.894833049041162 0.00108068122876446 8.9609159367406e-06
IL20RB 0.001763594757315 -0.037814828132506 -0.030264213310077 0.305242759639194 0.867088793033802 0.867994799446107
P2RY12 0.0017835369528894 -0.040086401528517 -0.0445676249718173 0.302521709271273 0.858295907635164 0.845334589173891
LPAR2 0.0254894143438775 0.0959698875252139 -0.0349138912516794 0.00171762818025972 0.517608609234302 0.760651935614475
FZD7 0.00567522829214123 -0.0961156683000966 -0.0465781378174537 0.0656236909300457 0.609725675706355 0.711297097148275
GRM5 0.00174278728702578 -0.0518172680606482 -0.02251952804473 0.308115689395198 0.879505908043815 0.884548407348123
CD36 0.0263462505107844 -0.0964971298192711 0.0315268287809689 0.00376589037324078 0.568273118618137 0.818127714451199
SCARB1 0.0168646369400802 0.0422903738308199 -0.0486496068739155 0.00721767774386926 0.839637038042816 0.696501366228436
NRP2 0.0230348877741355 -0.0893406744013841 -0.054538293750216 0.0017139114779781 0.547778867760309 0.643743082215789
NOTCH4 0.0110931120595707 -0.12221019105139 -0.000575948176017412 0.0152462724491368 0.520103173097414 0.996102246063808
CD72 0.00772916011395593 -0.0867717190937745 -0.0549211585175459 0.0799078648573406 0.602950037309998 0.710284723591806
TNFRSF12A 0.0299307867677162 0.0716784155485126 -0.0579025232252387 0.000909431059079194 0.615127573635685 0.593975819283346
CRHR1 0.00942751671206145 -0.0739879102697753 -0.0731910568427083 0.0500533933424906 0.737561785187701 0.631289129476647
GRM1 0.001737240000011 -0.0339961463132723 -0.0190207019628396 0.308887522971325 0.872987989963437 0.901001040727734
CALCRL 0.00379611627870546 -0.103332431479605 -0.0219491805730062 0.132335585925795 0.635926648390288 0.815714147540049
PROCR 0.00175049990416322 -0.028269494670916 -0.0315711521779107 0.307046726619097 0.909165604519511 0.849617261975586
AXL 0.00760182798078988 -0.0560419796338025 -0.0815029691595481 0.0360093661044826 0.702593711214288 0.576180451721144
PLXNB1 0.0367009053470356 -0.170728074816985 0.269086482296811 0.00248999722732727 0.239796631012723 0.0193867259419176
LGR6 0.0140538777326879 -0.0208985654557152 -0.0415511892139413 0.0175876932917357 0.915768943804543 0.77087805684515
ROR1 0.00988325166230388 0.140399548455254 0.257608261034461 0.165418902888249 0.476874306797988 0.0260885189069293
UNC5B 0.00184487810343369 -0.0509297195860689 -0.0286491700823253 0.294345100223077 0.793102429676221 0.841630616867869
CSF2RB 0.00175002231492439 -0.0220519337496921 -0.0108781121136699 0.307112780464156 0.852423065522309 0.908869697510723
SMO 0.00573060601809716 0.559015999677383 -0.0685133625473898 0.155568274005347 0.00925348013929641 0.561051091457113
TNFRSF14 0.0107482500309673 0.647839150070665 -0.0740010520025748 0.0847182309046446 2.16181458216571e-05 0.538159066424651
ITGA2 0.00177214921694152 -0.0499031952234892 -0.0138798754977341 0.304071677731565 0.838267918732467 0.898680891868433
IL4R 0.0221916647634013 0.0398692006818716 -0.149605915491085 0.00115308722514946 0.810060722755705 0.260335905802766
CMKLR1 0.010197050885596 -0.0853973876958301 0.0457080029790071 0.0249774779597825 0.624883902716213 0.67378972297884
CXCR4 0.00366828867594679 -0.0774615557628761 -0.0238404216121621 0.139046139703217 0.720754166464664 0.83168757773027
ITGA6 0.0190298834916201 -0.236233089757982 -0.0831297362036487 0.00098556741524748 0.268442561785684 0.500984034216227
ITGB1 0.0476547148167628 0.106766747503284 -0.211578773367707 4.86384484801159e-05 0.513872225934907 0.0479164084245701
UNC5C 0.00977435782909725 0.00629249566813811 0.021358524193372 0.0273526672919778 0.972027314234528 0.84512689967286
IL7R 0.00317278448328946 -0.0846814658568801 0.482374411413204 0.292117296680411 0.624969415721755 6.49761991095627e-05
LRP5 0.00377156440265201 -0.117000986610171 -0.0423229059336932 0.133595919789568 0.670389694501913 0.769788230625624
CD74 0.164974068674023 0.401246700907761 0.227209131462246 0.0159165610234129 0.00115004346573623 0.0178167835804473
FZD3 0.00808911765874448 -0.160166041305558 -0.0563329926145023 0.028123549002983 0.449975465359893 0.608868865950857
INSR 0.0579351838428279 0.243786883609809 0.017907708760953 0.00402055820389336 0.12170681491818 0.868755896379147
EPHB4 0.0221502617653731 0.162531314756577 -0.0643598470206758 0.00538129843278821 0.371515451033454 0.541062152051925
VIPR1 0.0036799014296016 -0.0719329585095168 -0.0476428355824121 0.138421061974037 0.734190663507993 0.769797748559739
EPHB6 0.0118216278532344 -0.10596774814049 -0.0914587366735235 0.00942835618933639 0.60176781676477 0.447759923715429
IL10RA 0.00370256896973534 -0.107304264340869 -0.0556234136115936 0.137209975718988 0.71244960902535 0.763963213802742
KISS1R 0.00345779358517021 -0.0474380485610131 -0.0191598453880537 0.310053103545774 0.876216998837734 0.919998021642067
PLXNC1 0.0117691074740394 0.103990410849439 -0.088725785078695 0.0229991637615114 0.6177658115169 0.486849016826084
ITGAX 0.00173980605645465 -0.0640551553736398 -0.0102838129607283 0.308530177963447 0.858421038476314 0.927687768901726
ITGA3 0.00362852706751581 -0.038128557712961 -0.0450351573017457 0.141210440602289 0.819599809597191 0.722802119871161
PLXNA1 0.0209790804275314 -0.0356860101596006 -0.11879786186557 0.00163569822259841 0.845881508823639 0.324626484360066
SDC2 0.00559497508357611 -0.0718024586843554 -0.0549976427529583 0.0675667231474272 0.657798200938605 0.68079963525636
CD4 0.00649166060667252 0.0232095420874706 0.00170672490436223 0.0824888314789334 0.910367306353196 0.98864642625454
ROBO1 0.0296972784693304 0.188875849014178 -0.251370197255399 0.000798191281884899 0.310307993842101 0.0563512299022518
EPHB2 0.00914395126640968 -0.250804633615418 -0.0820397832237326 0.0193425633693808 0.275085765796654 0.576959348663349
OSMR 0.00826728318243209 0.459487277780797 -0.0234287782586777 0.144719542378968 0.00166180160556656 0.817470647456599
EPHB1 0.00361286463817183 -0.0493997098941828 -0.0292610684199955 0.142073320807695 0.760648796045891 0.784983390333181
CD44 0.0658134052647452 0.708170962785373 -0.0306234426519532 0.0273734326559168 1.38728982754229e-07 0.746402691231406
C3AR1 0.00175382311199 -0.0194291736003536 -0.0169897813555854 0.306587613216397 0.857998420103149 0.889009776334881
IL2RA 0.00171808468254383 -0.023109916297086 -0.0167919688477288 0.31157211501492 0.90457849916595 0.911592482804962
RYK 0.0376857539201441 0.390110376146066 -0.010184368085851 0.00784157475941644 0.00438117090713292 0.922064220269952
ERBB3 0.0111880222697803 0.256774978916325 0.39327452940666 0.232191896738999 0.107000986943893 0.000385805455848865
TLR2 0.00344811398658241 -0.0529530168566576 0.0152035095437529 0.157173492124802 0.754465054719033 0.902468158520568
IL15RA 0.00090998434642912 0.728032398420541 -0.0184055335004151 0.706712671467157 1.70713109239648e-06 0.904061201877692
