target intercept intra juxta.15 para.100 p.intercept p.intra p.juxta.15 p.para.100
CTLA4 0.0382234649348718 0.0806977052937385 0.0150554515337061 0.0113590167917378 7.77578710540901e-17 0.037340557204824 0.616964885476336 0.651356579022893
SOX18 0.0586745541443618 0.191376471158102 0.058743964475667 -0.0173746328250485 3.53914732773197e-18 4.81013934627399e-08 0.0461430202985029 0.443545257522808
IL2RA 0.098257291604116 0.127664746163781 -0.0115572272475163 0.0887206824784053 2.79476538697853e-24 0.000379874798299609 0.697442723782515 9.62059550333758e-05
BANK1 0.0821911359750033 0.0749090288240183 0.0332477198962596 0.107708504589874 1.19447436541433e-21 0.0406338039851018 0.245058794562577 1.15940502778645e-06
CD14 0.000658677808139625 0.451993967511783 0.282081580959078 0.174434555878667 0.977269902460961 6.01541595097518e-63 5.36225990100526e-28 1.08625619349993e-20
CEACAM1 -0.134446540546667 0.8016593080386 0.15486704895536 0.136563200965944 1.30220169280286e-07 4.603569975658e-267 4.72344592239541e-10 1.23171185813616e-13
MAPK13 -0.0667818624554991 0.659511591212346 0.211546908025266 0.141811013492809 0.0150758646999429 2.79237894604472e-169 2.6173031834473e-16 3.19774503777589e-14
GRB7 0.10075311113161 0.0482048929355078 0.0131274366229789 0.00526288425562943 1.36202416479693e-30 0.209722105373659 0.650994137881513 0.815858675158658
KRT19 -0.569143563549999 0.595180774214574 0.261223581642374 0.257672986032749 1.47141359294329e-73 0 7.69511612920576e-53 1.28984713974489e-72
ACTA2 -0.0566805080423758 0.504179112348207 0.214109582356338 0.323005792480618 0.000370092799350436 3.75096575912455e-71 2.95787579718466e-17 1.13226555843621e-65
PBK 0.0145150300349895 0.574391355558891 0.183733254204611 0.0981227607391981 0.294647549876961 1.89945331386362e-103 1.17982294813967e-12 7.22509500142387e-07
FAT1 0.117506506665401 0.208547842069962 0.179853077959725 0.110466831055185 1.47688867477047e-12 6.81158545765128e-10 1.85399702416801e-11 8.58948569004768e-08
MYL9 0.0103542627495109 0.585087521900262 0.120807790900232 0.168699904935791 0.568656102549683 3.63347264234498e-107 3.62471581393462e-06 6.73532471150418e-17
CD68 0.206819393419009 0.122631463760606 0.115300179399942 0.0788648583184096 1.56622867662472e-26 0.0002726749210711 3.02470898332361e-05 0.00015648325903492
RB1 0.113600239363797 0.376561138784267 0.153574933876923 0.19158482246784 5.64716876208399e-05 1.04603210839318e-34 1.65879265908784e-08 3.85583073676123e-23
TMEM45B 0.161183169780452 0.174700727060908 0.0820041900906434 0.202653967712316 8.67738195820628e-15 2.65364566770501e-07 0.00516483551191847 1.75890485879329e-24
SOX4 -0.257627672123837 0.699414434416623 0.150290402248795 0.237973737462845 1.72710609478872e-13 1.24495121324465e-287 4.45849714225047e-11 4.04797316754007e-44
BCL2 0.00271592313560848 0.443174757697718 0.286020019178437 0.167317666970653 0.879301453971069 3.34395176069928e-58 2.05454062465358e-29 4.93424645208387e-18
CENPF -0.11245362072611 0.818392435395039 0.220865565787588 0.146095510975292 4.07141469222136e-16 2.31407991832547e-303 3.63943614871456e-21 5.43558510970595e-15
CTSL 0.352200104095153 0.24554580184606 0.19372568728746 0.127808409537351 3.2482085544768e-14 1.07203941753127e-13 2.7104240772985e-12 6.37309381438846e-11
PDCD1 0.0751203799514519 0.018915413130512 0.00990834225517916 0.000297276698757518 5.51029960942211e-27 0.627534449185346 0.756946311566867 0.989825949373181
KRT5 0.119123236542334 0.119041531684703 0.0581347725748944 0.0308392242844383 2.51597192788937e-27 0.000825062529119937 0.0465212860067523 0.151607665675583
ACTG2 0.015903942841169 0.274553931616346 0.0664845740724192 0.267094655125305 0.000826421497544486 2.35074715260854e-13 0.0265175579070775 2.65718133606402e-30
IL32 -0.468371465613343 0.691148746534371 0.200586749993119 0.275462449338728 3.01237488304436e-30 1.1744017968044e-256 2.96885255908507e-18 4.59050446453159e-61
MAPK3 0.171074882025858 0.181804211553897 0.148035822459308 0.118093196707189 1.24832338384611e-18 3.85594246333344e-08 4.27559327913462e-08 7.56947792475735e-09
MYLK -0.295553405727314 0.486540893415685 0.274954967059983 0.338223768765197 1.59849779240523e-08 1.85568139126857e-85 5.44033475416897e-24 4.77301633763147e-87
CD163 -0.262419538126256 0.840277138769435 0.080068307993081 0.335476660620058 3.53975152317162e-30 0 0.000369663740864745 1.00401657941827e-83
FCGR3A -0.00644064010981364 0.655352059503238 0.138692359605225 0.128398257153583 0.856540402304242 2.41175947010573e-163 1.24689422091198e-07 6.03076117906793e-11
GSN 0.0335476000405177 0.435028029636184 0.238558281385047 0.156440489278463 0.0654514025264261 3.52789717676127e-55 2.23079752448131e-20 7.8077598610101e-16
RPL13 0.604998782411626 -0.0260181049126458 0.0685037984115287 0.0537616530806319 4.22018780123556e-53 0.451790877188053 0.0194833427534317 0.00739646582241267
CD69 0.114112284548624 0.202969756035544 0.0574340845343945 0.0631813081770153 9.70364834159235e-22 9.51607585471409e-10 0.042931727502239 0.00400321511656223
SPDEF -0.0572618891011198 0.664807371577865 0.193877250973961 0.154797710009254 0.00889802508886848 4.96897377602246e-167 4.80113322211609e-14 5.6991933608955e-17
PDPN 0.0464803530111521 0.0861432945093347 0.030640133515897 -0.0197937734025204 9.61533369550104e-19 0.0280240112493108 0.309874888895034 0.424109748654213
KRT7 0.0408921430706491 0.216518461402906 0.143681051041195 0.158356596363451 9.9523037620335e-08 1.57154455281549e-10 4.13228384793677e-07 2.6868677063286e-12
IL3RA 0.0728726917136343 0.124828897914827 0.130350521764397 -0.0156292608716009 2.10430258735495e-19 0.000870602150519283 3.02459178925966e-06 0.489683899775282
BGN -0.711044331984504 0.865605882574618 0.083570084620688 0.313090593415694 2.15646358367419e-88 0 2.33497605043789e-06 3.81138106255763e-91
TMSB10 -0.892021485948497 0.768136197772323 0.118695335273842 0.247146387601769 2.30035310255481e-22 6.07812019776386e-303 3.48510380573927e-07 1.20784039494316e-48
CEP55 -0.14344504402775 0.76821664612878 0.186062230337833 0.169636315394634 2.78323036343408e-12 1.76076763734262e-283 3.68728242802894e-15 1.6021478517763e-20
CD19 0.0831909388593002 -0.0971652631349117 0.00293356133522634 -0.00532952206708253 2.40371834523033e-35 0.00966976251983956 0.920407967310468 0.82362781183293
CXCR5 0.143776770814357 0.102235985739752 0.0939083271830277 0.149615853020057 4.31747080793012e-22 0.00192112964488056 0.000715802482434611 1.46124078336273e-13
SPP1 -0.114271047371727 0.377829290998139 0.225818183297737 0.740333475632591 5.97310670047079e-23 6.89170655131831e-42 7.29904422953249e-20 0
MYO10 0.0105024178745296 0.597376103852657 0.16905268831942 0.0986868148902049 0.532434357112752 1.82955599070827e-119 2.86846455458451e-11 1.22537533461161e-06
ACTR3B 0.269631244736658 0.204558327252243 0.0906433988586315 0.0457337178979551 9.55501718122813e-26 1.48938116623773e-09 0.00129566434128153 0.0268880021983619
MDM2 -0.108699483710017 0.676899191740171 0.137975497877713 0.236532279600136 0.000397646571382378 2.30412345747378e-138 2.897783575064e-07 1.26896752209812e-36
FCN1 -0.0745842308332569 0.485687630832029 0.0924615340013183 0.575415137017144 5.80936042415897e-08 1.09929872072626e-76 0.000350119947802857 2.04171087972757e-202
CD7 0.0584569640400885 -0.0129669553280213 0.0345856815420934 0.02886701333211 1.59379386223439e-23 0.726726290767331 0.244085238488825 0.206837490601415
IL7R 0.0214194269561928 0.375105073131615 0.088217509744502 0.239737447411732 0.00329864597221671 8.91372382866432e-32 0.00122134028447023 1.91145140331816e-29
BICC1 0.0288553872047967 0.391789540489077 0.145681752879312 0.0836654269241453 8.75345665687707e-05 2.18652693952024e-28 7.82320708190523e-07 0.000213725802174093
RPL18 0.270478848739152 0.045075932599851 0.0828349977689623 0.0245544454274948 1.13039241158335e-40 0.191468690533172 0.00278424677929426 0.232973278852177
GZMB 0.0770603758201139 0.204773331681011 0.0717509954044489 0.057451471858136 4.64579263581244e-17 1.12081092219495e-09 0.0111411912737021 0.00918789863103492
CLDN4 0.0797176401830272 0.0293323296136658 0.101794481529614 0.064269658345095 8.3263559820284e-23 0.42036202718724 0.000282153286077787 0.00413283986549857
KRT8 -1.73118539673324 0.841185417431443 0.21350715394918 0.237384994091065 1.05253973652861e-76 0 1.03090688371881e-22 2.06741439699396e-47
FCRL5 0.019419560687916 0.293186718924699 0.223120989830837 0.0757999615095363 0.000434321311854194 2.20141511486377e-16 2.87584875270756e-14 0.000937564886290661
PDZK1IP1 0.260321230877387 0.147928961558113 0.141427707690842 0.0662698392938421 1.62360131702218e-27 5.30970875375629e-06 1.96531814407083e-07 0.000917325743648787
ADGRL4 0.0613638429626892 0.0979472070134646 0.0604356131089265 0.0244299331441553 8.67812752226677e-20 0.00839402595727276 0.0380607670687128 0.281688830006614
CD2 -0.0133080582162971 0.454602359609266 0.248751381010255 0.233938488232722 0.297275933026192 1.31690467537196e-64 5.95331596922935e-22 7.95357174404551e-32
MELK -0.0473337503498664 0.705472651745113 0.233302985684277 0.0899399122363582 0.00140668209626439 6.41219659644514e-176 5.9836794816708e-21 5.90085706383276e-06
STAT5A 0.150987788379535 0.17426693843343 0.0858830037748301 0.0799570207568807 4.56144030570164e-24 1.0137297845343e-07 0.00163333993831654 0.000144263273161977
BIRC5 -0.0349373797764243 0.685237547342512 0.19036823658437 0.137509362366307 0.00494599018210214 3.32804537241485e-176 1.90094088773258e-14 2.94746832381347e-12
MYO5B 0.328334287401306 0.0490360284186061 0.116506916038685 0.0413767410182991 3.16317925166449e-38 0.15105541617529 3.85394168760087e-05 0.0458897737344402
CD74 -0.862415531766943 0.822124326119679 0.11333688149321 0.333152521591992 1.15296673994199e-60 0 3.36392002022643e-07 7.92091343548619e-88
ISG15 -0.258628419510765 0.455859229321565 0.294614851223234 0.327477532545846 5.49126046966041e-06 1.97449662005284e-69 8.22444952124727e-28 8.02448067387919e-79
RPSA 0.138560864281966 0.417043305119114 0.349072243349311 0.144189419547895 0.0854237707251948 1.18306140766184e-40 1.25991068640342e-31 2.53220184995862e-14
TP53 0.099249139423187 0.509258305226883 0.205469601640572 0.183590164260709 0.135391398863926 5.61807428112994e-64 1.71665960870822e-12 7.91152166770822e-22
LAG3 0.0970248746789827 0.185952428799873 0.179821405066573 0.0868282422331258 2.02453362227512e-15 9.4222501681081e-09 5.84404007690059e-11 2.45577182933102e-05
CXXC5 0.154050940850331 0.398350233686788 0.165857406047109 0.0673791872560257 1.21962648861836e-09 3.8243397204773e-38 1.10124069749163e-09 0.000762837800417991
HIF1A 0.100406744931247 0.400320028592445 0.200218379662445 0.226341685202625 0.0269685953193642 4.64590875801242e-38 2.30485957925544e-13 2.26724441166729e-32
CLU -0.375942361489485 0.827588505258784 0.128125839504962 0.191088534743954 5.53502890507403e-32 0 8.79319624081628e-10 6.79765274729374e-31
MIA 0.0760277106269775 0.153024053302517 0.00594131152436602 0.058395181751368 2.68663497866771e-20 5.9384657548584e-05 0.842156959911569 0.00878171932991007
CD24 0.112673434994382 0.25412036225217 0.11676605805982 0.275172466480775 3.09187124823718e-07 9.67846123848214e-16 1.65358444538193e-05 1.67234596395503e-45
FGFR1 -0.438041635157826 0.80107133956042 0.0277029531886858 0.275394997375453 6.66700166209519e-59 0 0.0952705458796003 1.56951363248601e-87
MZB1 -0.0719054615260488 0.53292470187274 0.219453991622535 0.262928856718677 0.00114530380715977 2.88538715140324e-102 2.28058045211019e-17 1.0855839502226e-44
BLVRA -0.0832387611645628 0.637183168377309 0.196597080771493 0.197920884108435 0.00128603727866726 7.51472249402704e-154 5.5245090674286e-15 1.60089106868406e-27
CD79A 0.0577185694832425 0.0206108241399078 0.0270611089113195 -0.00768266276671621 1.01800328836317e-23 0.580951986147084 0.362860479781424 0.742047080818645
STMN1 -0.369275596475735 0.715067104448573 0.208345888520012 0.190047890672486 4.37345158009309e-19 1.33261075213342e-296 4.92044923547847e-20 1.44422572969446e-27
RRM2 -0.0810635464372821 0.825199565761183 0.139366336127517 0.177645811556073 4.98059878536191e-09 1.60573632151159e-303 1.01410752291403e-08 1.5315672774857e-20
AGR2 -0.284849638624258 0.544951607813565 0.102650280227713 0.478879637769539 3.26880406915344e-21 2.25975062515824e-163 3.900490653895e-06 3.64656161621528e-205
LAMA1 0.105872543779305 -0.0134284100392016 0.0803482600712296 0.0140278022181659 2.85433685837154e-30 0.713964245380928 0.00553018256216543 0.529803075885669
PECAM1 0.0897051739980181 0.447173302314403 0.121778992526072 0.0755685297049987 1.21776511089246e-07 9.65277330279937e-55 9.03703867264789e-06 0.000241935781821487
ISG20 0.390235942242274 0.0311119332518848 0.11330789048682 0.181851524269692 5.59522555373952e-31 0.341316226900259 6.56525330104294e-05 1.14213686943211e-20
MKI67 -0.189168287993414 0.935004605906805 0.0804425760062611 0.18174305197274 4.63578148088574e-28 0 9.72895754559464e-05 2.87528662182317e-25
DCN -0.0228219606233669 0.643931608176378 0.202341506237111 0.137246434015111 0.0637762804439944 7.66688155083428e-131 2.3154271130323e-15 5.6186295915032e-12
CD79B 0.0650538806393216 0.0421385950951956 0.0394573293461224 0.0694470177428476 2.33347678427919e-21 0.258967820297455 0.179835294116925 0.00208152704272214
CD274 0.0681782289505572 0.0101770502151096 0.0761788350305464 0.0257635536123655 2.99897103532512e-23 0.790987523634955 0.0116490919223603 0.262779580918952
BRAF 0.0731565377431437 0.195474869279105 0.113201085285085 0.0374589519707734 2.65972769092141e-15 5.007530045269e-08 8.46849496633362e-05 0.0873423029859386
NAT1 0.134970050223254 0.17758985279156 0.0158443535493853 0.0444763894907501 5.87785895946376e-27 2.04837016577637e-07 0.581408441391372 0.0369751827995323
TPM2 0.0058209392356262 0.501013568391254 0.215181313927225 0.171031789986244 0.773004058391925 1.45054427528204e-80 7.47916598015357e-17 6.50190196357824e-18
COBL -0.0529168891682413 0.601910792640175 0.238339739114838 0.142356052392858 0.222181925301993 3.57074271427108e-108 1.10034095379005e-18 7.64861143021381e-14
S100A14 -0.0534120228861261 0.532556614721136 0.296715652989901 0.166900488161607 0.0209801863569978 4.92107283754762e-96 6.59805079370983e-32 1.88873284961542e-18
SULF1 0.158862227126156 -0.028130625338074 -0.027443451475097 -0.0145499651661927 8.04409827700469e-47 0.43740945124815 0.346137981521181 0.508665215019278
PGR 0.0301061896964522 0.0146079893808599 -0.0042075088870764 -0.00284639872290914 2.15813223979279e-16 0.725620520028139 0.890835832834701 0.911117362187131
FGFR2 -0.19431037715284 0.657809256898849 0.181360902434648 0.344874851723756 1.71676483627364e-14 5.22139748509174e-150 1.07594330575648e-12 2.70207623084343e-80
HLA.A 0.270113188923218 0.170761067540131 0.172662696744013 0.121055017925413 7.04163783465124e-20 1.44372613360804e-07 5.42903516075355e-10 1.417957740729e-09
LAMC1 0.238790363541103 0.218160363902597 0.104282518794969 0.108218091247292 1.6162689781406e-19 1.99967224318604e-10 0.000189892469629278 7.35653844799172e-08
DERL3 0.117849715710945 -0.028927600161907 0.111687533032521 0.0439224442322619 2.29048439914888e-29 0.435004548961538 9.61946799664848e-05 0.0466255672663861
MLPH -0.111468764921834 0.846793302865129 0.0654948286042144 0.160906055293308 5.41605505135008e-08 0 0.00533285944966244 1.03777031202006e-19
AHR 0.175400364772394 0.302289734214702 0.100906312853418 0.137180648145877 9.48998274688787e-14 3.88599248063361e-21 0.000161555335994533 1.97192490215288e-12
TRAC 0.0333989777319862 0.28150486450376 0.156400395093306 0.0237170043749548 3.08911471182528e-08 4.5131266996944e-17 9.75500338732242e-08 0.307959592295367
CD8A 0.0967749396121812 0.0992023200694589 0.0305615435161404 0.00236716658462477 3.95081492622112e-27 0.0092805626971942 0.289969743393229 0.918191892155816
ITGA6 -0.28261372044103 0.715499064229076 0.246556888136953 0.14000697331528 2.09018894465399e-14 1.80298505709701e-271 2.27946679890507e-26 4.19260357748539e-15
COL1A1 -0.51004683183234 0.995569687355482 0.00058049277530348 0.296862062687207 1.7435768193475e-99 0 0.970667897287808 3.22604133302529e-91
NCAM1 0.0752581619443078 0.18201709179466 0.104209080451327 0.0586584086246755 1.22301349192049e-15 1.98443146628664e-07 0.000240559276995406 0.00948104346610633
CD34 -0.133344410906173 0.864666221588553 0.200625366933513 0.197529171316518 9.04993562398235e-22 0 2.12157491286636e-17 1.03119059284972e-24
C1QA -0.0968061127316857 0.74917014518522 0.15765988162414 0.169978026954163 2.99196881316939e-06 3.75130665308142e-272 7.05574940001882e-11 7.23979432496765e-20
PHGDH -0.119219409591137 0.537197853556172 0.21847402481006 0.308980098597177 3.53014633512415e-07 1.33451600120225e-107 4.82420784908409e-19 2.74294660742868e-70
EFNA5 0.0421073154714985 0.0998329636270348 0.0316286825749044 0.0101095986689899 7.59665169710387e-17 0.0106351163169023 0.30960080940757 0.674921827962321
TAGLN 0.0969975242962139 0.298590011875863 0.181817855115416 0.149175249645899 4.11838832572395e-07 1.09203159610485e-21 1.40398345287235e-11 3.25148545479729e-13
MMP11 0.0273228626867183 0.408540869638415 0.167281712280233 0.0761217972428146 0.000467473257088596 4.93367247873979e-40 2.07655785062591e-09 0.000463283137713897
S100A4 0.218474125487302 0.131728462183784 0.0635885635639685 0.0354699108804101 9.43443885932699e-32 0.000138139156009713 0.0224014797499474 0.0917436354205886
FGFR4 0.11547751642788 0.387054872897521 0.183809111386763 0.134955706175187 1.3069704882808e-05 1.13764327906843e-38 2.59267180367599e-11 6.11165411248363e-12
HLA.B -0.189045731349718 0.595501073894963 0.239732704660377 0.221444698179069 0.000955204109651523 1.72025585830193e-112 5.19042172358147e-18 2.10222980050095e-33
AIF1 0.058409201695567 0.250071593565554 0.198241811870665 0.0736652535160159 4.4689631257869e-09 9.40498533642992e-15 3.30483621735508e-13 0.000564825253288487
LDB2 -0.283980526407055 0.872744568946842 0.129916389345966 0.291539443898759 1.07479529029619e-40 0 1.63758281920797e-09 9.70788734306872e-60
CD9 0.194264381084406 0.181846942410084 0.135497696440736 0.0733208123449644 7.00630920439211e-23 6.99571802498329e-08 1.01235381641277e-06 0.000370037724599476
S100A8 0.0314622049378098 -0.00715878233549663 0.0493388266096803 0.0503848213801725 7.38809590400183e-15 0.853460130922256 0.102686696920446 0.0422444974445101
ITGAX -0.0532093918101767 0.893945218867565 0.0490093920705273 0.193246866321817 1.52275087048724e-05 0 0.0578716359186986 6.83744489997962e-22
TRDC 0.0689744531126178 0.109365356863868 0.10784236083192 0.049963624076631 2.09314696558575e-18 0.00137556982549589 9.889504170518e-05 0.0285343471944005
MMP12 0.0384813345928386 0.0187805044429934 0.030215537343083 0.0718112029487713 2.27588319056003e-16 0.62874149025564 0.314778155598827 0.00318747805667425
COL1A2 -0.412737604301597 1.00468717132791 0.0845409658914968 0.144788392871117 7.99907797040176e-69 0 8.94134224493111e-08 2.33001458795061e-21
NDC80 -0.0877201097300813 0.729092052460544 0.214471716318229 0.197812296133217 8.04559618520857e-11 7.51550616625109e-224 1.83990554113308e-19 4.54636596353602e-26
TBX21 0.102382516387233 -0.00536775471984587 0.0514999991255438 0.0380369705609073 1.28777611399889e-29 0.88524975001856 0.0714498555514061 0.0816741764554793
PI3 0.116979446141218 -0.0857032728067779 0.0561805978895525 -0.000108141019841775 1.14014325970146e-37 0.019246212649115 0.0551836401491691 0.996115857292933
C1QB -0.0779162480388762 0.736768033300511 0.187830236147775 0.133759134240686 0.000112045154143721 1.41215243003684e-253 9.85532535512751e-15 7.50728836824612e-12
EGFR -0.226513407937664 0.805817733165273 0.146524955355566 0.189413836422271 2.68831573220095e-13 1.17530465858463e-290 2.65228998089552e-09 3.3250247522158e-25
CD36 -0.0448467860982491 0.217150641712699 0.261733086936538 0.487636476632693 0.378459337969662 7.07019283072573e-15 7.39894997147016e-22 1.63302368401914e-200
S100A9 0.0425545220074098 0.148219591323895 0.141259280802519 0.0159601738874639 8.30141186817798e-13 2.40834682094366e-05 3.24445694523848e-06 0.501908151418016
CD96 0.0215957510223449 0.478318529871843 0.100899287280815 0.147400662052174 0.00680509777442825 1.1332745957849e-54 0.000277560442181174 1.38436966034137e-11
FN1 -1.01087427949658 0.869697945420746 -0.0493347053896742 0.38269726420084 9.08033728569373e-116 0 0.00396342360714832 3.41611678609777e-154
MMP9 0.0282690571877411 0.0350527819924026 0.103853920528484 0.313241994861721 1.97758664246905e-07 0.341010186695977 0.000571875168886344 6.8624455728741e-47
TCF4 0.0804816974105008 0.297856933970029 0.0772158816760763 0.0357699534840403 1.03727445156461e-14 1.88816850210703e-18 0.00476561736915954 0.108729684344671
JUN -0.337411406160978 0.503294926255461 0.273219307689175 0.323416035759405 0.00245962542126728 4.55558293850554e-62 1.32382284329251e-18 9.76674313580638e-72
LGALS1 -0.579526721845257 0.632079571112154 0.322378578886946 0.252487521814321 1.38973839311298e-21 9.44982034388361e-170 7.80290878868083e-36 1.70467852241065e-45
COL3A1 -0.311176663578117 0.961737050802938 0.0366014818697005 0.222193471563995 3.92726607125691e-42 0 0.0424076471826178 6.80258001055277e-44
TSPAN1 0.018872568004098 0.39592134152752 0.217581208591416 0.191351920571558 0.135037183702214 9.94009490452192e-39 3.76225706437228e-17 3.3160641820807e-21
CD38 0.0884716909214565 -0.0185097102660642 0.0552207740379195 0.00555176808660038 2.53382493359981e-29 0.628459087112996 0.0542218451683056 0.803864943764117
HLA.C 0.338275948912856 0.0510197778047885 0.0466560362002233 0.0409697529159721 9.1131545295945e-43 0.149224020107817 0.0978557066547666 0.0458469656740723
MS4A1 0.0491413298871738 0.0511173013156136 0.0424106111016228 0.0403346988710451 2.3556144710505e-18 0.158328003310172 0.172753206301951 0.0810818582200533
NDRG2 -0.238201797785799 0.667092245548124 0.134438826469918 0.295925593054181 2.40130940135082e-11 1.05533353603063e-200 4.17726559092891e-08 5.2039948093919e-63
PIK3CA 0.285016063912714 0.130704732057207 0.141591653909275 0.123998665731195 4.24114462052755e-23 0.000131510571633803 3.01945294721121e-07 3.69703301284985e-10
AKT1 0.148083561709254 0.487142894660486 0.23631031529715 0.0812324533098715 0.000241443788171739 2.04249529770717e-66 1.80561567084952e-18 3.00286855665396e-05
CALCRL 0.0891763166053011 0.170742453962168 0.152626197344651 0.000939003927311173 3.86662816559599e-18 1.06286638337095e-06 3.256421786735e-08 0.96600871157153
CDC20 -0.0423525397423381 0.732637856813031 0.160983464075114 0.123161162717128 0.00406155913287211 5.50226155882304e-203 1.48026323085218e-10 2.92653265174818e-10
SDC1 -0.660823788171725 0.859959416440254 0.13674251082133 0.175640174216282 2.38891638023635e-30 0 1.9058798771572e-09 1.88747973127704e-24
EIF3E 0.330042335912258 0.192475894601603 0.24303069190433 0.120409371116829 4.00561640831697e-16 9.790415323556e-09 7.74977377701696e-19 8.23488170491488e-10
FOS -0.0167371992366711 0.489839556184303 0.0955098865096972 0.348234503091955 0.419679917336192 9.69809398170847e-80 0.000217216211969415 9.9096165534999e-80
CD3D -0.039072891532707 0.757699805461982 0.125728383904726 0.225508714066122 0.000110106734079923 4.45148108184211e-186 1.75512924276093e-06 1.88829486546714e-27
TCL1A 0.0725190503467915 -0.00832437678371324 0.00698383087098061 0.0513019043360727 6.00383087943712e-26 0.829397228913548 0.818843801801185 0.0241020720872459
LGALS2 0.0696655543851545 0.0965502341162369 -0.00427063228883778 0.0231644482559923 1.91344464297607e-24 0.00797553801600575 0.882162365378031 0.314893816745754
COL4A1 -0.404673944158133 0.973735010839547 0.0915763886618597 0.187267413656858 2.16355768654185e-73 0 1.10491432227722e-08 9.24887969028775e-34
JUNB -0.794409015610891 0.652288447872146 0.273495820067504 0.368334674741129 3.13937183868789e-28 6.13610550527432e-138 3.55376117911922e-23 6.96819535341198e-98
ALDH1A3 0.0446671551562623 0.191790905180143 0.122941084083418 0.0944718757194329 9.75860515437736e-11 7.21212015408214e-08 3.37094290539099e-05 1.79220823843057e-05
CAPN13 -0.0438981111475343 0.588974630806597 0.202069948770619 0.197432753019047 0.0176922068029659 1.48466373322484e-127 9.72204949264426e-16 1.36677199490323e-26
PLEK -0.0841498375403779 0.845852899753381 0.143573858173322 0.196994473972822 5.42599166169622e-10 0 2.70068135905167e-09 5.5389705184739e-23
SFRP1 0.0452361454901979 0.414437675205136 0.0981009560665311 0.0463980511888764 8.61178277555284e-08 1.16662804368971e-43 0.000432735514134557 0.0380866583329233
NF1 0.0706653479703638 0.516729246833424 0.156362476418538 0.171678306177976 0.0852764611926607 4.64764626352706e-68 2.32898547858113e-08 1.40644188323951e-19
ELF5 0.172346984483745 0.00642370673737542 0.0236513751531427 0.0264359375363046 1.21612678112388e-39 0.859775231923586 0.404841599426348 0.222416193757016
TFEC 0.0317456720025752 0.314383949670592 0.102587900475198 0.0857219992899828 3.50860796675746e-07 5.48103091902507e-21 0.000337849273871207 0.000284788093463749
MSR1 0.0446726024998918 0.527069205445413 0.162056870333024 0.062920755225846 0.00388651508449967 2.21886383727267e-78 6.63586291803055e-10 0.00345876768834411
TTC6 -0.0179633124690247 0.612590451775955 0.180313079350336 0.148678795947941 0.458986685123623 1.35292901806387e-118 4.20633653527523e-12 8.18811475271492e-15
CDC6 0.0447551902381107 0.448975190612888 0.12517867893583 0.137026361820192 0.000782471660350292 4.14728001665725e-48 3.09433394834441e-06 6.36002665655226e-11
FOXA1 -0.39749912211227 0.678400255285004 0.232861170204415 0.177605722704023 1.01107728259374e-17 7.67823689793951e-282 1.04923311785549e-25 7.37550611183467e-26
CD3E -0.0416929590634805 0.744745701542473 0.220709140122045 0.248530959780017 3.42746022695415e-07 1.8270941399241e-159 1.25863486462621e-17 6.0632554705087e-33
HLA.DPA1 -0.169090993589293 0.852243190258957 0.170967553576878 0.146227946897386 5.99703622168357e-15 0 1.08608113855299e-13 3.99138477766957e-15
CCL2 0.0630150808160185 0.0586255742882747 0.0683679400933515 0.113895302414449 6.14252120951835e-18 0.0972066752711075 0.0226711796722437 6.89148657588967e-07
LGMN -0.133971073851094 0.598791919868248 0.254480271697103 0.175983197021719 0.046439363222602 6.6365663140818e-95 1.3913403689569e-19 1.62391932292099e-20
KIF23 -0.115791838843832 0.819031372779381 0.203760738152589 0.140688451693798 2.7014111275692e-14 0 1.45805492552146e-18 1.05496179903871e-13
COL4A2 -0.276993062013309 0.996378556135347 0.0671161694916596 0.143819471435149 1.61209565555854e-38 0 0.000139794350784386 4.01582571237471e-18
ANLN -0.196062904539799 0.872694753446255 0.121762882952196 0.180154904611986 2.08308111071227e-20 0 7.18215955090479e-08 1.67756055408226e-24
SIAH2 -0.093115000845411 0.620860898495861 0.248265141826581 0.145191243865454 0.250610867629151 1.30018845836918e-104 1.47627042926504e-16 3.54951039252901e-14
TTYH1 0.0283515061920209 0.0877068088559525 0.0466701871364551 0.183215819868675 4.09119097195139e-10 0.0214008378723404 0.10925855471123 3.05819192629711e-15
CD3G 0.0917969702901576 0.234535891694867 0.0331884882965255 0.0477944891555946 1.03243500186741e-18 9.58060111980588e-12 0.245097719185134 0.0290788468589982
EPCAM -0.420298589976329 0.629702115582925 0.220548547601395 0.249851379197124 2.1406061723422e-24 1.22152713909798e-269 5.16447446851164e-25 9.53557031980335e-55
MT2A -0.121036834520379 0.492244128113681 0.260570623564128 0.285337718531666 0.00014051620210924 7.72918157826986e-83 3.32766659417366e-24 1.59718710573368e-59
FOXC1 0.166448706435636 0.158511818330451 0.107149083150652 0.152300989725647 2.41941120795701e-19 6.52440362154474e-07 7.3059564240177e-05 1.11506517803398e-13
KIT 0.0424789449508677 0.0476728327192141 0.00773289321557207 -0.0317182977606232 5.53862188587409e-20 0.225891400379896 0.803928897495647 0.194686538744717
CDH1 -0.64703272419738 0.88992312325187 0.065450900609217 0.189466205478468 2.58572806221484e-36 0 0.00134059573770667 3.06668573122963e-31
NFKBIA 0.349042328050915 0.27773620251554 0.136894776167066 0.185584578569136 2.66684076250643e-12 4.60412234519274e-18 1.38076000555587e-06 9.85034810975187e-22
TFF1 -0.47597772088915 0.530217131106814 0.211841926912629 0.370285175824531 3.75872084476408e-27 3.8585648957618e-176 1.63374122529993e-22 2.16637737441497e-122
LILRB1 -0.0398387071146165 0.909771769158552 0.10692600860047 0.0437439343764632 0.00191870874264562 0 1.03677594100617e-05 0.0290649640132414
HLA.DRA -0.431658543316157 0.799572970221488 0.169802930648575 0.252043329782214 4.68008351383106e-32 0 7.06081162953778e-14 3.47476489515147e-48
CCL3 0.17047239801492 0.212615895591907 0.143155061436797 0.133363389659484 5.47597060450528e-16 2.6685870682294e-12 9.73400350783735e-08 4.11950846250164e-11
AP1M2 0.0171516980218498 0.429408810625172 0.288776957289456 0.12211606537949 0.216573431893527 7.38161319681674e-54 2.08529999598782e-30 3.36260323334712e-10
PLVAP -0.155706450354217 0.710084634493012 0.231734198111191 0.146272499118423 1.83103077867888e-06 6.35295139921864e-163 1.32723700798775e-19 4.96912872411052e-14
COL4A5 0.187677068910108 0.064487969608962 0.0845790100786464 0.0351832093601032 3.87046142915258e-33 0.0674651651158211 0.00216486272790546 0.0981653911740617
SKAP1 0.00591768220357716 0.582756211134563 0.208229493543911 0.125869509198031 0.799519202476732 5.06017240701164e-111 7.18002293207228e-15 8.0107931689198e-11
CDH11 0.033018931260648 0.254147080916725 0.0692965022676533 0.110061140176034 9.00786261037499e-09 1.09213605396989e-12 0.0204241364067668 1.28224751458085e-06
MUC1 -0.0678297924068958 0.319675855138493 0.123859098295339 0.581873792284689 0.000408358347398757 2.54258036507975e-34 4.77013150363396e-07 8.10604930386154e-251
FOXP3 0.127153833982377 0.227464894937871 0.189106806539651 0.104045010193163 1.71684582091844e-13 1.3466056727107e-12 4.93033133622293e-13 1.90676837846878e-07
TFF2 0.0975647126060002 0.059431087848434 0.0683770025381545 0.0584816935847076 3.26697825096605e-25 0.0968024157894235 0.0204038851420746 0.00738563072418816
LRP2 0.0753110455469888 0.341078941780136 0.177454965210865 0.063525825673213 1.14784718060622e-09 7.64642937605016e-28 6.45474414538464e-11 0.00220372692883237
CD4 0.00595011505132517 0.596996955246154 0.121120166091841 0.167827614380422 0.657420713920707 1.09681282003891e-114 2.48949160357973e-06 6.93183116197679e-16
CCL4 0.00711504263452776 0.268832588188664 0.282534336345645 0.263011551512446 0.404619860644513 4.89437418598103e-16 2.79753386364668e-26 1.19097655672853e-36
TYMS -0.456976435643815 0.723111018942104 0.12592845013688 0.298121803995918 3.66852080681521e-38 0 1.07832020586435e-09 3.767363432985e-75
CDH3 0.0199250494368059 0.29985236687965 0.0692494511858326 0.0394564096961069 9.91027654910992e-07 5.06395969433939e-16 0.0243896378564261 0.107528716878427
NKG7 0.0103026768219786 0.496957410672732 0.197854603955957 0.130258336454511 0.253344811745144 3.59585992070986e-62 1.65302121323756e-13 4.23800046901877e-10
ERBB2 0.305972881385479 0.189961886175759 0.0631592231437709 0.121407165172749 1.41560592814187e-24 1.2709965128428e-08 0.0254323623534197 2.24158518138987e-09
CR2 0.0608651703602182 0.116286025789559 0.0962951545814345 0.00692750297223216 2.65881573993064e-18 0.00222892138588698 0.00124058689074988 0.761455214491748
KRAS 0.205270101682987 0.202560458404306 0.0975116499182154 0.0937494396108823 1.37591622418273e-20 2.66324798680057e-09 0.000550700561014244 4.30636509376445e-06
HLA.DRB1 -0.0285450747367126 0.756842197843157 0.103131923212537 0.110044702592933 0.156635456429362 1.23364946897115e-208 7.09059028088579e-05 4.86221170096532e-08
SLC2A1 0.0201170177030893 0.499184277753362 0.226415473688179 0.131819404963187 0.219909309184775 9.14765607823994e-77 4.30760528132485e-18 2.00328349446521e-11
APOC1 -0.661200492964648 0.524935644875867 0.187243842688827 0.406483147700198 1.76448115295038e-83 0 7.95668773597225e-29 1.0912291673867e-197
POU2AF1 0.0718931316559625 0.149342612420715 0.106220696660641 0.0955907780609116 8.9615700905508e-16 1.24040450403672e-05 0.000222395357467098 1.53752811945768e-05
CCL5 0.081620803230332 0.127988777779534 0.0478300772666879 0.0175465412990943 4.60079924910552e-23 0.000374418531519459 0.0911529103399742 0.42579273873436
MYB -0.0256843257325289 0.559306636301647 0.193444649113458 0.207593371075416 0.103746968065095 2.35609519724174e-103 1.96578338614479e-14 8.24547231942953e-28
FXYD3 -0.0847037046443309 0.642380769587706 0.229235621827667 0.156027609122475 0.00067648990447253 7.54268202938674e-165 8.68755934120194e-20 2.87267262159306e-17
TFF3 0.0369363751167347 0.358997400497463 0.256982513226683 0.217411716556542 0.0631343729750145 6.98192897020787e-38 4.26423284273569e-24 3.89135153976831e-29
CRABP2 -0.151481824305768 0.51737899321762 0.245467253219981 0.312801437489752 3.02880321601034e-09 1.15157370442349e-120 1.3487766611263e-25 8.03836775820641e-75
LST1 0.183533061212366 0.0654326613673027 0.0571269703273156 0.0366542509167188 9.16075609116344e-36 0.0499289688144284 0.0428626315234407 0.077438216785821
UBE2C -0.00709576450344955 0.56515707417894 0.226606135881021 0.131004350140425 0.568111991406308 1.77285535691243e-100 6.99074928786343e-19 6.31140400727741e-11
CD40 0.089919345428552 0.380345705102025 0.197652159418216 0.0598092356269631 3.97629640048143e-08 3.42176078349269e-40 2.36651943553919e-14 0.0042539013406599
KRT10 0.109223877469831 0.00915248413708685 0.00889670755927175 0.0236449472695665 1.53598472489818e-32 0.800302343581904 0.769623062044832 0.294473330139987
CDK4 0.211475805704257 0.377814273616617 0.214898263450766 0.146156966839802 1.97905640174138e-06 3.56466090263893e-35 7.50504217067e-15 2.85770357635503e-14
APOE -0.508385103449286 0.792022443662375 0.071291078240158 0.25977246935644 2.6511287114162e-53 0 7.42433711604736e-05 4.01075722118062e-69
HLA.DRB5 -0.212543249544263 0.836850456157076 0.178958728203242 0.168108294227087 1.70671306358424e-17 0 2.64563623456188e-14 3.47901834123806e-19
NOTCH1 -0.0427429063781604 0.671620254647418 0.179204209501556 0.14592504687963 0.0229013891410191 4.53157070618499e-172 2.79094167479623e-13 2.3858488387281e-13
ERBB3 -0.163570191133486 0.788871387510167 0.151946175425006 0.124192523965716 0.00111755067895264 3.07632287165734e-217 4.69417218532577e-08 7.94044848389283e-11
SLC39A6 -0.213271755033745 0.618887423078016 0.276944990902472 0.195655098076105 1.04341690534468e-11 1.2001565042431e-169 1.93410294239616e-30 6.08616476523915e-28
KRT14 0.0398224045823435 0.0130670726785618 0.0316206735652263 -0.00600897267768658 2.10373656304434e-18 0.742676664865139 0.30985906355113 0.800475923144183
CCNB1 -0.237370587514939 0.734187569314799 0.191639536881998 0.267113182431657 1.51381981479659e-23 9.75847731168096e-267 9.13056763637365e-17 3.14943525831929e-49
GATA3 -0.239052384444028 0.818340706583569 0.0565940887935815 0.210618474349361 4.89485918868813e-21 0 0.00315606557582369 1.3837582664772e-40
MYBL2 -0.280314440294529 0.898894973561898 0.0525807500050645 0.226869217748563 9.50233290187752e-32 0 0.0114682603471025 1.00152061379938e-41
CSRP2 0.135895245466986 0.179665408832756 0.241192877795088 0.0904630164444811 1.62164736619729e-14 1.68181592003284e-08 4.10432186161391e-19 7.98891125887129e-06
CD40LG 0.0431448557157223 0.470364695864338 0.102694014326231 0.0576539234134171 5.26121497572667e-06 3.18918933916023e-51 0.000201564489231626 0.00995140993497595
TFRC 0.197971720631374 0.26673813855633 0.111720237817487 0.107689972866694 1.46985329661083e-15 1.62836843260295e-16 5.47259994095665e-05 8.62440251066514e-08
PRLR 0.122938146267378 0.409578608088766 0.237814498583614 0.129657870157966 0.00017845178708886 8.97222486396351e-46 9.6129679850333e-18 4.22070256228144e-11
LTF 0.0883118522627222 0.0705356321141654 0.0734333414524678 0.00344018278894072 6.09915083354592e-26 0.0467394083645108 0.0111111872432614 0.878304966538037
CDK6 0.112398866404572 0.0724620817175424 0.141278043423852 0.0923989344711092 1.58637766917052e-20 0.0432089647730466 3.91837760785208e-07 1.986334340775e-05
AR -0.225846344721591 0.811640743379927 0.157950955808065 0.17135305399034 1.37285654732202e-16 0 5.45150535513308e-11 6.62337508299264e-22
UBE2T -0.14020540736965 0.683257712654594 0.228581448893027 0.163820395661163 4.30841784054856e-08 1.82192768470191e-203 1.41090484696557e-21 4.64959390826506e-19
ERBB4 0.0972000763450199 0.159343314348815 0.0532719614312277 0.0213069848548727 1.63501608238728e-23 3.23961421514679e-06 0.0722287312887406 0.324987549223065
KRT15 0.0826572396013943 0.0776721138927156 0.0378536123778521 0.0526296966048447 3.03920907243045e-24 0.0358306474193932 0.206774107424684 0.0176624247269261
GNG11 0.0639099868306866 0.199239175058414 0.124158759441471 0.0499988436454464 1.63577375244237e-13 2.43911007143381e-08 1.25248797251174e-05 0.0214744741842962
NR3C1 0.184846724113626 0.293366137321316 0.106348344906315 0.166567490801567 3.42676648635297e-12 2.8504458910922e-21 8.24077008417135e-05 6.98159597297951e-17
HLA.E -0.316932329302511 0.70425721350368 0.214062645306588 0.202228592989445 9.74387319545384e-11 6.02557360147569e-185 2.25820171275026e-16 5.06620017133141e-29
SLPI 0.00755765404584604 0.398309359413028 0.221468934391753 0.279213975951811 0.80649687280959 8.15200904438078e-45 4.38332168147386e-17 9.47261681860085e-55
CCND1 -1.11377419925217 0.767463577159855 0.0517853890515314 0.385558023977308 8.28154714638871e-33 4.77573493552943e-311 0.0303436701332339 1.13080898069991e-127
THEMIS 0.12441746642203 0.0188986950802207 -0.0325649820439995 0.0516610081324256 3.41721842857105e-36 0.602859521460929 0.272952081723845 0.0206295598751778
MYC 0.34286305244013 0.192763736644215 0.122466497639858 0.222943475176851 2.9801728217639e-15 6.37413329128525e-09 2.27603818730135e-05 4.61630539136955e-31
CD44 0.083040155574665 0.188228864033657 0.0943713980469961 0.0990071118500195 3.01669717563863e-15 1.14059024114977e-07 0.000562976123795267 5.55402095098497e-06
KRT17 0.0657311768967143 -0.0421341574449735 0.0797969904286452 -0.0107723601668887 1.7459528001907e-25 0.26282159991927 0.00735846400407296 0.646016384715419
GNLY 0.0107750632722736 0.498025482885664 0.0352591380024254 0.241970222098765 0.0642129982988562 1.39535254258769e-55 0.215022450056384 4.36407949108094e-25
CST3 0.409830507219334 0.0725922571760401 0.066779960677141 0.0211963754202446 4.37089577388859e-43 0.0347112544838707 0.0178520754189926 0.308036826803031
NUF2 0.0347979936369735 0.387092142044753 0.181328222783261 0.114552699090539 0.000567122977241839 4.37397698092266e-37 6.25010529427373e-11 6.70098090250532e-08
ESR1 -0.0691017431358086 0.704037386375199 0.18480789255213 0.135532252600673 0.000956573090321158 5.92020240010689e-178 1.57925761681794e-13 6.02592675651023e-13
VIM -1.18310014211106 0.770339286279037 0.232405413337675 0.29096405649846 8.56610565124315e-125 0 2.74204309397006e-36 3.84576101656453e-76
AURKA -0.279103827078986 0.832717640603962 0.133700381198094 0.192196403236005 4.67622083411001e-24 0 3.28848151479001e-09 4.18698661169681e-27
LUM 0.0613058231447808 0.400922256006113 0.198547171879048 0.214091597977838 0.0143422879989799 2.47263237482272e-51 1.25593237824815e-14 2.66432064535761e-30
PTEN 0.271788915682442 0.0622379577724141 0.115652843414547 0.0476969013118291 1.84642319522264e-33 0.0833210880997124 4.12617038190577e-05 0.0200577597393461
CCNE1 0.0745201379279971 0.346651007160841 0.112825730045625 0.0890257425999897 1.25179573771758e-09 3.46894758728211e-28 4.6094517789935e-05 2.73422797770163e-05
SNAI2 0.0691988686786893 0.383316433414989 0.135302690048932 0.159150644854777 1.36580721762276e-05 1.02104514968057e-38 3.22221529336397e-07 3.39539552584711e-15
CD5 0.0714634428210765 0.0134986732877587 0.0233312381499771 0.00440462329550184 1.80792147690695e-26 0.712143165227391 0.448478201679003 0.855354200495014
HSPB1 -0.679184965410632 0.649307130695786 0.157288275894096 0.342067260482138 8.24363860540007e-14 8.76853799542327e-165 2.46267667081394e-09 2.5460479977157e-88
CDK7 0.23349878886405 0.263734565642211 0.182560170297623 0.120927743223935 5.11317678530082e-15 3.61479333652983e-17 3.12034045298277e-11 8.42768265319889e-10
MYL6 -0.0771826113581382 0.717718841209302 0.193064030566348 0.117379339964658 0.609537103593192 1.79868761288928e-139 5.72131658054166e-09 4.88142070123562e-10
THY1 0.0862820687125508 0.219994395098173 0.117085802290931 0.0341826631623095 1.33089978510895e-16 1.7076265356988e-10 2.9709693940795e-05 0.115572906935141
VSIR 0.0769045435985948 0.143836553630785 0.0340502899099982 0.0417615565487689 1.51930299400908e-21 4.31832917233334e-05 0.232462842621216 0.0769198054636513
CSTB 0.277730194707608 -0.0948578011093226 0.0544279307745293 0.00982639206197125 1.66166769617622e-53 0.00965815144142349 0.0493052205490411 0.643313347786759
GPNMB 0.038221740666135 0.472236027317286 0.104031042524296 0.103136491113686 0.000199392593955648 5.37021294721852e-49 0.000104675212146122 1.67596354135444e-06
KRT18 -0.960542851010959 0.752368597803783 0.25249728574693 0.238694028980997 1.51984115378429e-27 2.86094761973856e-249 4.1709022779644e-21 1.62064718576942e-42
FABP7 0.122247341452158 0.213383672159265 0.179415194365448 0.128260688614343 3.48604846323916e-13 1.90976343869729e-11 3.97714442586583e-11 4.28405520134819e-10
CCNE2 0.0596138406601348 0.125704398703999 0.0530649613168382 0.053960434759222 6.32525094039346e-18 0.000455343278208339 0.0720996374456851 0.0180733773686192
SOX10 0.0505096644126743 0.0061016150363222 -0.00707860719877148 0.0340358811621008 3.05025017423838e-22 0.87338277499682 0.819945750508067 0.147043350924749
OBP2B 0.132891492171455 0.0443119525520924 0.0123971334743744 0.0114344044275605 2.89493256907856e-35 0.228808701502372 0.666791910684365 0.608723126668183
AZGP1 -0.744230705850218 0.905306634083612 0.0941517220927281 0.145024603884055 2.83717597098901e-15 0 7.18565188923753e-05 8.12227571735991e-17
LYPD6B 0.103016902264958 0.212534345738957 0.158554265322009 0.0720720235431802 1.08270599957003e-15 7.16949828335025e-11 5.10674082605334e-09 0.000604592208134891
PTPRB 0.018641242136526 0.566705930208448 0.130060170036427 0.0623495175345877 0.0253998948195426 4.84320505210389e-83 1.42562673072551e-06 0.00531897775580742
CD63 -0.406274162732483 0.691491457303028 0.25100861161016 0.166402043598226 0.000321573848198008 1.42882669103104e-140 4.03774929461988e-16 2.35724319751762e-19
HSPG2 -0.0290617209809894 0.863951287321348 0.150591722554161 0.0334731098665527 0.0106574221210546 4.15199180129002e-293 1.59227607562741e-09 0.112983230831982
CDKN2A 0.0890221208626044 0.170688541088027 0.212428421588158 0.099369135105598 2.97777381812318e-14 6.8849445144619e-08 3.73313952887863e-15 2.41578401937861e-06
FAP 0.107275320402676 0.0604563521529912 0.0500974785847334 0.0215165399747319 2.51563747952838e-28 0.108921611288136 0.0933305019310586 0.337121739477342
GPR160 0.100180932236559 0.211411328575654 0.132155789325503 0.114462557975074 1.16222717470534e-14 5.25320970563121e-10 1.9216941703701e-06 5.47340331002722e-08
CTCF -0.0565808752012969 0.635912132050001 0.249656118319203 0.107861881925189 0.269221510185171 5.36896647941306e-130 2.30849770372825e-20 2.01098659769681e-08
TIMP1 -0.730731540521746 0.723627430001127 0.152948775330965 0.406046080202304 6.14076273720911e-51 7.92481295929359e-321 7.7865392231092e-11 1.66707119838495e-136
XBP1 -1.54036377322797 0.913459999345892 0.110246966877077 0.196940162342081 1.35746834427477e-30 0 2.09193489831833e-06 1.19887965450221e-29
ORC6 -0.0118714944960445 0.647929393721237 0.133227781008875 0.152485653011709 0.517985607826756 4.03708308220656e-145 1.37793132480557e-07 3.75070825131921e-15
PTPRC 0.0375673947757769 0.488404133083899 0.101062469709289 0.0658425110652505 4.25753229141087e-05 1.39104763595765e-64 0.000210042851036844 0.00266519632396731
B2M -0.590985333865227 0.682871314649701 0.183515102987536 0.243648567175813 1.06562390976646e-16 8.75788797143873e-234 1.08594091702631e-14 6.16482121876792e-47
ICAM1 0.0712150559198251 0.375953199209105 0.130321409909798 0.249434482182531 0.00114887222719488 1.28478257297324e-36 1.28130838090561e-06 1.34652244878683e-37
LYZ -0.334601699834251 0.457544891928087 0.218987150888032 0.466575197706563 5.47205710056857e-08 2.13726030497567e-59 2.84111522214275e-15 1.08786954650846e-167
XCL1 0.0589337147544793 0.00333475739739584 0.0754270890739723 0.000119010172393706 1.18546729841969e-22 0.929888269942354 0.0100846859490789 0.995854329335571
FASN -0.439758515112275 0.767695445097599 0.115902098839862 0.235645597571373 4.07532516139545e-20 0 2.93923288430171e-07 8.74216953943772e-45
ICOS 0.0443004276449772 0.0770354422214674 0.0421065637974724 0.0917481132086077 8.03563955503742e-16 0.0354061597518904 0.162810128626195 7.97088854656148e-05
PTTG1 -0.0351832382966713 0.535653962309009 0.264997737192692 0.180223603576702 0.0272471191756932 2.05462601097618e-102 1.06215764068334e-26 1.85054834381942e-20
BAG1 0.365679768094071 0.410637514002289 0.243939914436464 0.155525678302789 6.62734849227848e-05 9.08870801285378e-37 5.28777433887076e-15 5.32517498026171e-16
PABPC1 -0.760610517727102 0.65017685812954 0.282351815466782 0.227473497901669 2.11368932573123e-13 6.28026298467486e-160 2.4533464083941e-25 1.08261465518833e-38
ZEB1 -0.111897466018348 0.675514734940959 0.214789904334982 0.152382770680944 0.000221129853422394 6.69162234312528e-163 2.94788510720607e-17 1.91157423612129e-15
IFITM3 -0.236955111003663 0.629141983459749 0.252831144213922 0.202165942604326 1.07336734124922e-10 9.24014441801997e-186 3.01623597310331e-25 6.21265904749476e-31
RAMP2 0.0823192586472784 0.206666766574092 0.198940641732576 0.0792056527494527 2.69407070735399e-11 2.10983179504258e-10 1.48162198903264e-13 0.000203899580032032
IGF1R -0.117781299563491 0.768687750676617 0.181576661745904 0.123130072136637 7.3805741713546e-08 5.86727334840634e-274 2.30627555403507e-14 2.01046883404636e-11
ZNF571 -2.92343129507531e-05 0.605709300460648 0.19440693147244 0.10297012181144 0.999057202637795 1.41046788287161e-129 1.30080204828951e-13 1.75555921358308e-07
IGFBP5 -0.283888539047807 0.535388114988628 0.110474310230527 0.728918757188691 1.14960048139357e-50 3.35057707792797e-145 7.272734074537e-07 0
