target intercept intra juxta.15 para.100 p.intercept p.intra p.juxta.15 p.para.100
FAT1 -0.115003483412141 0.633594356618378 0.224596755338526 0.164370058090605 2.02353805433851e-05 1.90328726670022e-250 5.79709191982665e-31 8.0109574978159e-34
ACTA2 -0.131401802321479 0.601590495817423 0.205046940963409 0.331858389989593 5.13025607345576e-31 1.01969220513883e-318 3.58548537698197e-35 1.15088009101093e-146
MAPK13 -0.0140771485338921 0.561103180123088 0.234509388707594 0.15607905992032 0.69959709067692 4.98750192042596e-171 3.41002114706063e-30 5.26241541619933e-30
CD68 0.101171866386077 0.304921125857768 0.143016880154217 0.0266346406631435 6.23326130269602e-26 9.97441754745803e-46 3.61281094463054e-13 0.0800953445965362
RB1 -0.340680876931035 0.669953542621159 0.300092191702953 0.150953347590967 5.51648520011595e-17 1.60380990615204e-310 1.35907086438241e-54 4.76790311405541e-30
CTLA4 0.134814699828364 0.148883734311392 0.142380985940124 0.0770867244784566 8.9113104142613e-34 3.89818214038405e-10 3.52529247412464e-12 4.3651634393457e-07
GRB7 0.230782749376036 0.128997607106491 0.0542113060953006 0.0425765934641511 1.08419967014846e-62 1.33458021467357e-07 0.00716921117415806 0.00427019826402116
PBK -0.412738310559744 0.827810152878281 0.221525763838504 0.170686712273763 1.63874486680284e-68 0 5.50150741160494e-42 3.17889764359103e-41
CEACAM1 -0.593832422878969 0.705722519092408 0.0278923927498467 0.507829704902912 4.11692471239615e-74 0 0.11517469032823 0
IL2RA 0.173871528751459 0.242647497846522 0.129244361615314 0.0604838922081766 4.75704415322487e-32 9.7017455856831e-27 4.62737883860289e-11 4.94894642968113e-05
TMEM45B 0.20628891191552 -0.0145481504947908 0.0648109392958709 0.0173097512191587 3.68819734088644e-79 0.555131554716376 0.00164747318562381 0.260601551529837
KRT19 -1.01478105199257 0.678443878153339 0.120166721857792 0.387041332074167 3.02219705203955e-118 0 2.14653595736871e-17 1.18903193366124e-282
CD14 0.109195801856308 0.242305596492576 0.0932579395198359 0.0455050076353462 8.92973319540507e-33 1.1789579383267e-25 2.10516912312216e-06 0.00357597716119029
BANK1 0.0742485598677167 0.27292697865432 0.0740337061882649 0.0825771641782492 1.13237312813374e-23 2.7791848929536e-31 0.000245447710242148 9.17256956575448e-08
MYL9 -0.175520974940844 0.520987330347871 0.280581270688127 0.245299839792884 5.56935736386288e-06 4.04479062724233e-158 5.8316121487578e-44 3.42426158429666e-77
SOX18 0.130297251618623 0.283825647581671 0.0678464502535062 0.0889900807155159 4.15290645898967e-28 5.64758499120465e-35 0.000737315836508044 5.97113669640835e-09
PDCD1 0.08856284459956 0.0187825430996208 0.0742904009008534 0.00293401206989687 5.59227740229494e-53 0.470621435632464 0.000258773674476889 0.857731562558346
ACTG2 -0.093146842870611 0.204891056060373 0.12918969255241 0.717915919141452 1.7045690490582e-07 1.61124491762629e-21 6.08116652200104e-12 0
RPL13 0.306550860675241 0.311426628013112 0.246374218790133 0.194692042651551 8.02474611938912e-11 9.77685674249212e-42 3.5374678389524e-30 4.02684992540885e-47
KRT5 -1.01267524788873 0.569799738360849 0.106163451427234 0.627478784561027 2.42340887425124e-151 0 1.35710233857141e-11 0
MAPK3 0.269195231234444 0.259819120349053 0.141343603234899 0.107160801909561 3.69931030053031e-32 1.40186400202426e-29 9.39204274867471e-13 7.61484285543043e-14
CTSL 0.0734468198084352 0.529173435811483 0.199073340995638 0.170548525453975 0.0753937884550825 2.80512660141198e-142 2.11022826732072e-21 2.37552946603715e-35
IL32 0.00113300736859068 0.424166670365577 0.20722192800185 0.227188445973112 0.92178783338765 6.43057472909703e-105 6.81481692131514e-31 2.29604307320226e-59
CD163 -0.204894186410864 0.85171137813578 0.0328686345029079 0.324781294900774 2.10137059954329e-81 0 0.0107860613447399 1.3168427916659e-188
CENPF -0.807829694459807 0.89507195584738 0.151857554045239 0.218807789402795 3.51687536095557e-206 0 2.20935982923995e-32 2.44354291098377e-87
GSN 0.158698132414951 0.3298095764534 0.180793310709359 0.132125279098226 6.66864940212501e-14 3.15271647027365e-50 1.40602980987111e-20 8.40026829582969e-21
FCGR3A 0.0904623575894239 0.538940007057692 0.167043042518345 0.139275651467498 0.00738918239873639 6.10239894837129e-162 5.24236925864561e-16 2.12171609625212e-23
TMSB10 -1.56063857350608 0.779023403672563 0.189677209015743 0.259897257550984 3.25804763938148e-33 0 2.91056547263491e-23 2.02811531559113e-101
CD69 0.205676413709046 0.14545019551362 0.0760091821163115 0.0709849106628744 9.74584396337353e-51 6.73586929380241e-10 0.000140233930864648 2.87212678208663e-06
BCL2 -0.699379955294732 0.775833257953525 0.128283996993258 0.259407656927187 5.70462674339056e-77 0 1.47090978848728e-18 8.70667585722739e-115
MYLK -0.0862878771242202 0.410100512780238 0.249101076109779 0.332010618518234 0.0119591265432516 8.66682100182749e-102 8.61105493943956e-37 1.72375413032524e-147
KRT7 -0.666035713248385 0.71839179990045 0.188028557808736 0.314736980526163 8.56390715744785e-68 0 8.4898388991124e-27 1.00386827794933e-145
ACTR3B -0.0438188819651209 0.583704985701566 0.259188968947033 0.13291834011362 0.233893137049998 3.25702090743821e-193 1.61568708008299e-36 6.24973001462285e-22
PDPN 0.188344608715375 0.166482246900084 0.0979445025360371 0.0290238479336379 3.00533865442322e-48 2.11139349889578e-12 1.00368808557266e-06 0.0535295963424722
CD19 0.146740397432041 0.067196193673808 0.0681734026598118 0.0310939034595098 1.30565523712308e-57 0.00682617031672022 0.000882157855363372 0.0459219123073116
IL3RA 0.124009815273878 0.201756816330722 0.0782021247488842 0.0893723825486185 1.48453997592894e-34 1.86389726958763e-18 8.28622963224334e-05 4.00328701834743e-09
MDM2 0.0267741009402975 0.536416414605553 0.211375869438066 0.14855794454101 0.36256241322153 7.79114239407767e-156 1.15546010874988e-26 9.15865390410881e-27
SOX4 -0.919506305589257 0.773040768350951 0.105503368408019 0.255257233654941 1.42279018820198e-96 0 3.46083159806926e-15 4.3414316119384e-120
TP53 -0.319110048193671 0.774589962060419 0.17265163407939 0.159225749523423 2.411994210285e-09 0 6.67694853711557e-17 6.56985468605842e-32
CEP55 -0.497947875109827 0.885196847769295 0.210767570817697 0.144078844666183 2.13606157424435e-89 0 3.94582864452898e-42 4.38587573854983e-31
GZMB 0.037493259262386 0.292988812344239 0.146408040027134 0.117260341064896 2.33336398361439e-11 6.86113502766248e-39 6.98326544234162e-14 1.20713991926816e-13
CXCR5 0.200079114878725 0.0558469510260308 0.0685144778944281 0.158429817022253 1.86431632511035e-52 0.0188199745253843 0.00066143803516607 3.58563638968128e-28
RPL18 0.269993513916157 0.315556825314167 0.217074849464654 0.15460531066909 1.60923324750183e-15 1.80260541478761e-43 7.79265046162829e-26 5.23879617182985e-29
BGN -0.897802836365486 0.704925366336831 0.130189087590812 0.466519654435054 7.83178217947413e-147 0 2.52413473652114e-16 0
MYO10 -0.466527289859157 0.832333835406267 0.158703013613601 0.126054606018054 7.70269559310711e-29 0 6.45365017739325e-24 1.21993676491138e-24
CD7 0.1741397690518 0.131415732212801 0.114771644671079 0.0615303199878819 1.17607310629948e-44 5.19563383816068e-08 7.13280796019487e-09 4.86275472070108e-05
FCN1 0.141346579287272 0.149251427720838 0.0892807923271558 0.0233191249709683 1.25512260419484e-46 1.00421757005429e-09 1.18568021740733e-05 0.13132621503442
ADGRL4 -0.00859513868110597 0.559627732578378 0.168188037770647 0.162297213725295 0.217955301979362 1.12504931249527e-188 2.69284957703789e-19 5.69620556744624e-29
IL7R -0.0248409234850298 0.621057725120613 0.128677856667114 0.259323287059581 5.76610761165539e-05 2.78236587617834e-241 3.67415132546896e-13 8.1269963559455e-74
MELK -0.32057263745572 0.867086881458215 0.188009966843617 0.134312235191171 5.09076445371843e-48 0 1.13859169355106e-28 4.97370673472986e-25
CXXC5 0.0545565300079324 0.124888395408116 0.0596690676444176 0.0424407834006439 7.35770937963625e-33 1.11543493321892e-06 0.00350183957201963 0.0108485887101599
CD2 -0.0119470483036693 0.532411853639537 0.167142564448183 0.188865387759193 0.318089644355971 2.77739923976371e-171 8.24347357128755e-20 3.46078438579895e-41
TPM2 0.076590706130117 0.429533323167407 0.240155179314662 0.212486281569431 0.0613003098350911 1.92337694520222e-90 1.96733554449921e-30 5.34821935702394e-56
HIF1A -0.432744294066463 0.675083776450131 0.243590142038338 0.214987359587458 2.41959772226676e-13 3.3641143222189e-296 1.51193577840278e-32 9.19383508025879e-62
SPDEF -0.191487406987773 0.561649946387438 0.212929453191584 0.335455439831059 8.70275261098306e-19 1.43617172131891e-199 1.8805940880173e-30 1.02595565737416e-150
CLDN4 0.206187751203523 0.185543763003641 0.109475833057218 0.105492445744506 3.81203514242703e-39 2.30980911118711e-15 4.48119192111028e-08 7.36305920313034e-13
RPSA -0.551138109860066 0.72747632195434 0.176942291050899 0.220066603589193 2.86928658369281e-21 0 4.09492316414462e-25 1.16954884130869e-71
KRT8 -0.685534030568395 0.743986786404922 0.174755949602309 0.21192086774562 1.17796768714677e-48 0 3.8902316457172e-31 2.0882756661146e-72
PDZK1IP1 0.336514470703185 0.219005009799409 0.149023856801764 0.113403155894635 3.64836980906818e-34 2.64068867849391e-21 8.66500433504291e-13 1.38389936176367e-15
CD74 -0.779175019854554 0.766756551855207 0.206453706966219 0.296086785945361 2.20282430402152e-131 0 1.62005376280937e-39 1.14638131972155e-136
MYO5B 0.0357630773658331 0.388706465950274 0.198879673080452 0.222950393082036 0.0397110093086814 1.21860691318494e-75 1.40007975806903e-24 4.03024909660845e-59
FCRL5 -0.0732027587438683 0.845584862568452 0.16689668868391 0.146856257257107 9.62782602441218e-29 0 4.80202141644878e-24 3.03982271593246e-27
AGR2 0.0606968376776986 0.0959997275504085 0.0595355440609676 0.0723309743215567 1.2892979463153e-34 0.000104824866443296 0.00474895949669253 1.3900219577269e-05
BICC1 0.159231030441592 0.141366018588535 0.0790010917010105 0.0270744053557037 1.01198771653832e-50 7.07782751080348e-09 6.95650534242535e-05 0.0812685143567249
ISG15 -0.809613542028893 0.444784565587018 0.260028812115041 0.59428649026472 6.0850901091225e-72 9.72929052141026e-139 4.5141702092053e-49 0
MIA -0.333377024891079 0.60111548243912 0.273276277004372 0.271186979517725 3.11847191884168e-23 3.06697981521376e-228 1.09961523600092e-44 1.3164702801759e-98
TRAC 0.0571003739407145 0.291212051493517 0.138170112079859 0.092505870635692 7.42717651644964e-15 6.86864645389988e-37 2.39851143086975e-12 3.50400807847046e-09
CLU -0.127867508284825 0.952750560822102 0.0453962665868001 0.413095962751756 4.95040920445394e-70 0 0.00702031393133672 1.4191513967998e-201
HLA.A 0.0122218493629999 0.422584285828117 0.245480199307655 0.210494723824467 0.602332677324988 4.50525443919901e-93 1.39976974446788e-37 4.36444319349008e-55
DCN 0.0150195893422482 0.440726938850564 0.21921567499749 0.128234712605742 0.0495168192547477 2.44149487909446e-115 4.39673681343425e-33 1.6477023489156e-18
CD79A 0.0149751144528516 0.483910728254961 0.188620521242315 0.0935224462148026 0.0294980187703019 3.32808891392548e-129 4.96745298128859e-25 7.74367252572991e-10
SPP1 -0.106369739555906 0.422034144869472 0.256759756568885 0.483197397138624 8.59236801331912e-26 6.15585706628261e-128 8.6501968708434e-45 0
MZB1 -0.114236691131831 0.774188467417914 0.206765360311125 0.245486434624049 1.45972798578266e-54 0 1.12360218675644e-40 4.61674837803685e-79
RRM2 -0.284480611486749 0.910271703458305 0.139349069822848 0.157891202256932 1.38099723811439e-52 0 2.34949216767101e-16 2.9606951354244e-33
CD24 -0.885944425229184 0.674389431046374 0.163914826007001 0.307287437235146 5.37936663190428e-95 0 5.20873861698815e-32 5.56882116941791e-175
LAG3 0.189205316177946 0.132759756323733 0.0391982129432087 0.0517920686300902 7.06299143388772e-58 2.46820789968925e-08 0.0559603762852994 0.000685910306963059
PECAM1 -0.0343859353620897 0.595826679827689 0.191597348791738 0.140801379921579 0.0295433293222518 1.01838789623783e-234 7.74623536350237e-26 2.13342085153391e-24
BIRC5 -0.00907097926231187 0.600490076355972 0.206789062976725 0.0809371277265418 0.49425744589439 2.15910278911836e-255 5.34989949201402e-29 1.22850617794667e-08
MKI67 -0.770911777878427 0.953192402377397 0.0903640221203624 0.215913963686749 2.85487771381384e-198 0 8.10759009953034e-13 1.27639912243559e-84
ISG20 0.052374012564618 0.451866826297367 0.268383845052933 0.170330611335647 0.181273748664287 7.6745649594356e-101 2.24522651914479e-38 1.19325751633576e-35
TRDC 0.170765520303847 0.0429188231826104 0.0522726428636187 0.041407362727825 8.26429399069325e-66 0.0864456243514167 0.0110761860051452 0.00767568172846168
FGFR1 0.0534851139727588 0.506076443892996 0.181676289252777 0.169200681270581 0.055601727413572 2.86922709555871e-137 1.59527380658562e-19 2.35830819345406e-34
COBL -0.0920362941294275 0.464833265827773 0.215174835828155 0.324422832541569 2.26250818322993e-05 3.40742810544594e-120 4.2939885112316e-29 6.84633661649248e-139
AHR 0.222181359901923 0.245685484443808 0.146895099816724 0.134750093055535 2.66807791612169e-25 2.52568744996557e-26 1.00486278898535e-13 9.93177893112062e-21
CD79B 0.0407353667845961 0.223736137360169 0.190207487457423 0.0964411156448099 3.93588062304446e-13 5.67293407588493e-21 1.5126801205145e-22 1.26661627622562e-09
HLA.B -0.647042800491435 0.652085063492735 0.288135073390915 0.375498231963921 1.56852609792501e-91 0 1.90927385482717e-59 7.30170732661251e-221
CD274 0.120619511418906 0.0455523158350323 0.058312903861513 0.00278984569237691 3.68215285337221e-60 0.0819280333141164 0.00437462945158593 0.859291852825001
S100A14 0.136018961379523 0.126899646009745 0.0862178141203214 0.0336667271659329 3.56156429416946e-46 2.25552967952033e-07 3.14148304848986e-05 0.0314749555030785
NAT1 0.165433787984036 0.119612016818492 0.102917722876689 0.0496879505793594 7.51313641032538e-47 5.93047985198419e-07 3.96391419782344e-07 0.00103464851435354
PGR 0.160314589331202 0.0577540179840626 0.0120214231902453 0.0338253545663441 3.84655944916279e-68 0.0219608313774189 0.560684238524833 0.03149359809092
DERL3 0.192855216443316 0.401611442381641 0.143870786832765 0.136388096841463 5.94600477596756e-12 3.78140132439058e-80 1.01913104331404e-12 8.71065197489986e-22
LAMA1 -0.837640776796756 0.762573283271028 0.0338465712100912 0.418073450563278 6.00584363003139e-100 0 0.0270652263572506 4.7373998822275e-306
TSPAN1 0.0470034875087574 0.0631566259944048 0.052001452246497 -0.00273751522629251 1.33013052645825e-36 0.0172122361421468 0.0143977331138008 0.875263234077929
MLPH 0.133037988855885 0.187711355908634 0.0932932541639536 0.060931622984305 1.49237426969378e-38 6.84980555231935e-15 4.02651353329665e-06 6.11862679248785e-05
BLVRA 0.267805070484905 0.23699139972192 0.133024179494685 0.119564461387439 3.44851559755286e-33 1.23353214476666e-24 2.63330571529934e-11 6.44714898463216e-17
STAT5A 0.235730210003335 0.23290826841492 0.143140265875959 0.098803786757835 7.05700798817181e-32 1.21800183240556e-23 8.30966238572181e-13 1.11836306663228e-11
ITGA6 -0.966005319637983 0.78410504783454 0.054658386194209 0.363660939762961 1.00485816521212e-103 0 0.0001958380499428 1.41056002677271e-234
COL1A1 -0.298327833662408 0.946996791342576 0.0483722894962271 0.207186763450804 8.20534676697299e-98 0 0.000270070567920719 3.3722204519083e-69
FGFR2 -0.69863117062462 0.864357991030806 0.0516638087955975 0.207100619350437 3.5719894113431e-55 0 0.000263777816583498 1.53454187579627e-73
CD34 -0.162849799347637 0.799678827525727 0.162305473882566 0.237893801271662 6.56604139042775e-48 0 5.02639754200395e-24 1.02173137590041e-73
NCAM1 -0.11347793663313 0.529135560747774 0.192678229610398 0.293294798387042 0.000118759952764435 1.86347403135274e-164 1.40055286054996e-22 6.71294227316782e-112
S100A4 0.314512410430474 0.231412166217062 0.107429537678954 0.0710343261124219 2.33344095690614e-44 4.83315621137361e-24 9.83721938433548e-08 9.41926309440112e-07
AIF1 0.143937638244382 0.114385341122815 0.0828800916198964 0.0328831197028416 2.51728826632512e-52 1.74116039825077e-06 3.52097533533391e-05 0.0344396287509404
EFNA5 -0.382273688126137 0.715747257585524 0.208620518397995 0.240219699181646 8.12682214846577e-37 0 1.10662620964871e-29 6.72722609292948e-79
CD8A 0.250841310332249 0.152556604627675 0.0989085906180199 0.0249780551251327 7.39464412346767e-56 2.6326579107614e-10 9.77977616722277e-07 0.0959988438764888
HLA.C -0.0953517371673493 0.558082014493378 0.24608127272005 0.197829573820044 3.72296775093205e-05 1.82395289528105e-172 3.23996942793211e-38 6.36529091946165e-49
PHGDH -0.689589348085558 0.788542422917517 0.15180571013702 0.176086740924434 1.48189679421209e-65 0 6.20031091104195e-29 3.26548388993286e-56
TTC6 0.210143887563968 0.0670370952839301 0.0680335078918633 0.0588577765652961 1.17225483379416e-60 0.0070806419682553 0.000956872242313658 9.78085921846e-05
BRAF 0.163721357098664 0.369234208122116 0.173708846232198 0.117925443817835 1.74841941998327e-14 3.67436316202064e-67 3.81065152115971e-18 2.00112938470982e-16
LAMC1 -0.440342601947614 0.780530610365295 0.197087471751498 0.183180381097636 5.87111108491311e-26 0 8.47857989725184e-25 9.30957804338204e-45
ITGAX -0.0476817347611199 0.788218222936328 0.0473546961012736 0.188481701578883 3.89587385265022e-07 0 0.00736595328258297 6.93233573302251e-40
MMP11 0.255751951731463 0.130620625139596 0.0973877000243825 0.133967697442676 3.53332525485192e-45 5.70422626369818e-08 1.10274187255677e-06 1.86955716652559e-20
S100A8 0.0565905310246078 0.0428877992653176 0.0222753763316771 0.033245441150518 2.24022960890626e-41 0.10612728794866 0.300194010933328 0.0522631535287261
NDC80 -0.314152355826592 0.942089209556851 0.169093282286051 0.0925515231501665 1.36485652702841e-58 0 3.30927378096158e-27 5.53127762672412e-13
COL1A2 -0.204494917228465 0.966826098737452 0.00332251514399249 0.197021281887509 5.09970168613489e-78 0 0.779230132390531 6.28065929142022e-75
FGFR4 0.210396199661571 0.112884006987335 0.0800067208514888 0.0367081585294965 7.71677531860418e-62 2.06886398418649e-06 8.50285987827841e-05 0.0153394954798185
STMN1 -0.938809550362256 0.741692294579011 0.150756273034397 0.259997673370439 3.06520831187332e-68 0 1.20515121375737e-23 2.13864450047353e-115
CD36 -0.0157592546745911 0.218170579606261 0.233819978605412 0.472356339813323 0.485062360471585 2.75219937385167e-30 1.21134296676966e-36 0
CD9 -0.157822103507172 0.574903613581562 0.269500523237803 0.199258347870785 2.40173591867397e-06 3.60351029892253e-190 2.53739168372053e-42 9.04911884692653e-50
EGFR -0.583677791526754 0.690901159793543 0.162322284493809 0.379181248181611 9.7651398642988e-71 0 5.35994702059062e-20 7.06290123395945e-220
C1QA -0.145426380173564 0.816528259023127 0.135987913537844 0.184398585109711 1.91785020716801e-38 0 1.92694407629175e-19 1.02346651460646e-48
MMP12 0.0670315741737897 0.0483591391502097 0.0604757624687095 0.0771518504667673 4.40193756644379e-38 0.0668173698689202 0.00413249403893507 1.35096747072747e-06
JUN -0.541026005951815 0.528382037304753 0.243191650371814 0.444971623608907 2.33324261559061e-30 3.16728200341314e-157 1.59811585116543e-33 4.87981332233936e-292
TTYH1 -0.753257957597942 0.829056629000805 0.0903642909253909 0.200718308365231 6.92196154930384e-80 0 9.08743390821938e-12 3.29930343607349e-75
HLA.DPA1 -0.0507147882611596 0.596603243701387 0.219088725781871 0.137807388224918 0.00926877613902143 5.75453934946558e-262 5.52136055983954e-34 6.43454151574012e-24
AKT1 0.25375959591898 0.357113848400059 0.20230783538193 0.126110455780529 3.24786099327425e-15 4.56074394806923e-57 4.28932519845149e-23 3.00216920090605e-19
PI3 0.234925664681502 0.128719295755429 0.0903181044056186 0.0614189247733172 1.96396384107998e-55 2.74526215715395e-08 7.60072559667087e-06 3.43824730944077e-05
S100A9 0.0657822894511538 0.0917307545295256 0.0862850999153316 0.0835590453644351 3.91137905414281e-34 0.000247895531957282 2.92661282211719e-05 1.9219261771647e-07
LDB2 -0.149817717582729 0.69562418872415 0.228348259324129 0.178410525292667 1.90240351482286e-23 0 5.39398089549322e-40 5.65631826388315e-41
FN1 -0.470037954877725 0.820001391929174 0.0717216922673412 0.34026783148918 6.76684519601316e-175 0 3.2786084338382e-09 3.82845624289852e-218
COL3A1 -0.272880563923136 0.893926270833202 0.0183877337095532 0.26723089984536 1.23583857609695e-93 0 0.153647369159275 8.89460683621344e-127
CD38 0.0834175374131989 0.300537518145501 0.131601866034164 0.0732851665959844 1.70916831108822e-19 1.11382613647854e-42 1.16718672314278e-11 1.79946941539859e-06
CD96 0.00204902082033358 0.638850651624417 0.118967561017847 0.0809917325368065 0.788853097191618 8.72034676165847e-217 1.59692535568461e-10 4.46219280903189e-08
NDRG2 -0.755115039179469 0.793381174982656 0.105184311356671 0.225453021168477 1.27697456298953e-53 0 2.74996601361251e-13 8.69247732465807e-87
C1QB -0.119292466668906 0.873810305889395 0.102943154823647 0.175462717055276 1.89963929260541e-38 0 3.0973429094376e-13 4.0148154673505e-47
MMP9 0.123121466706208 0.0483634545130703 0.0651576399998424 0.0776299661949339 1.19262387315324e-48 0.0624294255487071 0.0016569008592189 4.71682394317009e-07
HLA.DRA -0.225546773599721 0.735565226936805 0.150733232480532 0.279296752556222 2.5756744539686e-65 0 5.48928537738288e-25 2.6086404774285e-123
SULF1 0.131097140541927 0.367833637070921 0.173266265951386 0.144851334936887 3.64647470000771e-11 8.98279469578516e-77 2.10446741463076e-18 2.72923783171931e-25
JUNB -0.17864713383252 0.552218728322212 0.192391760710704 0.333193657165766 6.795676628961e-16 3.93456354171032e-219 1.06774124853195e-26 2.10043256970432e-143
TYMS -0.677808411550473 0.910545155097352 0.111372353757887 0.242753967772325 7.42207774539445e-128 0 1.76265115870162e-13 1.60398840960065e-90
SDC1 -0.56029656626788 0.738622191659334 0.210705115587084 0.268148167730656 3.17940992809991e-54 0 2.67986839925438e-31 6.72298453853635e-99
ALDH1A3 0.1349113582455 0.279124468404685 0.148211028129988 0.255256284170917 1.35950958929084e-09 1.32778244158762e-34 7.34874062359351e-14 4.10367290664244e-77
CD3D -0.0589063403270738 0.934137120171941 0.0649014219971766 0.181074133303273 8.94272119944993e-23 0 2.10181044408496e-05 4.5165611324683e-43
EIF3E -0.536603840604834 0.746361848451081 0.162497375281012 0.214763003918277 1.99748985904347e-23 0 5.14987456541197e-22 2.69821565266168e-69
PIK3CA -0.214783421903168 0.718891548850233 0.235643738902859 0.11449297373985 1.62477586457559e-06 0 2.27279003415838e-32 2.12356063051241e-17
FOS -0.0430108704358501 0.27435059765984 0.220246375461755 0.452279352531841 0.0106727331015012 9.76554908894978e-39 8.76347443188789e-32 7.00712017227399e-270
LGALS1 -0.553314413454351 0.607894590188196 0.256667080133223 0.352935372346992 3.52443648903702e-46 3.60365201289556e-268 9.8867800465035e-42 4.3610757291236e-180
CDC20 -0.374649386934019 0.82518477828217 0.217958064732147 0.178034235890305 1.09516679397136e-61 0 1.61238931012438e-38 6.02914671661039e-43
NF1 -0.274353134466322 0.784309052969848 0.200586006306478 0.109880719778997 2.86752633744521e-11 0 1.09250563319043e-24 2.6371253771725e-16
COL4A1 -0.43216022607428 0.886527617566464 0.102439978389188 0.252535495838295 2.88527649587363e-127 0 1.28360635798008e-12 7.20505893537771e-102
CALCRL 0.00931476407983342 0.570777248076218 0.14715334621214 0.111706583965316 0.364150043617503 1.41545331860942e-182 4.5673938786526e-15 5.84593625568891e-14
MS4A1 0.130329039405878 0.146369887641085 0.0682457220905533 0.0389637413036537 4.39001104556708e-45 5.20076264625585e-09 0.000776611566834858 0.0121535953385453
KIF23 -0.470634717201114 0.966241534317118 0.143737807754158 0.11355346429579 1.93631159888513e-87 0 1.07288760162097e-21 1.98025182386229e-20
SFRP1 -0.687692064081443 0.721686546747714 0.17193334314952 0.336633444911691 6.71227662516687e-79 0 8.22463317692328e-24 3.4493765436024e-173
ANLN -0.643177458513143 0.929760891835906 0.151231797278403 0.153552064944765 1.29130456756834e-122 0 1.12154833844668e-26 1.33939993417246e-38
HLA.DRB1 0.0841765231346226 0.375300137912953 0.109203028505111 0.0960303254003146 1.39194492783199e-15 2.04548107841647e-69 9.58418762239967e-09 8.58209487306854e-11
UBE2C -0.0857813510160119 0.613792005194162 0.193025194524457 0.198676812430617 9.08719379602514e-06 2.67098705787732e-273 9.25080440101573e-26 5.6272614928764e-47
FOXA1 0.0236228940257682 0.451943632078408 0.150036725443264 0.10528933919327 0.00011608627142495 5.41488179414393e-110 2.48386713977921e-15 4.05900017428136e-12
NFKBIA 0.101290316385633 0.398206606227924 0.219244444714871 0.225836381200268 0.00450823798604883 1.96605510086234e-76 2.96986500836278e-27 2.18858676769451e-62
TAGLN 0.0247714000406253 0.459663456138698 0.16926885159314 0.179584136242928 0.0327272662682333 4.87147643450585e-123 1.27946627642012e-20 3.32708962263413e-37
CAPN13 0.100133710278499 0.105294938882131 0.0561849250070841 0.0513973906220067 2.69595669857345e-44 2.94039180712404e-05 0.00849769851536879 0.00105082964014293
PLEK -0.0254208334461748 0.628284793007639 0.240512490875179 0.0803466002049205 0.00360979597053973 2.48926663288878e-298 2.86445364099627e-44 1.82003771427042e-08
CDC6 -0.0172965423513965 0.63147234815039 0.153327498464134 0.130025241395995 0.396297209076001 3.6450994657103e-241 2.10927604967283e-15 4.12933611149634e-20
CD3E -0.0468654941657622 0.725311809297209 0.156756461149244 0.142045999003951 3.93161016089206e-08 0 1.47891589577778e-18 7.8388122485595e-23
ELF5 -0.491375245539869 0.894157345405751 0.0813344275481623 0.178601041342124 7.3180063528228e-37 0 1.40623044726735e-06 1.05593598815765e-46
MSR1 -0.0402725262447 0.742723402617541 0.0976409929237615 0.164017863300765 1.31676408363726e-06 0 7.85760932827402e-09 5.859898564617e-32
COL4A2 -0.553140126970963 0.835892866750038 0.14866118177843 0.269224166495464 1.00139952101147e-77 0 2.0514001760674e-17 1.00862240745347e-105
LGALS2 0.0888343248381385 0.110415727573165 0.0630885157257491 0.0211343044146733 9.37069079335671e-44 1.35408592268897e-05 0.00189154192597503 0.198050110041272
KIT -0.874160975345706 0.747397783217746 0.0828801427867192 0.35377489195963 8.26885094634581e-119 0 2.91877108295725e-09 9.646051959721e-234
CCL2 0.0587820325157568 0.0825688120240145 0.0989532785938593 0.0179837285130294 7.1524691183095e-36 0.00116493133193045 1.86510353555459e-06 0.290522468514027
SIAH2 0.360741277473091 0.278674652467035 0.140315770309441 0.0841325570553497 1.34833853610331e-35 5.11790004159124e-33 8.34828064723129e-12 4.79714188126073e-09
AP1M2 0.150438609219847 0.269495402489234 0.181167792769873 0.118692842534987 3.97554736833921e-21 7.16093084891088e-34 3.10060098398867e-20 1.33201217086886e-16
UBE2T -0.431747156968927 0.770407623888326 0.263325496233444 0.140575810837799 6.03034497020885e-39 0 3.64107359110383e-50 1.9575692864283e-27
FOXC1 -0.438878624098245 0.68978306663316 0.190128268734791 0.227404781113207 8.76606554591306e-17 0 1.7815190061959e-27 2.11075351241077e-73
NKG7 0.0946612351998492 0.183833761182533 0.103616460089485 0.0690081568136779 2.26943006991661e-32 1.77392936694686e-14 2.01897149431198e-07 1.0379560635626e-05
HLA.DRB5 0.105274827763668 0.279570018760666 0.129979126471004 0.0504897588026098 2.78989365291455e-26 1.3185945015279e-35 2.72604026501752e-11 0.000931893059004975
CDH1 -0.522013462873801 0.817760114525066 0.165388068108705 0.187118460760944 2.99054739584203e-59 0 8.97439423548026e-25 5.83744808212898e-52
TBX21 0.13577037039531 0.0356850869047188 0.107767749842258 0.0557479757210061 1.66833922408676e-53 0.144139961727371 5.19442970296578e-08 0.000358317612357032
CD3G 0.17360916332794 0.381903263203433 0.0958655090287579 0.120850234724632 2.51410176502203e-17 3.59339754873622e-72 1.94816922326967e-06 3.92589849858517e-17
PLVAP -0.124577607830778 0.626632937125582 0.207534939127308 0.192704873312072 1.08524439974138e-05 3.22631084548779e-226 6.81546697312893e-26 2.97761925264982e-45
MT2A 0.161553009105581 0.121525403334079 0.121582078525635 0.15720598164166 5.02833184920556e-33 5.13532854273296e-07 5.66483344405186e-10 1.25706104887493e-26
LGMN -0.392628930496016 0.764791176206031 0.231893698996211 0.155930179512664 4.51524326061777e-18 0 2.17550697121526e-30 1.55238115645084e-31
COL4A5 -0.350865867546107 0.774096670835713 0.178404753760295 0.180403203895078 8.47145890381602e-15 0 2.05361909880886e-18 2.04062627162116e-42
KRAS -0.153187645306134 0.653450114413747 0.262800744432476 0.125838935943733 8.09282685546868e-05 7.163270031107e-259 1.43593142826978e-38 1.50813329022334e-20
EPCAM -0.594173579211119 0.776914132293858 0.141387730604177 0.195288985677419 4.87410795046112e-34 0 4.84411274809673e-20 8.86363368678062e-63
CDH11 0.0166334009952771 0.553222436195566 0.110699194736151 0.0635976599558553 0.0016609399703589 1.02115136207522e-177 5.02911788068927e-09 3.98890256333209e-05
SKAP1 0.162092843751786 0.23857490267747 0.076532243038725 0.0534588293154572 4.70286091316734e-40 3.9084231223471e-26 0.000102197135166377 0.000405242583349818
CCL3 0.17434196745361 0.186661122358305 0.136169424134566 0.117398201031949 2.85727243840673e-32 2.30007736647074e-16 4.8607385926124e-12 8.91132844028815e-16
VIM -2.67679497925288 0.660721476647528 0.0859031405431899 0.655016265920306 5.10501681954931e-266 0 3.09656297410882e-09 0
APOC1 -0.0786580832303612 0.50947026896719 0.257318780578179 0.286235745848036 8.01918433353562e-13 1.56768186382868e-193 3.60632674996279e-51 2.72375477513717e-100
POU2AF1 -0.0692584630044816 0.860025102322126 0.170076917625811 0.184923723020862 3.68893420634118e-35 0 1.68216134135925e-28 4.7721461067672e-45
HLA.E -1.06793700372537 0.848633909073464 0.267394009699219 0.200329066586356 1.21140270517585e-83 0 3.40710852971857e-46 1.78650231482224e-56
NOTCH1 -1.03540382027415 0.803018798571052 0.0184131025718467 0.327775813256484 1.44845233855466e-89 0 0.190702681944619 2.32903322925718e-202
MUC1 -0.227275945692789 0.594425887994191 0.216645888685516 0.360137835283142 8.35236133427343e-32 1.24817834689306e-230 8.55196298036429e-32 1.59160459077408e-177
CD4 0.0114418438606098 0.509089861016545 0.187776514811803 0.111776791815977 0.154020014342617 1.67413043926462e-147 2.73110128633515e-25 2.07360706365501e-14
FOXP3 0.212380989675642 0.174971110584616 0.121745620754046 0.0989620990429871 2.71208889449122e-39 1.48496635796386e-14 8.88430297038857e-10 3.56142527223242e-11
CR2 0.114941728966724 0.0357027379485674 0.0146024410355377 0.0439293514204385 2.94073229976523e-59 0.165633805530716 0.483075709668401 0.00510193653164644
LILRB1 0.0187167124198022 0.622893235672514 0.113304735050467 0.0770896505014543 0.0825908576077225 2.29725468453956e-268 5.15586746511244e-10 1.21588970618982e-07
KRT10 0.208072782081182 0.0619063361841082 0.0983371157646991 0.0583977213040994 1.00756784623613e-60 0.0119216904576905 6.89326192001041e-07 0.000110613687100454
SLC2A1 -0.552824057789653 0.444624583362774 0.237377558660025 0.616350265154913 1.67295067544936e-142 2.61456986495728e-205 1.01624648470189e-53 0
TCF4 0.0771333541440345 0.451981001522719 0.0995620900167525 0.149526662371985 3.27274579493192e-07 2.71595022032436e-106 2.34397168267127e-07 1.69154281049463e-25
CCL4 0.0237295683665178 0.29214541852889 0.181111481197059 0.166103772942619 9.74170187034715e-06 4.69865436433694e-35 5.32509272703008e-21 1.78827929483641e-26
PRLR -0.391888188021953 0.756571820313542 0.195857568914785 0.172414991220822 2.38815865568528e-22 0 4.91308668723208e-27 7.07723530886004e-41
CDH3 0.137940093428195 0.040680322633147 0.0709228558405172 0.0306415149734689 3.07521044951587e-58 0.109429520698631 0.000712237787359206 0.0477486488033787
ERBB2 0.0877802212409147 0.447316666562614 0.199209942901738 0.138285519567554 8.29561700441095e-05 1.20179240388331e-99 5.35558286730026e-24 2.09945604719706e-23
HSPB1 -0.643918012603538 0.529961432016508 0.258151352625903 0.473926160223367 1.27658297670354e-41 5.27175337492609e-160 3.14451696914285e-37 0
MYB -0.294870311009674 0.714266056089152 0.202536667869224 0.218907542593643 4.74777088290179e-25 0 1.17532033438022e-26 2.33132012044087e-64
NR3C1 0.128073205824822 0.307025073955631 0.174385675531854 0.109982505392025 4.96252023114872e-18 3.11140763288645e-48 7.46043590107559e-20 4.56954586609135e-14
VSIR 0.196795533171456 0.257317040969001 0.106480796489693 0.0607011587364267 9.60717025391629e-35 3.96221169853039e-30 5.79322283935645e-08 4.24574116999575e-05
APOE -0.200771655766154 0.633523987143196 0.203714481107694 0.262934481043486 2.97229871820197e-16 5.04833533961833e-289 8.99608412121142e-28 1.21916549169845e-85
CD40 0.170348548626726 0.351632477776699 0.141971591190214 0.0856618209977106 5.93509504040517e-20 4.25418809301275e-60 3.51594434182585e-13 4.01806254701873e-09
CRABP2 0.0197658252352825 0.322778118348578 0.160356131123536 0.356428973045739 0.260852414077087 4.88569735938158e-48 2.89329576361928e-16 3.47627086851099e-155
TCL1A 0.0953192516000927 -0.0248492608773425 0.0810084147427209 0.00176253504236206 9.10402426746114e-58 0.335466724008173 0.000108859100432967 0.915098198917098
FXYD3 0.0736534612851437 0.417565599250112 0.211730284976227 0.172911156814381 0.000960923951748229 3.63191344069615e-94 1.41795847063236e-26 2.53009502815613e-35
LRP2 0.172477642488572 0.0544907024781318 0.0796241895722781 0.0601789549949048 2.85580849130498e-58 0.0276697859134301 9.08291946852e-05 7.1749706548127e-05
KRT14 0.10129317485676 0.0170334231624069 0.0619893478495159 0.0651788077416363 3.86905244794209e-50 0.513838050466294 0.00378251901361805 3.87733408577272e-05
SLC39A6 -0.226717241335196 0.708899258565617 0.240423264756195 0.138086837689026 2.87229128989544e-12 6.5078326870209e-320 5.80820302972278e-35 3.57074306326396e-25
CDK4 -0.199727810603651 0.598663539555701 0.320659631737086 0.143392521920296 3.63066076900283e-06 3.3903807889527e-206 5.1238434345824e-57 4.33080043458807e-26
ERBB3 -0.443002919230254 0.805147653100568 0.178017253661288 0.169106539293758 3.17943058078335e-38 0 2.62781807984416e-25 6.70634807673937e-41
MYBL2 -0.535804820761163 0.883973590702686 0.157664401628367 0.235812348698451 3.24653802753233e-99 0 4.82266005538089e-22 2.08872027977639e-79
CCL5 0.159952740300978 0.17775195133137 0.0911775001015853 0.0789785054484425 2.22984284588346e-39 1.29023657430344e-13 5.94964529918756e-06 2.51731950457903e-07
NUF2 -0.271370185653788 0.87539242015094 0.17672899052694 0.110660181260875 1.36929856531179e-37 0 3.92243497910543e-25 3.8836027029491e-17
HSPG2 -0.0371999895236135 0.601325097210334 0.173422792139224 0.16325061736612 0.0782863034544157 4.61704773615883e-211 1.44877453313403e-18 1.70665125137286e-31
XBP1 -0.986780789278933 0.78031440803056 0.167335222606506 0.274477735761232 1.81521228888916e-61 0 5.29578765057772e-23 1.16538158257742e-110
CD40LG 0.0260443025058813 0.530265403957998 0.137830497841387 0.0721263992092605 0.000826552059910721 3.61025837664491e-169 6.71862854265597e-14 2.15646725903456e-06
AR 0.0656800825949951 0.254998590014961 0.0860486523635636 0.108445178640827 2.93239590944131e-20 9.62627985145106e-27 2.42146226955428e-05 2.30585153059963e-12
PTEN 0.0880979791390458 0.325031945834364 0.182035095317496 0.0996168985175158 1.69973126929982e-13 3.84502734264533e-50 3.22931415364885e-21 1.95953881630056e-11
TFEC -0.0195952519581856 0.841415586413134 0.0743680482333273 0.103994378316294 0.000167457155347583 0 2.13984159262886e-05 1.11643982458934e-12
GATA3 0.148070562256234 0.174272114637082 0.177877683959182 0.0751084168078051 2.74239532741163e-32 8.16129448042157e-14 1.32335842572239e-20 3.63848147694004e-07
CSRP2 -0.482189337468778 0.615917363315843 0.22769027922806 0.316508261824295 4.79522717593317e-30 1.86221086085895e-300 7.86222297146262e-34 1.16198263442058e-145
CDK6 0.0705502509342156 0.473497501652637 0.195013509807897 0.167746337232368 0.00591648052596095 9.86025237045534e-113 2.92415815649487e-22 2.51649304873172e-34
KRT15 0.13335960302579 0.344868876617581 0.17089387403757 0.0926035919894708 1.13785827489156e-15 2.80283410317974e-57 2.34896535295342e-18 1.55244129669557e-10
MYC -0.389559754070893 0.778368772148426 0.160214248205487 0.186154431718243 6.3801459585888e-18 0 8.15852682199308e-17 7.72132851631482e-47
SLPI 0.0975795869757745 0.131872185260475 0.148643931344708 0.207175664572061 7.20363033070096e-21 2.72506559560369e-08 5.59511218918395e-14 3.9322289206093e-46
LST1 0.222969702351606 0.0676920827330628 0.125007799531748 0.0805627108058372 8.00165933318986e-58 0.00286620780233258 1.10265314513998e-09 3.20744144272615e-08
OBP2B -0.222921925377552 0.508561819001287 0.219899590518587 0.361698321361375 9.93484995114302e-12 1.61712090603546e-151 1.60881623456223e-28 1.26805986325011e-179
ERBB4 0.248473708320432 0.0589510851908548 0.0568565075514343 0.0322336786026381 1.29589648020384e-75 0.0140566952730228 0.00444333210790439 0.0350211534607075
CCNB1 -0.618178512498482 0.868347717804784 0.235433514964929 0.164685085432001 4.00622527751036e-110 0 6.92395998070734e-52 2.46973873770183e-40
ICAM1 0.211294628707134 0.234999981737224 0.131296426863825 0.081030407854136 2.8092257929066e-33 6.95487069070732e-23 7.92940612547104e-11 2.80238786397315e-08
AURKA -0.526026721772822 0.91069605870719 0.188283720041865 0.131836985842996 2.0730282302544e-85 0 9.45525446797161e-34 3.14783112966763e-26
XCL1 0.196283752400371 0.265798785478937 0.173792702850789 0.122250560053682 2.0545278109785e-23 3.12495706881872e-32 1.54991561280355e-18 7.253213934695e-18
CD44 -0.624172904992423 0.82288152215553 0.152413422022423 0.250005428714363 1.88970221566186e-67 0 1.82080530633247e-18 1.05331909601382e-89
PTPRB -0.024072850448224 0.700388563768342 0.15004631882407 0.111972836214433 0.00167078386996577 3.73296327384991e-299 8.06255227395471e-16 3.56534953370825e-14
KRT17 0.0583423491096189 0.168803318385823 0.160169569559629 0.317013719899554 4.1670544860724e-08 2.95192354048296e-13 3.37352562237249e-16 3.83354186139619e-111
ORC6 -0.440295693943532 0.888468257615028 0.12213637330464 0.18191754239185 8.25596296645696e-49 0 2.06257782955832e-12 4.69517406630883e-46
GNG11 0.210046453626436 0.13597561422707 0.0981428707586409 0.0453627877793283 8.69525779577203e-54 1.0001273854991e-08 8.41371059131265e-07 0.00242901790342584
LTF 0.0851785488884462 0.140116541246234 0.0916673662516726 0.106882591243137 1.16860712695428e-31 1.25377160800809e-08 6.52228041211221e-06 3.8855178770306e-12
ESR1 0.0929836643884487 0.0581936626028695 0.0845495538882851 0.028830197111436 2.78005554263103e-47 0.0216178658635948 4.44350947011964e-05 0.067181826092527
CDK7 0.282222135183291 0.300736098319074 0.189778724496577 0.110960340084396 1.5599613057974e-22 7.10362707649554e-41 1.41114890360182e-20 4.08526771326544e-15
MYL6 -0.0645790264082218 0.657693022976114 0.218609040077355 0.136834101969844 0.406843264713381 8.65925044476784e-215 2.13637757858843e-21 2.24751992313992e-23
CST3 -0.0363515273482085 0.581050223315409 0.177539642437811 0.190404163967825 0.240949267293787 2.36524627006455e-192 1.2898898633165e-18 2.41034664143903e-44
TFF1 0.224922568484337 0.150222986676933 0.115637803253987 0.187856541788627 6.40226282825654e-34 7.81493814632002e-12 1.03242398982148e-08 7.7607486065094e-41
ICOS 0.0794430837350646 0.167169670844288 0.0877552488965525 0.0806598477423359 1.61319429083846e-30 1.83104949805599e-11 1.37810585162911e-05 4.38426687707201e-07
SNAI2 -0.130025415363509 0.467982580314129 0.243383883304516 0.310033063956506 1.70139606972929e-05 3.223970255984e-116 7.18805834399593e-35 5.45705493184337e-126
CCND1 -1.25597716727453 0.801562742866235 -0.0277882321699337 0.393373950126761 7.40321964857368e-112 0 0.0433211168452746 1.52549976309103e-299
AZGP1 -0.95456486192386 0.623217992114681 0.0154266342092277 0.669929379979623 1.66493122135889e-165 0 0.317231582904364 0
ZEB1 -0.100571765167367 0.624386363070806 0.179651515311819 0.195418094390098 0.00325367736684826 7.58313447932518e-252 2.30350808839188e-19 2.72518138968979e-48
KRT18 -0.316776533056208 0.592702158136819 0.277200228294676 0.237509926058221 5.65963027653725e-11 7.0464408027166e-216 1.77975754119751e-43 8.87751866316466e-74
GNLY 0.0686646144242092 0.226607648049065 0.0764388546639197 0.068085495158814 7.05286052849357e-26 1.32195497190426e-21 0.000145116282900787 1.86367032287209e-05
CD5 0.118564119751293 0.108249836667692 0.0830530785139671 0.0945699171263146 4.46247524110936e-40 1.66595698209268e-05 3.45618243442145e-05 9.27620380143444e-10
PABPC1 -1.42861982138806 0.896031637113711 0.0733042010168923 0.189638422471403 8.31641122374996e-86 0 1.58333882766545e-07 3.62287173862015e-58
LUM -0.0281295416615767 0.490620043732493 0.216857509775002 0.249073475885685 0.00307542431268591 8.84640673633901e-182 1.70000365346871e-36 3.19198503782595e-80
FABP7 -0.00154712935623691 0.525105951692388 0.224946852053678 0.183767130940167 0.968229185966323 1.58485129812891e-133 1.17150558891543e-26 8.03217197748516e-42
PTPRC 0.0176444592598948 0.563920496563316 0.152156076828725 0.0486065130104393 0.0126232830615287 7.84951735934373e-187 1.46925834199184e-16 0.00136870053667695
CDKN2A 0.162939578440845 0.042123980437812 0.0706635186165896 0.0523158991336452 8.70701452147517e-61 0.0954056247151347 0.000416830233368259 0.000672743063715422
IFITM3 -0.0745493532807638 0.39957793434894 0.286537348509967 0.300932857814223 6.712755624012e-05 1.01421082913214e-99 7.48686044997437e-56 2.03767370003785e-121
CCNE1 -0.0181973442041878 0.457722437792187 0.238256107409785 0.214003420936437 0.299143558057166 1.38135359142676e-115 5.64044470000544e-35 1.93220457365138e-54
B2M -1.76355740093611 0.645967624906402 0.284426472757005 0.435044970626774 2.74734931638708e-159 0 3.17640720037679e-66 0
SOX10 -0.382092725477819 0.846016372118755 0.12121750968061 0.152725901260524 8.6226487955103e-22 0 3.03213420135709e-12 9.8119045989907e-33
CSTB 0.285050772754274 0.174024712099919 0.160013812274811 0.0916525403673822 2.28472421101555e-41 1.41703911125301e-13 1.4161975653427e-15 1.88300345178654e-10
ZNF571 0.0702134548716135 0.524418677332484 0.219153668681214 0.105332577311357 0.0281988065408345 1.97062533378108e-144 1.41557097676286e-26 7.53957149372464e-14
TFF2 0.364738737538438 0.0452258428480991 0.0407877776590443 0.0663308688557616 1.00093201003849e-83 0.0612224215273833 0.0458223676123841 5.92194587084368e-06
GPNMB -0.151222084182729 0.541668681098157 0.172301661040842 0.351922769378571 3.62614554688607e-10 5.76039842864924e-155 2.5831361503712e-19 2.85409715013801e-163
CD63 -0.36723857266952 0.643834778104256 0.28133518224849 0.2034896754003 7.09184391918222e-13 3.84661433430297e-246 4.29461913667491e-43 4.82418460072542e-53
FAP 0.176693038833802 0.127904851290805 0.0676294297639194 0.0592064309084054 2.29012895336218e-53 1.12444759573625e-07 0.000782083892083375 8.55780704467894e-05
IGF1R -0.626481757742015 0.657855216108255 0.146620285623572 0.531278811177301 7.36669514646627e-120 0 8.08959223215427e-18 0
PTTG1 -0.33160757803359 0.806964371859543 0.246676196541062 0.138171347233029 7.29197921979965e-44 0 5.8381794353432e-46 5.33228190647121e-26
CCNE2 0.0376459849416497 0.503532706613519 0.153227330798461 0.127879134318392 0.0094448130543263 4.06743448917953e-134 1.63179836725423e-15 4.96701456765057e-19
BAG1 -0.0601543140313888 0.586032479034611 0.244942583197853 0.166501758257884 0.273463772331718 6.67247640153886e-175 5.71733477351821e-30 9.17202835706197e-35
LYPD6B 0.237584968739124 0.0506519828404828 0.106200083333703 0.100940442427386 4.91289569938261e-55 0.0345072638758473 2.20153483819507e-07 1.22935746563532e-11
CTCF -0.281389665217524 0.760653391432071 0.208718244884094 0.121868701522904 3.86648438714397e-09 0 3.54009308612931e-26 6.71515439964264e-20
GPR160 0.285830407926892 0.110492687904689 0.0905408679065336 0.0960046842698161 2.56656430685342e-55 6.18082559388824e-06 8.75090941276225e-06 3.95748990052079e-11
FASN -0.446838235814475 0.733381807983531 0.213406555941357 0.201223536646165 1.32712298091102e-31 0 3.72374680396209e-33 7.55441066382669e-57
TFF3 0.346788835327317 0.0633004540220198 0.0881098121151376 0.140089884090001 1.9577455186904e-60 0.00813059082316449 1.21162880204914e-05 1.38497617533607e-22
IGFBP5 -0.668861401067801 0.525483748376694 0.108122310744424 0.714753168111506 5.45082739871307e-156 1.77410931826089e-292 2.39020319199248e-12 0
LYZ -0.199660013945104 0.669404949360386 0.18292331693616 0.318304838060686 2.47088878606756e-56 0 1.10577344728414e-33 2.72614189953857e-154
RAMP2 0.167985025533516 0.199808289426838 0.103917660324872 0.0547768682672258 9.04957145032483e-41 5.4312293362709e-18 1.86046204733896e-07 0.00028414620868985
TFRC -0.457550740345305 0.713063596296224 0.222805252604978 0.227023200397897 1.47606861654849e-32 0 9.49044578920277e-34 2.42234284736493e-71
THEMIS 0.156800172348183 0.152824850614534 0.072787996555335 0.0857498698378087 8.39261080984301e-43 2.09387760263132e-10 0.000436362978950347 8.5032211902605e-09
THY1 0.0525299923554415 0.336252899467267 0.206974165815064 0.116996714994554 3.30159041865904e-08 4.23832249675356e-56 5.15082669049495e-29 1.57048037072722e-15
TIMP1 -0.288536102804124 0.68461376710332 0.100022711254012 0.414593880275789 1.409599687413e-77 0 2.45451523526077e-11 3.12968256166247e-276
