target intercept intra juxta.25 para.150 p.intercept p.intra p.juxta.25 p.para.150
CMKLR1 0.00916488369920955 0.0498409370224419 -0.035762770852385 -0.00208504133251033 9.26813145166948e-06 0.281893297275579 0.392307304500888 0.952180895108562
FZD3 0.0180158234238651 0.0307812269704432 -0.0589015827438433 0.0522297267528822 2.78757459393992e-09 0.399655228879484 0.164105589347207 0.0919805598829075
NRXN1 0.00707308891499313 0.0359221495459765 0.0460993552844915 -0.0270653814233866 0.00025627784749727 0.194212597038106 0.318211712447737 0.440320271363556
TLR5 0.00804997746378269 -0.02007480609683 -0.0275356337009418 -0.0113301369972102 4.46360637172554e-05 0.587603475873979 0.544595558079946 0.735996893560454
BMPR1A 0.0237263165544958 -0.0487871880232926 -0.0363034219593301 -0.0113371422321883 5.85844509252561e-12 0.259717837670192 0.407577967748322 0.723063789879024
ACKR3 0.00640973463516523 0.0259579675856677 0.0556563241029131 -0.0276439161946029 0.000492179812716793 0.623450913116012 0.264672606429374 0.474048588199839
ITGA7 0.0100990636929742 -0.027322520133395 0.0613381171778862 0.155744781497716 9.6949249174661e-05 0.587859128606401 0.115146805281116 1.36884148755993e-06
GPRC5C 0.0184680056964095 0.0411357944917426 -0.0233458861731599 -0.0123792522618284 7.43876008085228e-09 0.454873224392626 0.598038185942101 0.673985343951203
PLXNA3 0.00777066020494973 -0.0418340101540871 -0.0242655771771895 -0.0067321655495238 2.49774026630111e-05 0.420304321351406 0.57611024042538 0.841304308863806
LAIR1 0.0204220931728593 -0.015239220058182 0.1291540654293 0.0712820453579614 2.91449406992969e-08 0.641551554060439 0.00167018625768349 0.0204366307122025
EPHB1 0.00801010621323746 0.0221035581143819 -0.0102841604164517 -0.0137222337424968 7.53893363799773e-05 0.602157969224314 0.828984554282186 0.657903982337367
IL17RA 0.024075996993476 0.0363558239169321 -0.0208969281395753 -0.00297685099367179 2.79850517245554e-11 0.403713050730577 0.595324200479297 0.922526493046895
BMPR1B 0.00600194466198011 -0.0257583468751083 -0.0280068318282345 0.0176716586808814 0.000314595630943986 0.635307330601983 0.504979717409225 0.599805446751005
FZD4 0.0082360185132892 0.0138126227443679 0.0987345485131708 -0.0383685774800678 0.000139733945581602 0.786961439275872 0.0175766779271744 0.2563699327101
NRXN3 0.0116642858755874 0.00014693763238241 -0.0431931356782169 -0.0160474637810949 6.0786189303421e-07 0.997478898284494 0.33968457585983 0.636165795847849
TLR7 0.00562791137232472 -0.0141017451202324 -0.0158493990050011 -0.00743041154059528 0.000823544733194328 0.72660000171612 0.718061263584423 0.826141380767073
GRM7 0.00465244726326193 -0.0182126789543329 0.0060914390616731 -0.00977740054570929 0.00166946487521895 0.68059245315666 0.898869843462116 0.753104908222231
ITGA8 0.0092064214777245 -0.0132317725632515 0.0745576057277234 -0.031397211649316 2.9367636017995e-05 0.689028010427242 0.112241960279097 0.343278334624962
CD47 0.101204854725345 0.0543495962451372 -0.0301270307065302 0.026933193016693 5.34476276928045e-29 0.107293638780775 0.411168718087232 0.287566224663649
CNTNAP2 0.0286930820133933 0.0252176478810587 0.0317375396104055 -0.0152358817733439 1.32798817105183e-12 0.544309466583657 0.453630757650962 0.604419877211665
LSR 0.0472114578539164 0.0681457748229291 0.0093240623766891 -0.0096651346781571 2.6017919086221e-17 0.084280383138717 0.812823958719718 0.737010452993582
ACVR1 0.0282042796340508 -0.0518159112134678 -0.0267823451892286 0.00170241648426682 2.59502695097474e-13 0.199742846806056 0.539713760188345 0.958299389272047
COLEC12 0.00519585527407384 -0.0193868775260496 -0.0151227740159734 -0.00951430784168017 0.000747306904909433 0.64644269337791 0.703629516936532 0.799677412368609
IL17RC 0.0181570579718584 0.0942532398834386 -0.0450165147004762 -0.0161767926111854 4.50199331861628e-09 0.0374535656050407 0.256856690121519 0.621779393426372
FZD6 0.0204689102103121 0.0401638586212957 -0.0363942387377272 -0.0100130278654708 2.0407660609112e-10 0.362433412073365 0.410332754442616 0.773727444609637
PTPRT 0.153801096365098 0.182749763038265 0.0380505788470357 0.253553301155039 2.89489290295667e-14 4.6390483919332e-08 0.307779286439759 5.34191242820076e-27
NT5E 0.00932851549538912 -0.00934139831508144 -0.0026746279333296 0.0877021151436105 5.57992146714194e-05 0.818788125513984 0.949181376492333 0.0063948445025103
IL17RD 0.00424421955677752 0.0598121036595972 0.038437573960654 0.00270649858596254 0.00418913920418301 0.098949956335523 0.34747855141939 0.941723768544717
CD53 0.0193829107417651 0.044392092238593 0.113582042252349 0.0321939491948668 8.76897699710976e-08 0.279299937029364 0.00132053996902543 0.269492785145702
TMEM67 0.0290124676726151 0.0199196744213585 -0.00653019505457035 -0.0307232309018583 5.11759715231063e-13 0.660998493436799 0.873432632293195 0.308051187639666
ITGA9 0.028945046139781 0.0521355214252822 -0.0177413861816799 -0.0563797914938908 3.40313727710963e-13 0.266430930241074 0.659483698697149 0.0803389590321675
BMPR2 0.0559438057660952 0.0275311339354844 -0.0322346210255115 -0.00760851324384093 1.70512079264537e-21 0.481648705981205 0.418680696957166 0.795496475683216
CRLF1 0.0139627579905231 0.0478595767177078 -0.0442328719419641 -0.0184648422506636 1.34188372656694e-07 0.202442825019131 0.308068243141706 0.572205567810463
SDC1 0.131791024648268 0.178247848609535 0.0714837508873071 0.111766067193418 4.82048340259618e-18 2.81615993114713e-07 0.0537016422177425 6.46196547293709e-06
IL1RAP 0.00458659034376128 0.157194109534355 0.0473035916114929 -0.0220755473834097 0.0047054936509853 0.00282963838295414 0.313246030157134 0.514814583963144
EPHB3 0.0856260597855669 0.0271631111294045 0.0419071789757121 0.0185475402097976 1.10270982432225e-24 0.454693067091062 0.256751874948728 0.480611425937846
PVR 0.0174905992180532 -0.0249261099818942 -0.0549427491160136 0.0623165704531663 2.70528280856825e-09 0.508212492215644 0.195363773696106 0.0597923347620182
GRM8 0.0345392600909095 0.0125030423367271 -0.0222639693307511 0.0483327244062709 4.90843392482878e-14 0.75574768102763 0.610275692619714 0.110800444553034
LTB4R 0.0099079832658421 0.0162291423997953 0.049815162352658 0.0722814522526526 3.6287420903705e-05 0.702863320559332 0.246243562177435 0.0199290941314925
NTRK2 0.00921616378679363 -0.0147475929194857 -0.00366959344984483 -0.0225427412829413 1.00945798876863e-05 0.783620167891566 0.932757646821892 0.545024522978372
ACVR1B 0.0353667402973397 -0.0249241901154808 -0.0129370743185406 0.0318356550370987 9.75193130173401e-15 0.557733713735316 0.753693649193512 0.251189565588924
FZD7 0.0147991933724719 0.0165145639195625 0.0038432968451399 -0.00971208183300719 7.63308542339135e-08 0.690976621708153 0.932362959952961 0.765846083724501
PLXNB1 0.16565262771155 0.127554241498996 -0.0407753233378989 -0.00902674744662472 5.14014882845688e-34 0.000576094357015373 0.288002610403844 0.728798294483303
BOC 0.00484852601494583 -0.00838393806544373 0.0166182701442027 -0.0122237857088861 0.00120940744312224 0.865027611292957 0.695435602271261 0.698806067743445
LAMP1 0.140843477368109 0.169430773574073 0.0760432018155402 0.0692828088480875 3.2053928402027e-21 1.06876602868729e-06 0.0317331665508067 0.00567419017008847
IL1RAPL1 0.00436532009304287 -0.00985288295645271 -0.0178694319210381 -0.00723318344506551 0.00245224221087159 0.778929288464499 0.68944368721458 0.84157162488051
TNFRSF10A 0.0242735988321211 -0.0419404490092066 -0.0393669352349767 0.0370753235454809 6.52653462792995e-12 0.343537209035773 0.354088360199931 0.216534607458188
FZD8 0.0119177594032976 0.0494015802121068 0.0846519049237351 -0.0239693762486595 2.20542191416637e-06 0.361034676014052 0.0322869308180438 0.432786092051644
RAMP1 0.00848136851845835 0.0922901798696381 0.0666954251808353 0.00812722751067631 0.00018137176670879 0.0372510137833341 0.0954487164012626 0.802975621985136
SDC2 0.0223458145043704 -0.0334333559508906 0.0789772858308703 -0.0277704881320664 2.14935219239002e-10 0.406433932004241 0.0380271985422227 0.383122780046875
C3AR1 0.00707730969708845 -0.0341985197535775 0.0171968350003317 0.104359132256759 0.000307363394632938 0.51787449616895 0.706448807485853 0.00131660988049053
ITGAE 0.0464173583104858 0.00454279388929199 -0.0582518598519859 -0.0207346223533742 1.79420710123829e-20 0.895414015351022 0.140732533118961 0.488230292358849
IL1RAPL2 0.00732394371474545 -0.0438516238337131 0.0335613618150376 -0.0247519464410824 9.59956102668244e-05 0.498787257727563 0.393003651427446 0.474307423771949
ACVR2A 0.0243042144833832 -0.0662239081201791 0.0372054653977654 0.17848018784862 1.34354970411947e-09 0.142301812809891 0.381268059260424 1.1966090967908e-10
CSF1R 0.0264800164131957 0.020366104699659 0.102665546036789 -0.00057132144787006 2.79104658233599e-10 0.611227360221927 0.00913769624094205 0.983958073285631
IL20RB 0.00410517639254848 -0.0151249736657445 -0.0168019536575319 -0.00384611414957966 0.00247092940490806 0.722578827449641 0.718802567187132 0.894708395517709
C5AR2 0.00967925618399649 0.0873175542240177 -0.00114773998661189 -0.0212220601610071 1.0801207073649e-05 0.100207828299109 0.978356723253828 0.531105424190298
LDLR 0.0397651232827103 0.00047442182375573 -0.0305238823409866 0.00864252953155134 1.11089983841285e-16 0.990961931203897 0.465037082350458 0.779897425071542
RAMP2 0.0100219843142808 0.0344328142412785 -0.00943366917275851 0.178558861793139 3.31958850557135e-05 0.364695835811907 0.827418570420307 1.10993336456007e-06
OGFR 0.0949790359328852 0.0524624359124629 -0.0782346019078941 0.0326703426161969 9.236329993414e-29 0.172427058973811 0.0439650530306525 0.231641167616668
HAVCR2 0.039021636732822 0.0335728588911741 0.0169223951340978 -0.00819134024383448 7.03800778282618e-15 0.455244258071518 0.690475634392398 0.785294408005922
EPHB4 0.112752741292329 0.0835862104961233 -0.0416251645470469 -0.0035900863657098 1.36066958103532e-29 0.0253273672733876 0.298198416487104 0.894536953608046
IL27RA 0.00379417166976575 0.154156885013187 -0.0245202566861824 -0.00355179240590722 0.00889670354924653 0.00316893809544306 0.583369949201925 0.928315134253454
LHCGR 0.00451607684659928 -0.0229876536485188 -0.0240173641606999 -0.00701703343815872 0.00128698052846157 0.67515734099905 0.66259218584737 0.830409071306705
SDC3 0.0195868423724642 -0.00100831671830546 0.014315707305313 -0.0188308235129447 1.40623759524052e-09 0.982037234891438 0.711415281310278 0.538332013149107
GABBR1 0.0165640323021718 -0.0491422820704982 0.024727065957349 -0.00533234919627814 1.32986080585592e-08 0.32342337957196 0.573845561462029 0.870814444205905
ITGAL 0.0071384497992513 -0.0203826408638937 -0.0132659561575821 -0.0105506456369855 0.000164174028550558 0.663911749831342 0.742042357703888 0.779147832433344
RAMP3 0.00397458265613314 0.0122737974054267 -0.0133301067768452 -0.00747407526633137 0.00310743408362259 0.757535460243397 0.757879769709666 0.843824195856025
TNFRSF10B 0.0451767187813734 -0.0200405794752028 -0.0319213335536887 0.0251419671478515 2.12793930175829e-18 0.615600684283816 0.41540981592752 0.374637347289332
PLXNB2 0.133547844487126 0.0274051621903057 0.0752197328893941 -0.0201777909494033 1.73955129143417e-29 0.475566726628027 0.0499060857170275 0.453144864315119
CD63 0.320029282182185 0.539362679280603 0.144121100695573 0.0819621190272747 9.24672867116255e-07 2.66217114976616e-102 6.86821433216043e-05 0.000282505670504818
CALCRL 0.0210526412475193 0.0714298374355079 0.111621723141066 0.0375267295804864 4.30181447025973e-08 0.02657121777662 0.00397400113587782 0.200028932328571
RELT 0.00857439800023757 -0.00882112517168451 -0.0355006515128977 -0.0147884106777244 1.79557700258758e-05 0.790774116957494 0.460919786564418 0.680916618691664
GAS1 0.00380036121215723 -0.0266139852245815 -0.0899236834008142 0.30977372672245 0.0125889260902766 0.703049673038363 0.0236041246044602 5.1515853202257e-20
OPN3 0.0145596899710216 0.0819621837329387 0.0311635602167134 -0.0109209860834293 4.23384116784773e-07 0.0255406256901864 0.43194446350952 0.730411616023094
IL3RA 0.00848684382470211 -0.0206101884097194 0.00222272469510704 -0.0134313927651112 2.48418194348241e-05 0.580367104985552 0.960475259601317 0.636049892984649
HCAR1 0.0217609043218644 -0.0240285178255073 0.036159853329353 -0.0448815539556967 2.58588384254228e-11 0.545795766069346 0.368141024526991 0.172237016647547
ACVR2B 0.0345838208531193 -0.050713821660744 -0.0462894994013998 0.019451587898537 1.58029872476699e-15 0.242245607483528 0.28274135230924 0.516993446412518
CSF2RA 0.0217133985736885 -0.0354081709894062 0.0521565732838634 0.000529154823506772 7.76504879793595e-10 0.335120403597263 0.178928473851146 0.984651680743029
LIFR 0.0151616098028213 0.0239060510171371 -0.0324539708669274 -0.00256432248416124 8.36661353315207e-08 0.529011265613967 0.472024879579951 0.941008226895126
LTBR 0.135923821382209 0.141209458910041 -0.0143113352047985 0.0206811822433315 4.97969094459263e-28 9.14532424417035e-05 0.705420614830864 0.433724533609649
TNFRSF10C 0.0108531218530158 -0.0195754486374937 0.0380826852347877 0.0605799171910835 9.6315606292679e-06 0.700982505372112 0.392459524859889 0.0646517874174743
ITGAM 0.0201493229414888 -0.0270768800357359 -0.0178631536497532 0.023535445253696 5.52813274719062e-10 0.587941491329661 0.6719197203103 0.446239092493165
ACVRL1 0.00930900272399962 0.0528100925544331 0.0932894480718359 -0.0291783645134932 4.74114462664449e-05 0.149157336046999 0.0363474439481588 0.405190474337916
CAV1 0.0103976772697287 0.024345632665541 0.110915872467577 -0.0513764928087137 1.33540477677762e-05 0.520306090933718 0.00517588448080874 0.110918026497678
GIPR 0.0142100644227234 -0.0398506779111139 -0.0393857325640116 -0.0186531542343199 1.03306051761263e-08 0.400142360393069 0.392554396108939 0.573636896074499
PLXNC1 0.0232694432663136 -0.00749187110555586 0.0755149463945681 -0.0358964983031931 1.36719139039025e-10 0.831768845370079 0.0528494114009417 0.218644940296261
CD68 0.00970399625067089 0.10352020261947 0.120973150879471 -0.00726589833473608 0.000132350107306185 0.00547319353080847 0.00153296102464823 0.831676225096755
OPRD1 0.0124033822303188 -0.0430259843219206 -0.0149336582491862 0.0179647336018356 4.6221534386489e-07 0.403046739849818 0.753802504081686 0.596394468963772
HFE 0.0120176182350283 0.0764678433123977 0.138838941641876 0.0121948112194056 1.5370799516974e-05 0.0979499261101644 0.000861771573185007 0.70734158199148
LILRB4 0.00726208188525205 -0.0287470464765757 -0.0241237736910851 -0.0111635604592788 7.91039026017894e-05 0.558321766445312 0.593442116150451 0.738104557329486
CSPG4 0.0103085687235576 0.0290547519700128 -0.0124544194387017 -0.0112068946445017 1.17968143797048e-05 0.471307727149859 0.729942557912116 0.701896366800741
IL4R 0.0123415718618162 0.0114650030714411 0.13050871931894 0.00837484592640274 9.04850219224924e-06 0.774519779023021 0.00030805582077158 0.784265026655844
RET 0.0175104986524331 -0.00546022083355849 0.184203945430894 0.0193284467125841 3.89089226047028e-07 0.903486739823707 2.03129470839905e-05 0.553786439307177
LY75 0.00978365651570891 0.0236671239947403 0.0075430350360758 -0.0234450912289382 5.40854837387718e-06 0.58171120221305 0.864191280603991 0.474987455303716
CD69 0.00567373897128792 -0.0294111890296868 -0.0639978599101739 0.249800775346447 0.00220039987362509 0.563133193612753 0.105632426152068 1.17569873923445e-12
GPR135 0.00459955540835427 -0.02005665416984 0.00843348491584841 -0.0120478760251131 0.00179715367287878 0.652943333958594 0.836174657181245 0.74151695765712
CCR1 0.00458402199268278 -0.0310208804852085 -0.017043281895627 -0.00832454646200577 0.00134327183725 0.599732300111744 0.703097124339084 0.820278710088294
OSMR 0.0122277668389992 0.00993448507575683 -0.0108828386971274 -0.0109036290700204 5.47266847573818e-07 0.78339647219139 0.791183020818095 0.72966339571979
LINGO1 0.00613304719000227 0.0618998021997084 -0.0311295671906979 -0.00987760131156075 0.000409929359629496 0.209357404309338 0.541080733920612 0.780540488390467
ERBB2 0.140751734578848 0.166425283942157 0.00013086419972051 0.0115037055771689 1.77775480011467e-27 1.91671774340414e-06 0.997239597527817 0.660091839933234
CX3CR1 0.00462085500845928 -0.0194722948883206 -0.0163285078996362 -0.00917878162273681 0.00136966384277551 0.677867977781973 0.712617036973718 0.807842853095288
TNFRSF12A 0.038859699413485 -0.000805202228577 0.0525354234454424 0.0870724714882076 1.83691197023319e-13 0.984154540706108 0.190378526779926 0.00357118323574207
GPR139 0.00455212486356977 -0.0164750154799584 0.000442747472461999 -0.0107416614257832 0.00177747558011793 0.699301862528947 0.993307287485357 0.773560849738499
SDC4 0.158455204081659 0.260445419461452 -0.0508754337660464 0.0879221913500797 1.70428213770084e-22 2.44720915502047e-13 0.185788955537642 0.000416282374227741
RHBDL2 0.00553985070216688 0.0733571824136647 0.058726822379622 0.183440779091903 0.00403194249669274 0.0906888269016099 0.231781446092195 1.33401370310592e-08
GPR153 0.00409268959303392 -0.0151249058418903 -0.0138938341362635 -0.00795200932066696 0.00294129077429184 0.732041589911407 0.734654288577988 0.837504106672236
OXTR 0.00729902020994512 0.0183106122544605 -0.025131916904109 -0.0134369497701071 8.360764137695e-05 0.645395881899156 0.559173250746501 0.723548076183273
ITGAV 0.0792910592619081 0.0423762880258155 -0.00544279785412443 0.00525976785713939 8.1916737625244e-25 0.274465050174333 0.883238096831326 0.84608887035025
CD72 0.00630574064171161 -0.0223298665092985 0.065543865541597 -0.0370919806008549 0.000393162940979646 0.659102169422038 0.141265908450077 0.348030302776623
HMMR 0.0807195090043155 0.0239836790135307 -0.000920279463552478 0.101333254909108 1.7467864831936e-21 0.549067497316526 0.980701276073911 8.30836724358267e-05
SELL 0.00614717111890913 -0.00138657538874626 0.0401955644612484 -0.0217632316623734 0.000247281541288871 0.97455329467255 0.397732329969366 0.529167849162031
LY96 0.0100749044265112 -0.00271863338395025 0.0696996079582929 -0.0396897519284832 1.19349188674645e-05 0.939201369005986 0.112958513062429 0.250829996973909
CCR2 0.00517724479591763 -0.0639222979386595 0.402687228935815 0.13254281060104 0.0231944668045067 0.136863017805422 4.21733382603143e-29 1.32767840159352e-05
GPR176 0.00705816827021215 -0.0237905003849271 -0.0130946815298504 0.0213061675486793 9.10142155775731e-05 0.644885736389827 0.742380967982052 0.568177991164136
LMBR1L 0.0318190946589467 -0.05147490414758 -0.00264515052829679 -0.021738981851116 1.56101658488945e-14 0.269559057445004 0.947470484965963 0.483632741689226
ITGAX 0.004854789302781 -0.0189351468428224 -0.0279327214873151 0.0408155224158606 0.00118993181668874 0.677822998850549 0.508523199751248 0.241217994758318
P2RX7 0.00466303321173363 0.00462501145979389 -0.0159537644697298 -0.00889997972791538 0.00176532639978824 0.917676296209805 0.725869374873569 0.829595158891247
ADIPOR1 0.0450190393963451 0.00303091991434276 0.057854942621671 0.0318157257378592 4.16543160895328e-16 0.940233995069535 0.146581734419289 0.254117268947049
ERBB3 0.104998432612854 0.0324591892374175 -0.0192728822617931 0.0140754923287915 4.866399986669e-29 0.408659123902764 0.599661704255931 0.606910884579495
ROBO1 0.0189271286608796 0.0381009466877118 0.0424483193507555 0.0579069111119889 3.60718587823285e-08 0.267609633061322 0.264709920684674 0.0559494157933419
PLXND1 0.129641988719071 0.15094303261955 0.0416004885621188 0.0516064164940858 2.49460312830831e-23 3.11071395616056e-05 0.266415724362728 0.0369967362174866
HTR1E 0.00799730028804515 -0.0240978930527303 0.013364549610961 -0.00843045505619814 6.15635843685334e-05 0.603272614329078 0.760520760814397 0.823323814628185
CCR5 0.0107266748327219 0.0503590596562903 0.169111689744854 0.106451090998234 0.000326810335020773 0.23062178974915 2.04783713536331e-06 0.000199228371799042
CXCR4 0.0953380116857845 0.141720479442451 0.108248114277029 -0.0181304747151877 1.02403587750749e-20 6.24120306630139e-05 0.00321201526523578 0.491566687682909
TNFRSF14 0.0659151738386196 -0.0798673478279175 -0.0215648459794885 0.0032550845686457 2.51249846634973e-24 0.066556140669773 0.58732505857999 0.909945854810147
IL6ST 0.0458425080145092 0.634476749330238 0.199406399012896 0.102427355308658 0.316538181814207 3.90711254380175e-156 5.98962522337163e-09 4.16016261504716e-06
P2RY11 0.019609362929035 0.0348287241384647 -0.0230080002602863 0.0170526543936688 1.7955671351369e-09 0.379386827876326 0.564932780576024 0.600858413948481
GPR183 0.00829848573505095 -0.0326831492223017 0.0106986177095891 -0.0112517738814834 4.68257702497137e-05 0.500954810425992 0.804824967646816 0.743055468946161
CYSLTR1 0.00578288507289961 -0.0252736328141515 -0.0184360657713219 0.00796695353323561 0.000289085792467992 0.59175994266664 0.666101856837092 0.816065234845784
PTAFR 0.00802891996861207 0.0688362669743312 0.0199950800304343 -0.0180497416325183 6.16446018865484e-05 0.10922533806009 0.6411396593876 0.576562978548386
SIGIRR 0.0559266110555348 0.00797131210828144 -0.00314899850139486 0.0145701950457058 1.2085197261522e-19 0.846650907331141 0.936466009743959 0.605224876036626
LPAR1 0.0273413412931194 0.0432215338967039 0.00999325273027087 -0.0168934532195648 3.62352576113358e-12 0.315624334572088 0.805847497447814 0.576416980591318
HTR2C 0.00453956098921318 -0.031135003473141 -0.0135434100029395 -0.00810422140014937 0.00143586889600971 0.597678506535372 0.747284766922119 0.834038478005537
TNFRSF1B 0.0107698012581552 0.0116105535349875 0.0632760119111934 -0.0114497415336165 5.63474967788407e-06 0.746377523174608 0.0947284209016153 0.707255781882851
ROBO2 0.017170749936451 0.0119313049219523 0.0495136358649133 0.00108206695870457 2.50891990450441e-08 0.764931042297262 0.222329780997917 0.972048678313355
PTGER3 0.0082727861440724 -0.0210382144212737 0.00758263840902261 -0.020890345657175 2.95132798743221e-05 0.580906850623764 0.863228775329133 0.554573872308345
GPR19 0.00409456791439954 0.0667039732106995 -0.0204169952511447 -0.00497647548184708 0.00524812738986177 0.221861043119983 0.675906625528869 0.865053633753946
TNFRSF21 0.00649693367657833 -0.0118268825790393 0.000363360362261496 0.098096494404485 0.000260895970730211 0.712896448721277 0.993667105201762 0.00316968428594545
SIRPA 0.00687235036560773 -0.0105116458136171 0.0445865376493426 -0.0186050645697669 0.000204767455298474 0.759480868768365 0.33767170721674 0.604906549887205
IL7R 0.0208581799401137 0.0117944131487276 0.0222684717175401 0.144062602527892 3.16395166007493e-08 0.740635892917312 0.562659247259939 9.03684386390134e-08
P2RY2 0.00859198191674504 -0.0129736365547329 -0.0460239669166489 0.0126931268513589 1.31026215263407e-05 0.728396285065968 0.352839381544064 0.70073418151957
DCBLD2 0.0234333927290615 0.0162955132117586 0.00504598763912753 -0.0145990271515008 4.32586072272121e-11 0.695876652984385 0.902586623728205 0.616927803102659
ITGB1 0.0900550575781956 0.0623491999888021 0.0932189890897995 0.0379209956886051 5.56826455309852e-22 0.0859975750199826 0.00696052823889244 0.150412132791097
LPAR2 0.0127972849840115 0.0212998464461122 0.0247872521272933 0.0460437150189277 2.16038323789176e-06 0.642741630261638 0.568980756875771 0.177312584004051
ROBO4 0.0058604562698098 -0.00806889476795467 -0.0112570940151992 0.015770818019778 0.000697731707515515 0.833787256824107 0.76338113019612 0.665974667838815
CD74 0.0975590273924702 0.167680471514681 0.285366574370457 0.220249524771768 1.13257807742608e-07 1.51228266064132e-08 3.04549802379583e-19 4.25025489454177e-21
TNFRSF4 0.00550613022142344 -0.0170474756512071 -0.0191325726927875 -0.00772419801448498 0.000459219990404645 0.655682245702847 0.674786972773367 0.837456718870813
ADIPOR2 0.112148952269067 -0.0184415831133062 0.0678409344776904 0.027397200755241 7.87540824805539e-28 0.627888461431816 0.0808934072498208 0.304484012435813
TNFRSF8 0.00887314396279157 -0.0153871888908523 -0.0332147536220061 -0.015023579277283 9.28179353825471e-06 0.67340168933517 0.462072320203189 0.65041789197001
DCC 0.00779174649109509 -0.00496492435189101 -0.0105729023924704 -0.0159805656508448 3.17387708562459e-05 0.900648470651031 0.809070415186766 0.633412319772852
ICAM3 0.0185062442409471 0.0865523227096587 0.0355601511813417 0.094141113230315 2.46327273765002e-07 0.0364310042183672 0.384988130555307 0.00213329275811618
SMO 0.0165961487499293 -0.0366900327949153 -0.0477317221018801 0.0105986726763701 2.36546879215894e-09 0.409804368746427 0.231878287583198 0.744051420069577
PTGIR 0.0126537178715752 -0.00748397421726167 0.0103913191919309 -0.00764336677693994 6.70817426836632e-07 0.811658817246583 0.809863045441772 0.821347259592706
ROR1 0.00668962274565783 -0.0167046554107391 -0.0182210728904197 -0.0104794398956422 0.000144428888734658 0.637332324731209 0.654528862112191 0.769774176315126
P2RY8 0.0118441427788321 0.00030115502693836 0.0238837800451211 -0.0295788942664208 1.93528581518544e-06 0.993388265427117 0.584796239347844 0.378003053000282
MAGED1 0.191826497984077 0.158410213519349 0.00376595470481953 0.0476528501586084 9.36012535934952e-29 9.29415607538476e-06 0.917303254121826 0.060220424888889
GPR27 0.0266094477516427 0.0133439113430516 0.0123272637736235 0.00107483449662681 8.62660634555549e-12 0.761216694777086 0.770308954281336 0.971799231953058
LPAR5 0.00656224824109169 -0.0230454159373704 -0.0162115396556983 -0.011162102528279 0.000185602888286019 0.660264185359463 0.729273509374553 0.7542289397954
MC1R 0.00417464486635989 0.0461924083642767 -0.0215728323989365 -0.00767997855280736 0.00266375388492226 0.366272557141084 0.66498151776095 0.822558953799384
ERBB4 0.13481452331131 0.226153257978097 0.0197043575695196 0.15510290186586 1.96908800502565e-16 1.51106355263463e-10 0.586500381042882 4.33549150554494e-10
ADORA3 0.00484842476212328 -0.0264542528071479 0.0559652934796485 -0.0250066233811833 0.00233195240637026 0.661237426926102 0.199771875400494 0.482281835315874
SORCS2 0.00921411642541513 -0.0105307846260028 0.00674635743898613 -0.019027630290685 1.90027188496787e-05 0.721792204554154 0.888081926861653 0.55722131974133
CD151 0.158421508328877 0.22677789598088 0.0744584714398928 0.0327536603385362 2.05056588998553e-21 9.5981640238881e-11 0.043224376690298 0.183879453941719
ITGB2 0.0289530039614586 0.0111665166649238 0.178462928329738 0.0833040360908169 1.86016702265182e-09 0.754045455626763 2.76852080232814e-06 0.00434497091642756
PTH2R 0.00391329699445316 -0.032783854617977 -0.0154781581780767 -0.00743549835435448 0.002396555659557 0.633113808386561 0.732481604178822 0.830191605988526
INSR 0.0486720060352937 0.180533732864761 0.0487305339784923 0.0248693055913975 3.34771579579159e-14 3.18036981178894e-07 0.143294473177933 0.354746254645792
DDR2 0.0225747619961369 0.00190078842557675 -0.0129518094379551 -0.0388189196560011 3.95086377723529e-11 0.956818980288719 0.732488896321548 0.21917251113612
TRAF2 0.0285427756187967 -0.028117778185199 -0.00431801816237937 0.0786041596322915 2.93258161597544e-12 0.485816892482818 0.909467753903377 0.00825339464828748
GPR34 0.00501629656341653 -0.0286604639997761 0.0303292891285996 -0.0222142699202799 0.00111786740037252 0.586232477361316 0.463010291892977 0.570666837590325
PAQR7 0.0157119111154021 -0.0357799722401692 -0.00898894132651626 -0.0240680984113004 8.11053966630098e-09 0.319925136109475 0.833678226218656 0.464188514764076
ROR2 0.0228962081659015 0.0126022056090084 0.00349641417476319 -0.0275910144332764 5.95225142061198e-11 0.761000149639378 0.934037682839491 0.355583841187655
DYSF 0.00648661233089869 0.0115314752223689 -0.00834561948773265 -0.0128738923981073 0.00024404262494005 0.80682477724585 0.817064045097932 0.712579888848348
IFNAR1 0.0733554512858119 0.0649974781490513 -0.0906331255479017 0.0301705127501308 3.68769871906725e-24 0.0813669669557421 0.0291778675369162 0.268594268450239
MCAM 0.0192709670888971 -0.0413824187533664 0.0280658790571682 0.000656585413563136 8.29202361733128e-10 0.318152621445275 0.479566636140546 0.983305150949588
ADRB2 0.0120309148840982 -0.0331460776051158 -0.0319594385020343 0.0419302077228478 1.18387767638778e-06 0.436708412293591 0.457236802692646 0.232329650946021
LPAR6 0.036466788921371 0.0466316471623671 0.0649118310303791 0.115602712934093 6.40733913885907e-12 0.17606303893724 0.0644405020089354 3.34782543564569e-05
CD81 0.1793014523798 0.156574881640901 0.0364655469583471 0.0106345635295882 5.19940337627479e-32 1.58494609103071e-06 0.274629458870047 0.673837023841215
PDGFRA 0.00921452340960424 -0.0225585867780128 -0.0505939716028839 0.134559381767888 4.63187607135952e-05 0.526819219642097 0.184585453464757 8.7763444482713e-05
GPR39 0.0198187316541884 -0.0203218636304947 -0.0110307611979643 -0.0240403982534134 3.55521359022682e-10 0.642006860106984 0.805157548801197 0.463450326407157
ITGB4 0.0231447517418213 0.090162122877687 0.0233340944340174 -0.0445096415144027 5.37638684124065e-10 0.041383657338084 0.579172076616076 0.143868328548344
ALK 0.00407750328281641 -0.0231857041046185 -0.0130000981441547 -0.00818568665729724 0.00228349671077029 0.660207266092371 0.741492783728021 0.826263450995474
CD2 0.0180203983499969 0.030644016803992 0.101931685963885 0.0192370565444604 1.72580000825379e-07 0.458308202003591 0.0101719517176677 0.519149562127657
GPR4 0.00362562757764511 0.0723569562453503 -0.0119255262612238 -0.00392455810776422 0.00630808250950183 0.031672281146853 0.757320044646035 0.89648448482081
TREM2 0.0202320794821737 0.0508525840434966 0.0239430256338247 0.0477367156030429 1.10727678808165e-08 0.274925342164555 0.551805268211568 0.101149921620893
SORT1 0.0430245049395808 -0.0485015398222592 -0.0149707708615401 0.0227804314667358 2.85928573706196e-18 0.18017081030045 0.708912020594269 0.439261142906573
MERTK 0.0144543532744217 0.00659395916746134 -0.00316161430873375 -0.00036766645268816 2.05924280573043e-07 0.87234222983587 0.938262560640074 0.99056101132669
GPR65 0.00432580889054107 -0.00333971416530096 -0.013933773940698 -0.00430603166966849 0.00264941416507961 0.921906994720302 0.744953217790446 0.884695138912654
ITGA1 0.057459371431426 -0.0302444658661735 0.0615198934893375 0.0417069891904171 3.09038719940463e-19 0.404928630604415 0.0825260037704381 0.127061783751992
EDNRA 0.0328715047547244 -0.0216581503216739 -0.00435484059037781 0.0221653586866889 1.39229210877072e-14 0.560097228373348 0.910478698879106 0.441961888036156
PDGFRB 0.0248051280664251 0.00586636313893665 0.0606624617508178 0.0102304977790279 1.79701904188222e-10 0.845786568987868 0.143316653333316 0.729494312837863
LRP1 0.0265111379470837 7.90236640252276e-05 -0.0151990331658472 -0.000653749577953022 3.30336133173911e-12 0.998390456530082 0.699165822289957 0.983460637573302
CD226 0.00676672695345038 -0.0227935650456337 0.021217855501087 0.0141122471994551 0.000348043829261587 0.609731417752001 0.61230600247459 0.633079470816067
EDNRB 0.00630330212729543 -0.00890929096981002 0.0430744811916545 0.0144131045427475 0.00055818544305615 0.769963283483458 0.286302854071388 0.611935924715582
IFNAR2 0.0228701675426673 0.248579677442674 0.0760382803292685 0.0689551737614884 6.85407356279848e-07 1.7004039491552e-10 0.0537868399708675 0.0131719839788157
ITGA10 0.00463277356408674 -0.0284696148543608 -0.0140965478193908 -0.00672986570560895 0.00136226262585804 0.599388898985035 0.738680769342267 0.835657122791729
GPR68 0.00746812122042712 -0.0448817603866241 -0.0496194406446714 0.139318337737828 0.000143098134045456 0.380848342420848 0.229415661414552 1.67418431608023e-05
PTPRA 0.136085440463699 0.0837682239143837 -0.0214302259792347 0.0447108732050805 2.57871341733749e-29 0.0277923807479265 0.566681306059365 0.0869498839253742
SPN 0.0140221079207762 0.00307946156941578 0.09238810174951 -0.0355762533994175 5.33414992952181e-07 0.923422369575139 0.0284312639344925 0.238280350851002
RPSA 0.17742241961449 0.179621702779874 0.0267717575234868 0.0912672586534737 5.86818106124171e-25 3.26078371415835e-08 0.459306294280339 0.000309386043420677
ANTXR1 0.0609735833693616 0.012941346940132 0.103073954479828 0.0532869248832328 7.50292804799836e-18 0.707080192928351 0.00508376193104082 0.0404106341211959
ENG 0.0153190451377319 -0.00845151296299521 0.112591803628173 -0.036368165919108 1.32729873757475e-07 0.813519505104035 0.00356395123140039 0.219120020276648
CD247 0.00532080483395969 0.114310710553415 0.562176322982096 -0.0822877914823086 0.036685510343783 0.000906940517787047 2.63145928427572e-40 0.0079603530105137
ITGB5 0.124690158192327 0.0723881452657085 -0.0225194363982247 -0.0144660989756693 5.09967783920486e-32 0.0516089405514409 0.550420611067469 0.58507100455521
MRC2 0.0196566851097404 0.0197594566798923 -0.00909789868558099 -0.0316993697141496 6.59049688664305e-10 0.610131557334977 0.803809294973844 0.291757015960859
ITGA11 0.00984832668025925 -0.00473250337786481 -0.0296220035128345 0.00111174601663166 1.04498771663818e-05 0.910782885602433 0.480438517437361 0.974022331662103
PLAUR 0.0306176353973098 0.0479425114910482 -0.0190950283714661 -0.0211066690487102 1.36121328779723e-13 0.264884379799809 0.657260936981877 0.478398568421317
CD300LF 0.00520693235437952 -0.0230852931575057 -0.0447823259665113 0.0433871435151765 0.000581324863574978 0.607547402075366 0.388524033322806 0.211171459513436
ESR1 0.168912199064909 0.494377720629431 0.151807126412021 0.137095289827941 6.52880813489374e-05 2.23798321023993e-75 3.5764505085645e-05 1.96200336257236e-09
APCDD1 0.00520939563106408 -0.0134528005486713 0.0506301500965561 0.0736753965975874 0.00172796600523648 0.708714368158958 0.272344535399677 0.0557005359780632
PTPRB 0.0114507685395134 -0.00640063571779745 -0.0262213135751501 0.139272479092258 5.28976972719524e-06 0.863819997507584 0.460301877346632 6.03218589332202e-06
CD9 0.143716629529213 0.518849659458627 0.169663264995828 0.16105662922557 0.00465803510488941 3.37335886408863e-93 1.79279759418077e-06 4.7965444417095e-13
EPHA1 0.0211365519828182 0.0297852164975586 -0.0754101498021114 0.0285297019001031 1.25737120954625e-10 0.402917492387339 0.081676453741887 0.368638261449366
MST1R 0.0171721402972829 -0.0105274211822636 0.0284574263319656 -0.0337118331667451 4.6616032744528e-09 0.798425101177996 0.516164941904824 0.260682332531948
APLNR 0.0131749895730238 0.0252074380930219 0.088968738930541 -0.000485750863664164 1.89506757646473e-06 0.476226912086926 0.019215503350688 0.987230340410165
TSPAN1 0.173244422419312 0.286422630370226 0.0404745191306826 0.0893055449350331 1.63469709819672e-18 5.8191087363162e-18 0.249192418537538 0.000144792527211525
PLD2 0.0111361402147587 0.0520560130012669 0.0240723309461979 -0.0156044607269026 2.56593765836696e-06 0.252985415401788 0.609238007187978 0.628983787497785
CD3D 0.0116658262283984 0.033790766798784 -0.000465885383340222 0.0140533214915654 3.76109528575109e-06 0.434192656127061 0.991520244545148 0.661964928541541
ITGB6 0.029975043317163 0.00799981230478507 0.0387772511843231 0.0593128020488526 8.73565618221585e-12 0.854373720728662 0.36180072401553 0.0525055316234075
LRP10 0.077174003870303 0.047726473740212 -0.00718070164601636 0.0616754882138784 7.32391524811306e-22 0.21681059543017 0.85438890439857 0.0166541683136078
RTN4RL1 0.069435827080615 0.040433548143403 0.0836027846505095 0.107838536906409 8.51951176628502e-17 0.276018950792836 0.0330486360274335 3.01200029242418e-05
ITGA2 0.0451621965116633 -3.86599113506479e-05 -0.0118660172002479 -0.0172271662452355 5.02883200808499e-18 0.9993132793336 0.775070749926594 0.547475490652259
ST14 0.0461335549462456 0.0644774973603165 0.00120944287859657 -0.00328578542362642 5.90205255376587e-17 0.11065376713167 0.975164879604722 0.905264047474883
EPHA3 0.00939618142321232 -0.00894431014894479 0.0193977280751661 0.159020915561189 8.52474611922216e-05 0.871108281220785 0.606946077270883 2.29911019131964e-06
CD93 0.0197247298586102 0.102124786711599 0.00080383933656925 -0.0200568092515785 2.90804682692952e-09 0.0196006541324326 0.983326388517654 0.527021489900802
GPRC5A 0.102882201811075 0.182654871525561 0.023215898248842 0.100688246889128 2.61567590306712e-18 7.46468011833551e-07 0.550270592727282 7.06321037060583e-05
IFNGR1 0.0627629531884529 0.00486910269875731 0.0119476265038756 0.0579454330381587 1.24615110515178e-20 0.895820972357451 0.741899874031888 0.0322658884645429
PTPRC 0.0345373290694576 0.138712290956448 0.116865789506929 0.170511818870125 1.05225468540657e-08 9.5066032388843e-06 0.000825063490989329 2.40718276958617e-11
NCSTN 0.0171907217990714 0.00220254998134585 -0.0187936237364216 0.00498390431329567 4.63843765458618e-09 0.958419882114571 0.650500623228505 0.87425981938108
RXFP1 0.005272582990017 0.0197414632151041 -0.0208674067079876 -0.0121096953173989 0.0006269143085965 0.717311149329902 0.625833059516819 0.759435854943003
CD3G 0.00573029471477971 -0.0185441953111056 0.00914179205706038 -0.0121539683942564 0.000604170922453825 0.654665382083284 0.850978620112733 0.70807077135196
ITGB7 0.00935238978146307 0.0141139549715581 0.145032148046019 -0.0252440870835599 7.95652496158919e-05 0.671677014399196 0.000471679897300889 0.388746413590209
ITGA3 0.0240893382514382 0.0945497442817707 -0.0337127256392664 -0.00192695730828814 9.62862043705279e-11 0.0310935233997654 0.438439830281767 0.950425310840072
EPHA4 0.00584471063235393 -0.00790508854485515 -0.0226510122687309 -0.00121142888819813 0.000515743991646449 0.797511819692492 0.608254272487527 0.9771926093142
CD96 0.0154746791018011 0.0650523209636237 0.0669812426531471 0.0751264319561782 2.22466755599104e-06 0.0732619569587912 0.0886732355353695 0.013284888632067
GPRC5B 0.0131122941121943 -0.0240854970830117 -0.00936445258355316 -0.00635500936408488 2.15973860437062e-07 0.571062309038626 0.827817964329834 0.844848065401036
STAB1 0.017104036268273 0.0137855196184454 0.0423709947505089 -0.00856001534424681 2.65423743872623e-08 0.711368154472212 0.251371778448892 0.77967547059731
CD4 0.0101972758613153 -0.020270035042942 -0.0323882404812564 0.0238936240763952 5.90023443527835e-06 0.558951085026708 0.445940511249204 0.53576833044107
F2R 0.075665577645478 -0.0104587366358451 0.151034696168919 0.0224810686336849 2.96070715923555e-21 0.775694887705127 4.46737034245578e-06 0.40421342217247
TSPAN15 0.0617731418480989 -0.00634252149061666 0.0471749264574396 -0.0533318179280957 1.06580922689283e-22 0.867756733663545 0.222469987030209 0.0448785034165487
NEO1 0.0207853553833912 0.0935207983017495 0.0637315263912724 0.0156192989806126 1.70762560648587e-08 0.0292341937882093 0.154822440558699 0.611645353552859
PTPRD 0.02015300264573 -0.0334282072361794 -0.0026891244809693 0.058681084671571 1.14709062577198e-09 0.459919155889053 0.944693653309221 0.0655382196815649
CD40 0.00395754271381629 -0.0111578555765671 0.00482204992819201 -0.00887481914571196 0.00288961043235801 0.815155538216669 0.910245481494183 0.77081868008698
EPHA6 0.00485949047829764 -0.0321813294034992 -0.0186972422916952 -0.00854406311026136 0.00133964459237628 0.616533486954987 0.678521833312851 0.794416002727009
ITGB8 0.0325198752314584 -0.0327698008477271 0.00600440184318436 -0.0328306275461487 3.96658080639868e-15 0.445050760568823 0.881944277248528 0.272899483772583
CDH2 0.00735419066685619 -0.0264463886218308 0.0221758724333959 -0.0191313007809852 7.95922897507181e-05 0.55371444943194 0.590197864865917 0.567153890098383
F2RL1 0.00499899902669619 -0.0137528318862429 -0.0166046095635693 -0.00999427262810922 0.000852185607402956 0.797275004654582 0.707928062701839 0.799081720171764
ITGA4 0.0166967568920483 0.0309203439393485 0.00459569571855646 0.138257857735761 4.85661054207633e-07 0.494015140595709 0.908379992474072 1.73502838001187e-06
IFNGR2 0.0610432099429249 0.00135291838058497 -0.0189548004453143 -0.0138815688457358 1.08398449673273e-22 0.971167291660774 0.629411349107708 0.641800248102891
NLGN2 0.00824224007974811 -0.0133590314638463 -0.00011129645575511 -0.017252676974779 2.76119021692292e-05 0.773327879681884 0.997631819793636 0.610997913808165
LRP11 0.0849451243284051 0.0211181247338289 -0.0276522505137444 0.0123531942307805 1.35158927137964e-25 0.627814093003269 0.480730981426448 0.647090640246005
PLGRKT 0.183640139977029 0.185691757107376 0.0319444247685471 0.0232706581502286 4.5943703086613e-28 2.85490658565948e-08 0.398977026117626 0.355150493989705
ITGA5 0.00647652106772447 -0.0240127232297616 -0.0283217353444257 -0.00859830597107035 0.000134989314629246 0.620945256379452 0.562802293704727 0.783249743269008
APLP2 0.237202341839625 0.233306873146919 0.141253018796203 0.0924635619847752 2.75333369455163e-18 1.18011534041649e-13 5.88586310135734e-05 7.4416141590552e-05
FCER1A 0.00439218983461191 -0.0223911125587169 -0.0291210628521518 0.0517964062381446 0.00342043557293735 0.66345680358258 0.469104631016232 0.158218980269447
CDH5 0.00634189996770776 -0.0168661055494266 -0.0253015468419984 0.0124282245478125 0.000310252236705798 0.692094628893718 0.546306681686126 0.670376867264747
RYK 0.126838351103589 0.130855957456425 0.0354678279966528 0.0160827234607431 2.80502759249517e-25 0.000537025473894436 0.353431872071621 0.519611348011503
IGF1R 0.0153523632622992 -0.046739685445819 -0.0298266052641852 -0.00200090870685402 2.15631813946596e-08 0.322710692556262 0.450083008415375 0.950009456459012
S1PR1 0.00443955553841537 -0.0132783926511647 -0.0165571736622322 -0.00656272010966826 0.00243309274750935 0.756863542810546 0.715870017849155 0.861373096133861
TYROBP 0.0467467941057024 -0.00304257218011532 0.0369573820002529 0.047177690498578 7.19171132494002e-17 0.933730646099103 0.303616127476682 0.0813987192916925
LRP12 0.00700002275492838 -0.0370404810481936 0.011801582457818 -0.0150173666937967 0.000125104876443766 0.496952647869885 0.77641570010459 0.633765275071343
NOTCH1 0.00943154980921468 -0.00359250894168117 -0.0170061789248027 0.00112732239464557 8.25890743700191e-06 0.934872386461855 0.697867136889693 0.971038654203846
FCGR2B 0.00554369326619393 -0.0213002403525638 0.00560167419371335 -0.0144143550354979 0.000572504528002819 0.669349051097968 0.881477639855834 0.697903036793617
PLXNA1 0.0147470267507277 -0.0115792532562645 0.00414211039430673 -0.00805902036816114 6.32034731481433e-08 0.752296963273315 0.918192856425519 0.804480136688796
TGFBR1 0.0741996629720649 -0.00460328166532622 -0.0308486875070244 -0.0237615870150819 1.2237441150242e-26 0.906868419532082 0.420835780417621 0.393954322070696
UNC5B 0.0117122953044332 0.045769702506522 0.0123840679128098 -0.035130479323407 1.60743771396965e-06 0.242219691111977 0.775831632025334 0.350913936422701
JMJD6 0.0590684253623146 -0.0328998327193172 0.0498381718033655 0.041098681050253 6.70336808137644e-20 0.402097141318751 0.214468347012085 0.139369281708807
PLXNA2 0.0125878622177459 -0.0210222989189927 -0.00268813078920114 -0.0129115241498286 3.29319733948071e-07 0.575974207548105 0.94967078131349 0.706400857603027
PTPRF 0.16002231280383 0.307614251718208 0.0526199932050025 0.0774800608254261 6.55742205091424e-17 4.30634201687614e-23 0.162429700481466 0.00165230462101269
S1PR3 0.021802681537303 0.00818480887411336 -0.0593205647009376 -0.0156679223145471 8.56006202078754e-11 0.86535457035433 0.184227164949401 0.627622061517133
ITGA6 0.0948474413977127 0.124954194068867 0.0222579266109421 0.030119772566841 1.9782459449597e-21 0.00134926423600445 0.569084112499785 0.285302131119074
UNC5C 0.0122689362390355 -0.014737800292289 -0.011077640506143 0.0224840887268401 1.07686377601384e-06 0.688368763341592 0.772473062144276 0.489112571633679
CD44 0.336731358810248 0.314760611533482 0.0964532947466511 0.0274591091132188 2.18943557832514e-22 3.73911403364715e-25 0.00824084767573078 0.250926294904615
KDR 0.00956536847086824 -0.034987930876186 -0.0207018730221228 0.0117692681604587 1.01311767012465e-05 0.432730779555239 0.595824127110714 0.735612165608155
CELSR1 0.0884919399683621 0.0535724924943684 0.0272314107552333 0.023174100267391 1.3176453985179e-23 0.174391825852095 0.469073905212828 0.385789042231664
TGFBR2 0.0152833499507056 0.033368751363589 0.0909063944564952 0.0955395644954659 2.74196948694201e-06 0.383754194210973 0.00968962464391857 0.00190805764549358
AR 0.177881523090688 0.129290764584303 -0.033249543746033 0.0291247899432147 2.34036469977796e-32 0.000151588684269962 0.396103523331159 0.249314391332539
NOTCH2 0.0391022900560124 0.0642980452904776 0.121803613940022 0.0288213663337454 1.02406333952727e-12 0.0987469195311808 0.000953736070378686 0.290676524651917
SCARB1 0.0097638386278223 -0.0375868975330187 0.0257541830247904 -0.0256307317158743 7.15340347815882e-06 0.393896762649439 0.547682638212503 0.458042344181874
KIT 0.00488183307394812 -0.0107132122555534 0.00513266594332762 -0.0140042269936204 0.00166690179512168 0.784945242719596 0.926871433631688 0.716002442531759
CELSR2 0.00895548251627188 -0.00422657478662904 0.0430852453963795 0.00610566664667316 3.46257503732044e-05 0.918704221821066 0.330979089802819 0.864490765585265
SCARF1 0.00744178821738228 -0.0238152648574611 0.0477622158667528 -0.027689266336965 5.77155099525813e-05 0.636126796985724 0.32023300002215 0.43674195256371
IGF2R 0.0851680019625725 0.0487189662792967 -0.00533004941175778 -0.0143648514212433 4.43760768057403e-25 0.21938175540231 0.892574870022527 0.593744636400693
TGFBR3 0.00319904877186345 -0.0291112454377913 0.0109400102071675 0.409643053688631 0.0357112891773938 0.607903709744473 0.809286523042517 1.37649906034215e-30
FCGRT 0.0734092828876435 0.0520723159124297 0.066411165313987 0.0705197984883813 4.18968410648969e-19 0.153735565358782 0.0823519803326395 0.00951773102316066
VIPR1 0.033734916754713 0.0224045489418303 -0.0308832479685209 -0.0226579018588112 3.89696773788492e-15 0.619784957073339 0.446595224131817 0.447631321745915
KLRG1 0.00570621343989632 -0.0172358704866504 0.0132932533889023 -0.0170809230779986 0.000746735574315023 0.691878290467298 0.746652368887725 0.64914845615469
LRP2 0.136543329881084 0.154522219836664 0.000456870953825712 0.0564769955932705 1.37201514904271e-24 9.81789667755561e-06 0.990515196065735 0.033386754112267
NOTCH3 0.0229074252091955 -0.0433849106065683 -0.00805641670416434 0.0327121573374224 3.72278104351391e-11 0.290521931685375 0.846818578404817 0.330175485963087
KLRG2 0.00662615995285824 -0.0372847840687046 0.0793167626429886 -0.0304634077856465 0.000101471229594781 0.481018582603712 0.0592920996371454 0.359297793652285
VLDLR 0.00766449527898679 0.00774395569053834 -0.0308186123567235 -0.00267540933088505 3.27070241348357e-05 0.872659586864405 0.495369809135057 0.945540747102245
CHRM2 0.00682609052258442 -0.0340992150663521 -0.0352285290828874 -0.0115911571950743 6.81920653724182e-05 0.494731613689293 0.495034201239369 0.730432596919925
PTPRG 0.100328841140679 0.0420101141426298 0.000928365095323746 -0.00191872495544941 2.33684969423956e-29 0.223831227328256 0.978785866123545 0.940481697516466
IL10RA 0.00858604978686249 0.0724061628921622 0.166435178342626 -0.000311368321088841 0.000353803710201451 0.129965612404983 1.80456442794969e-05 0.991338397204374
THBD 0.014211939131801 0.00919966055982129 0.0453011018524117 -0.028984550427998 2.03707086437029e-07 0.79143308282513 0.301914209537344 0.391208431595445
CD46 0.159598670636506 0.186472745405406 0.0748699725481444 0.00573606872710051 2.76766897515355e-24 1.5500622584936e-07 0.045681546287768 0.824146318018705
CLEC12A 0.00651859595455145 -0.0240858408419328 0.175512911627299 -0.0155618142823906 0.000595407202303982 0.637299270330443 0.000685316682495533 0.657472867982937
NOTCH4 0.0137593761840678 0.164841686552592 0.0779487656025011 0.0694498640639985 8.93089934108489e-06 0.000107142083082352 0.0442786052875264 0.0205442606792526
LRP3 0.0182869844464523 -0.00633938515355151 -0.00872340163178103 -0.0077340680159429 1.51421970202462e-09 0.883166306154025 0.836883234380389 0.809779880850915
KREMEN1 0.0224919539017724 0.0100504713050847 -0.0539846496687636 0.050404441585616 6.40367438023787e-11 0.799443602811743 0.205504231768964 0.108514509039188
ATP6AP2 0.245062516103505 0.202036369596779 0.0893106653283147 0.0350350800940788 3.30267634167151e-27 1.76437947690805e-10 0.00863968540795221 0.147371208554735
AXL 0.00403547928725613 -0.00874601181409405 -0.0162808265997335 -0.0087303649675483 0.00260319098096605 0.787407096379512 0.722132986879177 0.829124672431078
NPR2 0.00764950612483921 -0.0207376442872497 -0.0139785089362039 -0.0119952445502078 5.19079764489748e-05 0.572427115316483 0.748605333532522 0.69257885139217
PTPRJ 0.0528202407493935 0.0236021387898749 -0.00271026065020949 0.0266987959858889 5.32588828365332e-19 0.511586341079099 0.943546402727666 0.316818742400157
CLEC2B 0.0173347073828489 0.0440704597093587 0.0489433686175509 0.0156915156452817 6.97313685883218e-08 0.308973081873399 0.233702770462274 0.609101994916619
LRP5 0.0157703248000168 0.0267393920257626 0.0039221598871327 -0.0265260644423198 3.03942176235876e-08 0.463847508162448 0.927451667988466 0.404624299108008
FGFR1 0.0991664801635 0.0780640315707551 -0.0306370018123859 -0.00105258083804481 3.55932630263694e-27 0.0379318891177948 0.443439116789405 0.968671318532724
IL10RB 0.0288050524546576 -0.0475944647148195 0.0701543052943583 0.00180227329485166 1.38425823596091e-12 0.281768930959829 0.0691012468926932 0.952627232297782
CLEC2D 0.0175214515514844 0.0306601917124489 0.156576786788837 0.0540093060014722 6.00529333053949e-07 0.399027359354489 3.80839728318553e-05 0.104945729728846
FGFR2 0.00385952215424084 0.13338114984727 0.0283591635005144 -0.0143703415191576 0.00862653121841364 0.0725074490452183 0.535104594256433 0.680625477081227
PTPRK 0.0473719290007436 -0.00518141416626984 0.039944166099558 0.0189136229005126 4.83625487298566e-17 0.90986536739677 0.258883341776929 0.523887127017044
IL11RA 0.0112861655774225 -0.0309099434216974 -0.0435503180092309 0.00273989538341922 6.64269703134021e-07 0.41013000006411 0.313945551497192 0.93931466301896
CLEC5A 0.00598980468877687 0.120638391709451 0.108778039544496 -0.0449632873462871 0.00118969062647848 0.0124788775477235 0.00826049363801016 0.218604320234869
THY1 0.0585832817752963 0.102608664192928 0.13084508342782 0.0651021120997508 1.81814973442144e-14 0.00410063742190652 0.000133791310699795 0.0135314768146445
BAMBI 0.087895873170239 0.0256571603857412 0.0478740460551041 0.00842248529044584 6.03208761726549e-24 0.524460056155241 0.217578013323711 0.753532991776662
LRP6 0.0464391093547245 0.065906718710426 -0.0589284451051762 0.0383044661521 2.26915041886861e-17 0.103802622002831 0.136878064517424 0.163334018474207
CLEC7A 0.00740642513965641 0.0558013083960396 0.20257551231361 0.0488123485423768 0.0012322771988291 0.214302164040678 3.49075311607518e-06 0.104744568724237
TIE1 0.00731203543628857 -0.0188321843342587 0.143871181259562 0.109795356714504 0.000863914971884282 0.620889012898009 0.000309831632310143 0.00170348498816761
NPTN 0.164417622324556 0.22275692764026 -0.0108763342488092 0.0421766443006241 5.69405456620556e-26 2.7161665587156e-11 0.769950263092807 0.0962037122069678
PTPRM 0.0471427528386032 0.0153471714994898 0.0330939148282459 0.0205059294764941 3.42709985922201e-17 0.68170199333683 0.385405097102145 0.440094761826516
FGFR3 0.0382943620041035 0.103173575420212 0.0144705904267233 -0.00917871035010358 3.64503841782222e-14 0.016980455061457 0.695351818018093 0.744802860662107
TLR1 0.0119681242206444 0.0675029831205441 0.00557782904987293 -0.0136801259836268 3.38924968827423e-06 0.185512533437297 0.900334515267136 0.659948852243431
BCAM 0.103957822830143 0.220863034660277 0.00243359020970656 0.0734195808154308 1.48750146088414e-19 5.37751828680385e-10 0.948145828258994 0.00481837216160876
LRRC4C 0.0283005488261643 -0.054494787143357 -0.011715577938735 0.0868370898057906 3.90334782101742e-12 0.239041209532591 0.781817274502703 0.00595027490729854
NRP1 0.059159256742602 -0.0291437033608773 0.017280061230261 0.0695298162479355 5.20559097402554e-20 0.398573861084013 0.641455783386096 0.00960088270203194
BDKRB2 0.00603320654987735 -0.0189782225463578 -0.0220842750117872 -0.00952734319339655 0.000250255124815093 0.640041738694413 0.650371215062719 0.796093935602911
PTPRN2 0.034477179729262 -0.0225806732272544 0.0350343959971529 -0.0172277562871281 9.4667982081418e-15 0.562107421035996 0.413821150873581 0.55681715156287
TLR2 0.00643298604933729 -0.011190235577579 -0.0181469575804335 -0.00843704707025436 0.000295814194562654 0.766014085923647 0.673440393648864 0.819439166148307
TLR4 0.00689246926151489 -0.00920741711150121 -0.0268657569598366 -0.0110050178124725 9.62793615062372e-05 0.825735660910026 0.542174385062989 0.765626747827765
NRP2 0.0140933447218804 0.0482931257590133 0.0300204898566077 0.00351085297645713 7.69049983323815e-07 0.130928564626252 0.430485297972473 0.917185456776078
IL13RA1 0.200720411869533 0.0645083829407923 -0.00706232383311494 -0.0267318713467714 8.76948870041806e-42 0.0584954718902827 0.843826671581282 0.290782570007114
PTPRO 0.0138279221969093 -0.0377346902449561 -0.0208143629486919 0.117897320410363 5.83448910107092e-07 0.493073426611011 0.621085145902452 0.000102926115786569
FGFR4 0.038056877519318 0.0353670895770833 0.0031694947595478 0.0289558951202046 4.828884309831e-15 0.380664645820576 0.937417330033567 0.346056420887265
IL15RA 0.00811340822938204 0.0102650774407677 -0.0277921855728415 -0.0109873568569421 4.54491309841872e-05 0.79078369639265 0.542587441672725 0.73335618212993
FGFRL1 0.00941046403867983 -0.0267146938141147 0.0415591875730769 -0.026110395496778 6.58702750956032e-06 0.557456813967757 0.360823029575201 0.390013780695563
FPR3 0.00459098744026497 -0.0202365120219895 -0.0637731727421801 0.192299759560538 0.00287118646669483 0.686984021010779 0.175083559413958 7.22557238201561e-07
PTPRS 0.0263169770765861 0.0437077503200155 -0.0170317583566978 -0.0420443442885144 5.18634346171752e-12 0.299714048115628 0.6929980462229 0.165597258462764
FXYD6 0.00599528741445046 -0.0238947405168378 0.016549130745381 -0.0207375982137011 0.000397015656838663 0.612281686532663 0.716795655880476 0.606530134864533
FZD1 0.0362145073066835 -0.0386361262287218 -0.0441639012864556 0.0907761517076126 4.27933271119509e-15 0.302854545744658 0.286673527351488 0.00316641856484098
FZD2 0.00629572632430159 -0.020697950515926 -0.0200312952231046 -0.00998220896196347 0.000249245913380042 0.633011656382224 0.619349146773334 0.762946551912168
