target intercept intra juxta.15 para.100 p.intercept p.intra p.juxta.15 p.para.100
CD14 0.0955222086922037 0.20632720529101 0.0745287294628616 0.154065196673949 6.22275861488307e-12 4.42685349363423e-08 0.0164437492775759 1.08175641442437e-10
IL2RA 0.0603631459958982 0.322061231737933 0.214042382882684 0.0533433171860667 2.60302880091393e-06 3.35785258471756e-20 1.20529415393391e-12 0.0246327573495304
CTLA4 0.0463671169174123 0.181768260420577 0.0968177067268075 0.0138828762968158 9.71552851173779e-12 5.61575116522829e-06 0.00271418924796479 0.59852412537526
CEACAM1 0.0412377450384917 0.238225824462872 0.112853701748256 0.169435056743893 4.49216850610827e-06 1.28335022374904e-09 0.00033633562710709 5.77219642317023e-12
TMEM45B -0.00842393933631549 0.475477106196921 0.210734422487367 0.224146921247058 0.585796754639812 6.93410634500256e-51 1.32429125235524e-13 5.0271390969186e-24
BANK1 0.100398727846812 0.208247180088841 0.0890079312977425 0.167403729996562 2.61062842460014e-11 3.38145088821071e-08 0.00430514513923019 3.88567589348322e-13
PBK 0.0603624894389848 0.495199365858919 0.148267301311495 0.0737833560660331 0.000551148863099195 6.17151893882446e-51 3.40597989128939e-07 0.00104654658739933
CD68 0.166293910565339 0.215229055963892 0.109013523333486 0.0296012352971192 7.41001483815631e-19 8.03948331038953e-10 0.000268997404853063 0.220171728728165
FAT1 0.045400734895798 0.488891089354535 0.10211150102992 0.119007708577026 0.00244236673811828 1.53179065138593e-41 0.000690077505208529 2.64350289872968e-07
ACTA2 -0.129295412355918 0.666917287660934 0.16135263286594 0.379946348231022 3.80351168920355e-16 4.46445995155752e-145 7.69993715932835e-11 1.12625072777177e-78
MYL9 -0.210291410251591 0.627983016067914 0.286425185758678 0.258588016957727 2.75076953210094e-20 2.12485958605513e-162 8.80953272158989e-32 1.32911417058606e-38
SOX18 -0.0105469640285641 0.593876577640573 0.195822363285075 0.160670732550647 0.402142665138316 1.90697528350674e-85 5.49021550148668e-13 1.77726264847077e-12
GRB7 0.0488356086015025 0.392034194281019 0.245955034549623 0.0857948349089581 0.0027162194674257 1.95564919688141e-29 8.2716191679031e-17 0.000225879110352161
RB1 0.0868183993942729 0.389164233538603 0.137303259492192 0.130732051689393 1.13614182011437e-05 2.3362436613935e-28 1.73363744574782e-06 3.77870023879987e-09
MAPK13 0.274628473334931 0.286948307200898 0.0979992233917373 0.0692495112937133 7.07929665572129e-17 1.70980951656318e-16 0.00127352131259107 0.00216335099434683
KRT19 -0.951625754932513 0.797486852257321 0.164183360921443 0.203803331159032 2.59412947434786e-55 0 8.39231326488197e-16 6.33807269204732e-33
ACTG2 -0.0280786828279111 0.549759845321376 0.305236806070048 0.30860539274362 2.59439787185304e-05 4.30454867536243e-77 2.68657388726856e-30 1.8873966266813e-40
CENPF -0.297526624790239 0.801047898079496 0.191922363948751 0.339945411848195 1.54352689541018e-43 9.00099833949748e-295 5.66881634410546e-16 6.2204080786835e-70
PDCD1 0.0643038880926294 0.147109941118545 0.139300122690759 0.122322123382273 2.03938148819648e-10 0.000177374480389256 6.59347931897518e-06 6.73578747587655e-07
CD163 -0.210291243095624 0.89571930363522 0.10233428212183 0.263050734569157 2.30106646077801e-20 0 0.000117319176434365 3.55942042906338e-38
CTSL -0.209016207757224 0.693526600935435 0.223187358306032 0.16402773254237 3.42794457382967e-05 2.95939992406244e-150 1.81865922200345e-14 6.27647511211379e-15
BCL2 0.131850354673984 0.117396424348676 0.0970661322284273 0.0363642269142387 9.4929642233338e-22 0.0022065751676238 0.0019016493639086 0.120271106503802
CD69 0.0788769455708601 0.293080722008824 0.134418678912126 0.0358740191897565 1.00312965387435e-10 5.00791455022461e-16 5.56472980102864e-06 0.14153424951135
FCGR3A 0.270194378458655 0.275624134423978 0.10072601275316 0.0859232858250232 1.9887823072929e-16 5.05574127763432e-16 0.00106754250856039 0.000130244954291171
IL32 -0.0285072234896398 0.525094260851217 0.185545255591487 0.249202338904867 0.205972454712037 1.83471322717259e-70 5.14795200246052e-11 1.01499491196744e-30
MYLK -0.142572719053515 0.585144109627191 0.224945225258552 0.280927094453593 2.34870853874152e-08 1.14942801437464e-117 1.64150717960129e-17 1.86072857935175e-43
SOX4 -0.0675639100365348 0.565915217919035 0.179974954520501 0.242024650080485 0.144826503770313 2.5848545336112e-82 1.74477443717425e-09 1.74087988264115e-29
GSN 0.143392369178328 0.267425635185858 0.122168994805258 0.144430594411441 1.10159433974939e-10 6.96874390192686e-14 1.99960313327736e-05 1.17980650153103e-10
PDPN 0.0644258859405429 0.113424998091803 0.049307828567492 0.0531768274963142 1.43136695805083e-15 0.00707484101573985 0.1070002824474 0.0445023978605376
KRT5 -0.088131076389413 0.38091342988618 0.164356052860729 0.473181197609092 0.00443445357265322 1.64542595129171e-34 5.82141828580671e-09 6.14598273619961e-133
CXCR5 0.127383309218368 0.0619978138561497 0.0567812859563586 0.0353431922945291 9.19419681774551e-25 0.125231578841925 0.0687196348668127 0.142140334776602
MAPK3 0.0333695075109046 0.542210950578096 0.202497142847907 0.147720849041688 0.368123516398833 6.07324752008815e-74 3.77274647471482e-12 1.36371864066166e-11
TMSB10 -1.95071746257698 0.86938111233115 0.16376602247318 0.26595203699172 2.95795758221127e-22 3.02469130888971e-264 8.22200667060371e-08 1.08323917788869e-42
CEP55 -0.169988266455299 0.750260860159775 0.235394299370028 0.164859984548942 2.34469586692472e-11 7.92089981874287e-192 4.91983725145182e-19 2.472024347092e-15
RPL13 0.31745538901489 0.0983419843163982 0.099077149018717 0.107529967961152 2.30932359758636e-25 0.00684062653331655 0.000946222936878158 1.51610828777329e-06
CD19 0.103650613300906 0.176588926687185 0.11678044347636 0.0538921365413226 1.9703541477415e-15 5.66979968727353e-06 0.00022471048446149 0.0261891551100636
ACTR3B 0.153496286766595 0.33286002392187 0.156845395099546 0.0594499720869052 5.44681932035249e-11 9.0771067542904e-22 2.66778799338353e-07 0.00774553625949684
FCN1 -0.0701357286188521 0.529405657025651 0.0960497129233658 0.532853542481984 1.32123471192554e-06 8.62019456615537e-70 0.00110451692149981 1.48616568561798e-150
IL3RA 0.0592260043543442 0.417529751480349 0.0838134928188416 0.107463247207818 4.83450810762923e-06 2.00900737661654e-33 0.00449614102654246 7.05828456936315e-06
MYO10 0.0155671059987737 0.467610080099625 0.179726042119892 0.21549567300094 0.469451738165456 9.33339054481881e-48 9.5846755288311e-11 3.79437261991731e-23
BGN -0.564252213980181 0.814824011669718 0.049528650688472 0.336205101023293 2.27053152064733e-39 0 0.026925950876133 1.87764339684484e-79
SPDEF -0.198232778310406 0.748365751862258 0.22119257571762 0.143893622100552 3.81911994379029e-10 4.21610299758682e-217 8.6971053461752e-17 2.74949062594069e-12
GZMB 0.0510606464794334 0.271721772955724 0.0775651830247639 0.288323294719209 5.37452308388658e-05 3.16350034287485e-15 0.0119437932823224 1.17138687383042e-33
CD7 0.092194867074708 0.199880156723488 0.153618417773036 0.0495090370706008 1.14139803972594e-12 1.8261663739164e-07 1.88274205929943e-07 0.0423500314188777
MDM2 0.0816364702395297 0.21661214219875 0.129772262684972 0.18471139341841 2.16144731642927e-08 1.82581754453263e-08 2.75401810793466e-05 7.00245144647526e-16
CXXC5 0.124405381794944 0.297036473471295 0.153070731017515 0.0855813765066775 1.23880922851851e-10 5.79415121784649e-17 1.55002075360492e-07 0.000164943198134928
PDZK1IP1 0.304935214362844 0.315370069849063 0.0911550340167859 0.0309693882843818 7.99259909827707e-20 1.93234189276397e-19 0.00328523673247162 0.173605210523811
CLDN4 -0.0267297201759657 0.522755979864061 0.214962550976748 0.227761950153033 0.0930899896775968 7.85680988330382e-67 2.82665485708565e-14 2.06548719386597e-25
FCRL5 0.0324891293020607 0.196488726149743 0.0900435145583735 0.218573753531503 5.16174930014442e-06 3.56738038235029e-07 0.00470228215777094 2.92491684587308e-18
TP53 -0.111142779710352 0.633602973223788 0.187479994332205 0.196295400580101 0.12920884439527 3.01268846860631e-99 1.35869067851459e-09 1.7318210271035e-20
SPP1 0.0655512737144937 0.0148136170939203 0.101788251137521 0.206558575577112 3.57151147159202e-12 0.723456007645756 0.00164383261699879 3.62983923211328e-17
BICC1 0.0879880327974761 0.234778429932274 0.0495440903875035 0.0569513834435676 3.4780727752961e-14 4.43772971204145e-09 0.115045058292134 0.0202919580710908
IL7R -0.080805895987386 0.677685837731413 0.231957760349548 0.407356374796163 4.56153093595831e-15 1.67815096018722e-175 8.91132523083685e-20 2.62096664435652e-91
KRT7 -0.733958379080036 0.775212691408043 0.153707536517922 0.22667196975567 2.61822931869885e-36 0 2.5663048778344e-12 9.19157550607061e-37
CD2 -0.143316209064915 0.879612240438196 0.154219390900813 0.278654499332926 3.46801394150255e-22 0 3.55398326062467e-10 4.11484479912786e-43
ADGRL4 -0.0230392769037322 0.687933467558888 0.244756656859732 0.0868760890889609 0.0356447193358787 1.43293796557345e-116 1.19828577626622e-18 0.000175821967271082
RPL18 0.290093934069866 0.15164436440409 0.0998286184429341 0.0588206325898939 6.05581646203087e-26 4.12780650474152e-05 0.00101450843889674 0.0110071949829858
DCN 0.0159343972816312 0.333460701814545 0.163286589013996 0.298315583082048 0.151205639418769 1.75682307886415e-23 1.66078021178541e-07 2.19782388460497e-40
MYO5B -0.134867960526163 0.690729724522324 0.213962204786061 0.152652838065619 0.000169714144330514 6.59731603236457e-155 2.94161834773294e-14 3.61654572622609e-13
CD74 -1.61207985364196 0.768037814454684 0.17516349745293 0.412558732302103 1.77794462410482e-128 0 2.55381524101276e-16 5.19512022385253e-132
PECAM1 -0.0832817234632003 0.829040899234 0.156614074142191 0.161058161564947 1.66956274154456e-08 1.72734689967457e-277 7.46920073902079e-10 1.93165178464762e-14
BIRC5 0.0916035980911859 0.216545450735401 0.089343307154402 0.0390301106790545 6.99291522810222e-16 3.92045636105378e-09 0.00325280492172428 0.0980936484186141
CLU -0.535667879210121 0.593174963998336 0.168963080281828 0.469092526154528 1.90956832498885e-31 1.00271560179856e-142 8.96961639682778e-11 3.4936453688815e-143
MELK -0.175334091976374 0.842130026905856 0.120243555377286 0.246723233934735 1.96896503505382e-15 4.12116775727215e-252 9.79824348729939e-06 1.00305358892561e-31
HIF1A -0.396517211628421 0.604920276767003 0.279200568411342 0.30643305757073 7.32706640221733e-13 1.38867579978606e-98 3.6930083527045e-21 1.93603841802045e-53
STAT5A 0.212575398483193 0.169385943077481 0.0549349081123164 0.00111958537552581 4.33222991142363e-27 8.3370292993311e-06 0.0699219539802415 0.962561286496177
FGFR1 -0.0641145942849199 0.800169011133899 0.0806896687643107 0.129321063099277 0.029384587639859 1.29617435446586e-187 0.00456674555240327 1.20410137315435e-09
ISG15 -0.183473710286818 0.19332176367138 0.300554368289985 0.566763369793174 0.000458105968195801 2.46257449686082e-10 4.21510994625707e-26 1.077238583138e-243
PGR 0.0346534050146012 0.163921167596978 -0.020268300591221 0.0130424253316745 3.45780393092259e-12 0.000153372983039549 0.534683128737212 0.623512124613255
CD79A 0.103313277644607 0.144857989292543 0.0899420420078615 0.0481026925325295 1.77434053563305e-18 0.000147452939503372 0.00306718057665513 0.0456512292131124
DERL3 0.12778669598166 0.162034941045548 0.0995128538597256 0.077858366883644 3.92819640415584e-17 1.46975437182756e-05 0.00169857564935701 0.00106267121985293
MZB1 0.0703821571726823 0.315044947087703 0.149532654673572 0.163290067060218 2.45029892972144e-05 5.02415018507638e-18 1.84744766197102e-07 1.2025983126969e-12
TPM2 -0.146831061851232 0.700782632846569 0.218252546722434 0.16595238776446 2.48142583494089e-07 6.31289359858996e-173 4.60101394573312e-16 1.07853164799676e-15
MIA 0.05309745746138 0.131267659759958 0.0473886238594246 -0.00418766121129552 1.21930306005785e-14 0.00209705888867128 0.15114106856316 0.871379691978754
AGR2 -0.0386217236697775 0.58728087812437 0.195273081895264 0.188877585138714 0.105069898428935 7.36047753066072e-90 4.44212805938316e-12 3.68254900442853e-18
CD24 -0.832472876849094 0.700118081786452 0.160200128618869 0.309955333382881 2.41590890612065e-50 0 2.04833269126236e-13 1.99841454594764e-75
KRT8 -1.19577125419634 0.736918668266761 0.22149382200327 0.225736603502005 1.15872852568885e-79 0 1.03922720716722e-28 3.46192319211187e-41
COBL 0.00283926309005143 0.467852125554223 0.225957220863489 0.199183633841012 0.906117331782369 2.45449942953019e-50 4.3357124270056e-15 1.41176266170825e-20
BLVRA 0.222680344068107 0.133967725107594 0.0362147164882167 0.0360690430778028 1.72271260296844e-28 0.000534429912593802 0.234581574665822 0.126544246275749
HLA.A 0.0735506594005253 0.401641276696985 0.164572140188931 0.166132828464878 0.000692721869836674 3.6606558674062e-35 2.54455070899919e-08 4.09168140860257e-14
RPSA 0.153824757642935 0.494905874130215 0.229820885855446 0.130503475268016 0.0192499254300698 1.14018194944226e-54 2.52205439649947e-13 7.17528297755044e-10
STMN1 -0.708986258427876 0.692968948000356 0.237221379529328 0.303889542546614 1.36688879794474e-31 1.81960268783489e-196 2.80956390197219e-19 3.36114500705146e-55
FGFR2 0.0618984230244522 0.481928467066708 0.115224706179683 0.0863759462665669 0.000141775716778808 8.98836727830128e-47 9.2374368469792e-05 0.000161733188839566
PHGDH -0.167569499605515 0.58884223616686 0.218941692623503 0.273046691089432 2.55170086706946e-06 2.08819139564634e-102 3.23672899112858e-15 1.55669995059929e-40
EFNA5 0.0608623872169508 0.204455133946342 0.0839629088090117 0.123617510139107 4.1830999711147e-10 2.3451871421308e-07 0.00836280303684231 3.47721285711585e-07
NAT1 0.0783417837998429 0.0325509686555997 0.0400838585719693 -0.0168652934559953 1.68836597179465e-22 0.45100143558834 0.208729641411402 0.520548383380055
CD79B 0.0969324476360643 0.0781644570414629 0.0896163841356807 0.03087675614989 6.88622119187271e-21 0.0480920749885161 0.00364557678755922 0.228636106563942
ISG20 0.251438142565401 0.228242223191121 0.146081111396189 0.1365743654538 6.54140655921429e-15 2.99051043151973e-11 1.40290703605004e-06 1.06239685485791e-09
CD274 0.0733389109905584 0.145500884011505 0.0912118587408123 -0.00708704633052024 8.22202076221994e-17 0.000439368560019851 0.00291078503141482 0.776498099298666
BRAF 0.0718219334203373 0.121176023955463 0.199609628284433 0.0301444377177618 1.45806025900122e-12 0.00233220629330311 7.55299386445184e-11 0.222580395961627
LAG3 0.0906591317237395 0.216298977967082 0.131045543657291 0.0827849036671199 8.18991158191492e-12 1.0118053986445e-08 1.67247229752247e-05 0.000696185760210216
PI3 0.0618673292033387 0.110164611562163 0.0446289922229282 0.0814527550022099 7.80174763333791e-15 0.00704771881435043 0.171608507412495 0.00107135417149491
TRAC -0.0360663578243375 0.675410345717296 0.219796103553604 0.189879483631735 0.0011837023352543 1.60003362452372e-134 7.06916957588932e-16 1.12434854625977e-17
MKI67 -0.258786968870247 0.820318229446545 0.223357849854868 0.269511281818833 6.54094898447001e-34 4.61863824142385e-296 4.36292470236472e-19 8.48317103170206e-41
COL1A1 -0.840036148266872 0.971152361867563 0.0775544633710333 0.24302551020894 4.28969632061808e-94 0 3.46168538360302e-05 1.81832540058288e-47
HLA.B -0.363786962433441 0.818371529731919 0.143790649529624 0.233661041586689 2.63386233207517e-26 0 3.11040038583901e-09 3.61187894435225e-34
FGFR4 -0.31186953155651 0.774507424329331 0.100292174291007 0.370047455777944 3.18453382896963e-32 5.61481277513806e-275 6.18535726584546e-05 3.24329002228171e-83
NCAM1 0.0778801088689333 0.0440858959285176 0.0869937370586991 0.0270060836184249 1.33463271155207e-19 0.281114161467204 0.00623662250341513 0.274423855330258
SULF1 -0.0789533382460075 0.539609677287388 0.256684820054107 0.331815355889508 3.60663319374939e-07 4.55612839154045e-70 2.0672745231755e-20 1.64293437665021e-58
RRM2 -0.0134597002257354 0.663203072066531 0.0951056140801995 0.189897905578674 0.377206998462289 7.18660057646416e-99 0.00102578686717052 1.47750151848455e-17
AHR 0.0616206199866694 0.417800080958854 0.130154880619859 0.216085926230014 0.0093384896482586 2.33821805487939e-34 8.9909198966507e-06 6.97774131797567e-23
EGFR -0.275222639560409 0.837640511099452 0.0954654768121629 0.250180722259738 1.91438728630317e-16 2.37342648899268e-274 0.000421052472861796 1.8620009376633e-36
CD8A 0.0741184496931833 0.212104605440564 0.0960138457058872 0.0403724299466 2.402845771447e-13 2.02904341230403e-08 0.00178090427118342 0.0986472337695846
ITGA6 -0.173820039831705 0.966984803737249 0.0175950267466451 0.310971249982034 5.62604763663568e-30 0 0.416640735430715 2.24743794693602e-63
C1QA -0.0549619475534647 0.62760717026088 0.20751992256019 0.168959713461355 0.0250871189924668 6.92076233663972e-124 9.25789245040748e-13 1.29307461788422e-14
PIK3CA 0.100692039996073 0.396253596645604 0.155203910720736 0.090647412126787 1.18384368613266e-06 1.5741686179932e-29 1.44737852412691e-07 7.03127822231506e-05
LAMA1 0.0940895657082591 0.034413576045544 0.0357738273552418 0.0332042495660214 1.0357527312655e-22 0.408237536290348 0.268677830831652 0.173286882296583
TRDC 0.111313852690551 0.160850255790896 0.0714614993272969 0.158035202067842 4.19654334120723e-14 2.49108167726326e-05 0.0169447412716872 5.09480250602844e-12
CD34 -0.180600925051462 0.965069672079337 0.0557214365624365 0.214524695631575 6.54245891417704e-24 0 0.0107771402294659 5.35529642552802e-28
HLA.C 0.0253000805171927 0.560342614802244 0.196320338392525 0.0940410396966271 0.202508356052215 3.15257958695972e-81 3.00957539879967e-12 1.77658180412419e-05
TAGLN -0.0623006062809876 0.654012699029895 0.194680824168026 0.285882613360046 5.10684061924031e-08 1.30455567946795e-127 9.5852559806271e-14 2.65075194962314e-41
COL1A2 -0.705806658711699 1.00791602931664 0.0315593812875778 0.185363822558306 1.14581035928157e-69 0 0.0829235793650588 2.59546197035176e-29
FN1 -0.71922164354586 0.9426557795387 -0.0695367468104846 0.39423068441371 3.32992444352211e-73 0 0.000457045077683995 8.13817063681019e-126
CD9 0.038594785630761 0.467185673539151 0.229324034594111 0.135457522627065 0.114381884821478 9.39970355419306e-49 3.40605183316781e-16 9.67546632565355e-10
EIF3E -0.187986288641739 0.607541160858225 0.262849477879335 0.198439927979993 4.86358128998344e-05 4.71145770369111e-108 1.05044639868003e-19 1.67083616482848e-22
NDC80 0.0138412110608776 0.504560589429332 0.174089234384895 0.145455486289599 0.30000747799366 3.34755501248723e-52 2.72119694733777e-09 4.15649521913339e-10
MLPH -0.166426773256864 0.948710528285616 0.0785845061399117 0.120587442971444 5.99380216282437e-12 0 0.00204088194947355 6.83972753053039e-09
AIF1 0.12643067838802 0.0984079880545713 0.0587010446347815 0.0514328142721272 1.2175406211048e-21 0.0129141508735492 0.06507600902493 0.034845010114864
TSPAN1 0.0445332732663117 0.216640615718756 0.132520825508162 0.124781074825327 3.88955571175479e-07 7.68151299806073e-08 1.74222293659692e-05 1.76090324929041e-07
S100A14 0.0482228465141556 0.310207638918277 0.221191954959717 0.284527791486241 0.0848788755299092 1.24375432052243e-22 8.53289896964075e-14 6.46831123956029e-40
C1QB -0.0318795356820049 0.722851747104412 0.163004646413471 0.0990832953132855 0.133719983819037 7.46953282610295e-171 1.21590792161395e-08 8.03697629903713e-06
PLEK -0.0223290081946249 0.623827301912818 0.161794351693057 0.170867973010878 0.318317513958611 4.50231352793547e-122 2.14976891923947e-08 2.32815361574363e-14
TBX21 0.0816417735636646 0.169401522000804 0.0620787772783111 -0.0372735969463223 5.89195541833103e-19 2.57927361297403e-05 0.0492080257217278 0.127181251214589
LAMC1 -0.108148208228757 0.798088102220843 0.234472341473561 0.113015730890409 6.19965846224081e-11 6.6324637760646e-280 7.87384662571461e-22 2.69074943086137e-08
ITGAX -0.177477591913284 0.997347406011553 0.0625361044423731 0.218527323836964 7.12682887367159e-18 0 0.0201089856619301 2.18279244133267e-25
HLA.DPA1 -0.177801178949755 0.797730153942415 0.150641746827933 0.192749283713513 1.65671614193573e-10 2.95656280763492e-287 1.51847725528019e-08 6.10425462546067e-21
COL3A1 -0.49182182566791 0.935860037514688 -0.00782311010971845 0.281885101177475 8.64666566745663e-46 0 0.698284050682801 5.94509763115672e-61
CD96 0.0272656037104047 0.554562540438863 0.123468170737844 0.108530847812976 0.0484876962321126 3.57233401800979e-78 8.46272718238702e-06 4.95822633877106e-06
ELF5 -0.102303918545059 0.711468678014815 0.186142043771715 0.1530053980633 0.000337378442749831 1.53597670045458e-150 2.46437575969558e-11 7.21683224353166e-13
NDRG2 0.0176005827809478 0.471631661651715 0.208074862477186 0.175327167635222 0.394883564867433 1.28595953664428e-49 9.03435002753593e-14 9.83632572058251e-16
FOS -0.264760786331238 0.393285550329098 0.168606544445693 0.53160640239873 0.000499203103793953 2.86796215975711e-35 1.80921149147337e-07 9.3198171074391e-183
TTC6 -0.0577226055666388 0.693314997133122 0.193566034212138 0.157219738120321 0.00113464091794384 1.13825596554727e-133 8.01309388358421e-12 3.78294176632181e-13
CD36 -0.101402864661428 0.449990553249333 0.180924231677805 0.402697960187596 0.00191426573364843 1.5218035800148e-60 3.30849001228792e-10 2.55238328241066e-98
CALCRL 0.0179544463103083 0.535503623705623 0.13566658347523 0.145825946237514 0.186313357848312 3.04478669271783e-65 2.7547859051573e-06 5.46298637730235e-10
TCF4 0.0303357969832751 0.45554469150718 0.194676947224356 0.120851187721182 0.0281582381474874 1.04739438315579e-46 3.46199988476043e-11 2.20741805569014e-07
MMP11 -0.310702863344611 0.726697048592373 0.0686659239124777 0.597430783560518 2.85908947823343e-39 2.35524410904319e-248 0.00829580699667468 3.29838477681134e-229
AKT1 0.0602291869872392 0.564171140278037 0.216882156459409 0.105137305427201 0.157213769211911 3.41095793065628e-82 1.54089300243166e-13 1.75588377920278e-06
TTYH1 0.0559239929448782 -0.0690963885700118 0.0722321094379237 0.0384367994876305 1.3202828398591e-18 0.120318083786962 0.0284909528531325 0.136619759759891
LDB2 -0.264953161269037 0.844161449756778 0.167504077236779 0.240684299828763 5.42774333865521e-28 0 1.05793309688919e-12 2.13016355569653e-34
COL4A1 -0.617185325837603 0.900929184301656 0.171773165202015 0.225972703903082 1.71461714085592e-106 0 8.82724374302083e-24 2.34061871799557e-42
EPCAM -0.251586220715351 0.798131866623057 0.135622037766856 0.198316777436617 5.82495629334214e-12 1.06437509983754e-268 5.32526499229945e-07 7.88152407956405e-23
PLVAP -0.35256746701469 0.952630359041979 0.15948093009988 0.22090639997952 6.01186597992213e-46 0 4.16941770762352e-12 6.42799376228812e-30
JUN -0.395431932101168 0.512512569860564 0.186640470090487 0.41609268142476 0.00155645764186733 1.38720640018286e-55 1.03429732303419e-07 4.43578205769883e-97
FOXA1 -0.384738141511363 0.716170522877954 0.155890292339413 0.280061899343156 4.31458373431124e-16 7.64326942847538e-206 7.57541999125662e-09 9.34684372015585e-47
CDC20 -0.0371258124946192 0.562395393592376 0.176002675342032 0.220225088086197 0.179543901821177 2.03861370297311e-82 9.22870212024683e-10 1.35216144452999e-24
NF1 0.0822875537317909 0.484000464267403 0.105649333385799 0.129351439704146 0.000334114190352482 4.72919707467881e-47 0.00033938485170736 1.3577608254875e-08
CD38 0.092859921634799 0.152376316742816 0.093844637300406 -0.0064157400504482 1.33609351309102e-18 8.98977833697301e-05 0.00338649422472946 0.795001022844844
S100A4 0.189102602334744 0.403578245808193 0.133316002520619 0.17564224514197 7.51993093366333e-06 1.73008883298117e-33 1.11857315233801e-05 1.32714153259586e-15
TCL1A 0.0779506669004402 0.0193679795328621 0.0167436712570553 0.111979831350226 2.13927098111146e-19 0.633320707402352 0.608802312941758 1.55983026009914e-05
CAPN13 0.0491419526879086 0.298072927294529 0.136851199702223 0.0641315035924928 1.77186059835655e-07 7.99615084526699e-15 7.0248813356369e-06 0.0117197126761881
MMP12 0.0538096998807508 0.0185909727909692 0.0150256969825506 0.00405740813665053 1.67601757127116e-18 0.664457580951329 0.645151352512661 0.874050800763574
HLA.DRA -0.499302854843704 0.800602503172953 0.19401117224545 0.219933453572385 1.40168331914399e-24 0 5.17667120149786e-13 4.36219959878461e-30
TYMS -0.0976741179934055 0.686706427000996 0.183283535585654 0.203047804445489 6.80892663494944e-05 6.61783882339062e-126 8.05578523350635e-11 4.35464075502086e-21
ALDH1A3 0.143024215060594 0.317115410656759 0.124664642895597 0.186536228336368 2.43364350434751e-07 5.5276541314282e-20 3.44963566550927e-05 8.98264990081819e-17
TFEC 0.0418346985346535 0.17518525799191 0.0434799301115625 0.0868345315769509 2.54809701145009e-10 1.08412621077462e-05 0.195070923294516 0.000898607791376423
COL4A2 -0.512435458880401 0.918354457589994 0.13392620782601 0.217819964439999 4.38561225931602e-84 0 1.09351963835329e-13 1.53902574022615e-37
LGALS1 -0.309409574217408 0.660751177524787 0.229539551626138 0.212979685979151 2.08783120768089e-05 2.97652671030969e-135 1.42540014936786e-13 1.88717622049905e-24
MMP9 -0.00462299026751884 0.215587591352796 0.162331100563994 0.533640447727748 0.653574603145258 6.57839904773359e-09 3.10622840495799e-08 3.44090608531446e-135
ERBB2 -0.102703464549538 0.656324521166703 0.215770543816699 0.176710894448802 0.00023128335589959 2.51443103358068e-134 4.77165702833523e-15 1.20537583756279e-16
JUNB -0.481835373748146 0.660747671317759 0.209748949460782 0.284201458815236 4.70085455770298e-06 6.32522281208526e-106 4.03438023184132e-10 1.31151688232858e-44
CCL2 0.0542928742096251 0.173269535212328 0.133664420749958 0.216319681556347 5.46006382810661e-07 5.27163205454297e-06 1.12735095721625e-05 1.75700442942894e-19
CD3D -0.0865603894090994 0.969396136290859 0.061077801635789 0.151734810474374 4.24895669158369e-08 0 0.0244232161525657 4.03962962344817e-12
POU2AF1 0.11534728354626 0.17621410519018 0.046468324183743 0.00564558967510715 2.42024821524797e-21 5.97851042902606e-06 0.133489824673258 0.819333699956158
CDC6 -0.0138947773339761 0.622110741860439 0.121083573972233 0.204598996210494 0.398913017449275 1.36802027599321e-80 2.61941946090464e-05 2.44821447306344e-20
NFKBIA 0.129206994922697 0.389191104476021 0.183097822948875 0.180569959911255 0.00108682619280632 3.454699422135e-32 6.7916556173643e-10 1.82867654603904e-16
FOXC1 0.202612870235472 0.274736158762397 0.116890362426941 0.110467490497413 1.07325378089192e-13 1.48298066785714e-14 9.87379378779017e-05 9.02962493500114e-07
S100A8 -0.313486836792164 0.546004320159642 0.305094550914304 0.389427579113989 1.00653296042621e-23 2.42059845189342e-92 3.21983888514864e-29 1.17687526521236e-93
UBE2C -0.040815954846348 0.656782521656484 0.163272398667447 0.179366993062273 0.0189891374448848 1.57103434036039e-108 4.91684300002126e-09 5.54939154386963e-16
ANLN -0.269255207633626 0.852841602309676 0.170900704841639 0.247067588771798 8.91073269773091e-28 1.6941102440719e-303 3.64148325081821e-11 8.47988192784486e-36
HLA.DRB1 -0.0879782760178482 0.794832831905589 0.172368017324699 0.135089561819626 1.10500170709076e-05 9.33242190173513e-239 3.38160767103011e-10 1.10466792560649e-10
MS4A1 0.0673463209867886 0.0868526532404597 0.0689136464333946 0.0459225925390985 9.7209522140243e-17 0.028175425514701 0.0264854505274685 0.0696392423897774
TFF1 -0.364050360912408 0.462965183430689 0.261876754532463 0.421002745685153 7.51395281452162e-13 1.38218614301821e-65 2.14658523484525e-20 1.41904878298539e-106
LGALS2 0.0519248379582287 0.298281662303147 0.0369346782834073 0.0567785362597335 2.9033419551777e-10 4.55186281430761e-13 0.254949406776784 0.0263446304168968
COL4A5 0.173178255344586 0.241263910357891 0.166730171567922 0.0432954425934109 1.11351817206784e-15 7.70432367059182e-12 3.01353983806611e-08 0.059102373791056
CD3E -0.13385938862435 0.863631389799933 0.199478898595951 0.227198155349401 1.77534978395792e-21 0 2.49794553872508e-16 1.49864966370189e-28
CCL3 0.0614486977349064 0.272564119155379 0.165625226106456 0.258740668071177 0.000817233446563298 2.2603533730104e-16 4.90268566874769e-08 2.64335932424004e-30
KIF23 -0.213820060809252 0.903641776415558 0.184280362831508 0.145059806683893 4.0628699335283e-21 0 3.7526470491873e-13 1.38058523711347e-12
NKG7 0.00763197784278509 0.630567395426046 0.0839698250702457 0.166126370449306 0.529745797821874 1.13686382586816e-89 0.00481042680665503 1.17097005120196e-12
CDH1 -0.50016211918572 0.871948193976794 0.0758165713040627 0.23653104420044 5.93973690354537e-45 0 0.000229229042558872 1.37343761428968e-40
AP1M2 0.098963199123002 0.237410599197504 0.196684543009089 0.106993838892827 3.75995501040993e-10 1.66863162562358e-11 1.34077969153382e-11 2.779466608217e-06
ERBB3 -0.0844567772323878 0.723726282177956 0.181647422929856 0.151631862423508 0.000114263758622943 3.22652667365147e-163 1.08495116177298e-10 2.26218796916335e-12
FOXP3 0.0939102310483657 0.328214249500571 0.0973010927112095 0.156582289013658 1.11986763769682e-07 3.98549643458851e-20 0.00138615428769149 1.83063001973676e-11
TFF2 0.0937485502001077 0.297260380490743 0.17855941180154 0.0530633128209297 3.09674557078786e-09 1.72689207262263e-16 5.39133286985404e-09 0.0235694415821903
PRLR -0.00631947963194987 0.63063641289096 0.169258131383274 0.123573131549797 0.823418837391676 1.02175854948684e-113 5.34056293565828e-09 1.79602481676989e-08
CR2 0.0519986451258499 0.0737401411164278 0.0991669349387545 0.0506411532154602 1.68861609298254e-13 0.0871039200024779 0.00336453161491218 0.0454454369248891
UBE2T 0.0317672581970539 0.532526569632209 0.163237862527121 0.147820536931721 0.172913265562819 1.2326890892455e-65 1.03061585361627e-08 4.0623214716265e-12
MSR1 0.0397073799667646 0.573176577117261 0.0417365240867503 0.184941252433411 0.0633447969227332 3.12755878751912e-74 0.175162128176777 1.19867158031522e-16
S100A9 -0.467585568020366 0.511704484057375 0.285568274038443 0.461298818440579 3.35003259742364e-33 1.00741583166149e-98 5.10232382418526e-28 4.00519111416219e-146
CCL4 0.0457052858901986 0.240925787122006 0.0818117437686331 0.291281561781234 4.04257607758511e-05 4.28408481932366e-12 0.00937967757023258 4.21694381538523e-34
HLA.DRB5 0.118246655434249 0.330000531408066 0.106594309087108 -0.0148195801661959 3.52073625081863e-14 6.87199886878644e-20 0.00049834161785053 0.5310344016415
LGMN -0.622022113728618 0.779905614096679 0.174842914201726 0.300748808951494 1.47291503236291e-16 3.0604263069415e-188 1.02499484646072e-08 2.00634583099574e-50
KIT 0.019525896860972 0.249405474786073 0.144395192922368 0.431147846331617 0.238366951379835 3.01643632038624e-13 1.8238304056981e-06 3.40338990998116e-90
CDH11 -0.0276956041984851 0.791053298576303 0.0629471706148677 0.172770844969279 0.0538969563082874 1.81686644681092e-190 0.0279272850408586 1.15880331585381e-14
CD3G 0.11494010021278 0.265176171924647 0.103698823767411 0.0203934515549267 3.50586751093255e-15 6.16106943043792e-13 0.000608201935909038 0.390252188546653
APOC1 0.0927847820813483 0.377573254607581 0.14369194961521 0.18647316961108 0.000223258913772795 1.96556739376273e-32 2.57946934786152e-06 7.18947424994116e-17
FXYD3 -0.0679394668840636 0.64877734004488 0.250357588162988 0.110032814737537 0.0135034655311272 6.21330208312465e-123 3.24326841029031e-19 3.35855323773031e-07
TFF3 0.0477469760429297 0.37692411905661 0.221762468906752 0.189690016119457 0.0303675268025176 4.80924692489609e-30 4.31214578934663e-14 2.75263246466721e-18
ERBB4 0.109959400866866 0.290619740375938 0.131122952383168 0.0674107492412882 2.90593596976954e-11 4.61107409173758e-15 2.10723974381378e-05 0.00396515584726555
CRABP2 -0.549145921695432 0.675945246310342 0.218033353349182 0.288093701099457 2.70993282453124e-17 2.62111561790543e-163 1.0983301303325e-14 6.36705801358325e-49
VIM -1.47282067217331 0.83319023055848 0.134159879475401 0.273509630893092 8.88852288840214e-96 0 1.63911007432894e-11 2.07696560579599e-59
NOTCH1 -0.21965076463535 0.801561856204228 0.138854403965919 0.214787601662821 7.21177595709539e-12 8.76206902440913e-255 1.25211656987712e-07 1.31809432314716e-25
CCL5 -0.0158003212667071 0.62125893239124 0.17043976976309 0.191154909324406 0.207284254602952 1.73213046913253e-99 2.20994227189482e-09 6.13421555958662e-17
MT2A 0.181598716000455 0.0267682179067405 -0.0376320676936185 0.0622279709509786 9.08655573805045e-34 0.49728230325985 0.252947881354286 0.00980052789538182
CDH3 0.0593057731525395 0.112659593220453 0.0778848612767861 0.0887531964362799 6.94329922417848e-13 0.00541335483576228 0.0148746986111372 0.000497430814560858
PTEN 0.117962745009207 0.199078814084407 0.126792735068361 0.0546758581210633 6.67308711394704e-16 2.4901885613366e-07 2.16201233810889e-05 0.0201965200186245
SDC1 -0.362008278167154 0.763394618763619 0.136530031354213 0.261950074003504 1.61697939351362e-18 1.49112772747505e-262 1.43023635782896e-07 4.40603234068932e-40
HLA.E -0.538272407933361 0.838679541500761 0.139461992711752 0.243124678740495 3.67651578608258e-31 0 3.41879758980054e-08 1.1572488502676e-36
LILRB1 -0.0227027732771607 0.783284696126597 0.110526876849486 0.123996182130727 0.116089843500926 2.21404869346637e-181 0.000156837884709888 7.31935678681894e-08
GATA3 -0.306382015067377 0.737379841917927 0.0868535403086311 0.324554362245836 7.58489550978289e-14 2.99402325243e-216 0.00143335849174584 1.30804228107506e-60
CD4 0.139015684869638 0.22891341749763 0.111996476184406 0.174409768453294 5.5513857137127e-11 7.7606452674622e-11 0.00025088462386294 7.47476666702473e-14
KRAS -0.101367738955848 0.692377948189095 0.143739037714925 0.217859617254186 0.000281509283577203 9.32170434942199e-133 4.374250775062e-07 5.26764009099639e-26
CSRP2 0.0112882700461948 0.56548436446852 0.115300603698205 0.182610367827224 0.477137414518059 3.64082558990045e-69 5.16206181037363e-05 6.87512185271401e-16
VSIR 0.0570647542968873 0.261085811815951 0.116393559506812 0.100612171559256 8.62375343673863e-09 2.15497341430981e-13 7.02163792117062e-05 3.1046104843971e-05
ESR1 0.104402578297668 0.0519704212240252 0.0413031140737614 -0.0246590411479893 3.07370004422438e-26 0.206720671781618 0.192314263713597 0.324877462749792
TFRC -0.204883976000229 0.76993163669754 0.160615384661678 0.218382925276547 2.41967040717944e-12 1.22677396249396e-213 2.36719987759619e-09 3.1149218635391e-26
APOE -0.219882941276144 0.665109387544335 0.18782377651048 0.338691652826619 2.66301626287472e-12 1.20244349503427e-149 3.04741775962777e-11 8.59127671922555e-62
NR3C1 0.224043517704477 0.273798132876175 0.0950191602153483 0.0853266611533663 9.48910740749372e-17 1.19652786137405e-14 0.00137912222915539 0.00016697286099259
MUC1 -0.826432838348279 0.646422173985414 0.175591951749761 0.503438522868918 2.3895843503602e-99 8.54958752911248e-278 3.74706543131733e-15 1.05388053408845e-208
CDK4 0.358225611827544 0.297627851631403 0.190943517817522 0.0781154876586928 9.34655001228974e-14 9.63611978691231e-18 4.11160250465642e-10 0.000376459680636503
CCNB1 -0.345586099902812 0.775375649868769 0.19610652542077 0.242423127534034 3.04914731185557e-25 1.0334973672121e-253 3.62745190219857e-14 4.24407853792986e-34
PTPRB -0.013260660727313 0.587179350934695 0.188896905506753 0.155876370366165 0.352275454203996 2.90617193283758e-78 1.59595350052536e-11 8.44417156145743e-12
GNG11 0.117641804030146 0.0914025011189206 0.105849361186928 -0.0188343046960042 3.30530932281473e-23 0.0208874427676573 0.000741760406184446 0.439933938023985
KRT10 -0.0695016838471528 0.207483206140885 0.14275614659482 0.747503132754664 4.22559526860774e-05 4.36684400128403e-10 2.06079067846096e-07 0
SFRP1 -0.0294047279427967 0.547752059165348 0.273971070651258 0.202451610735163 0.0190716208084776 4.89269132173132e-81 5.11469375860346e-20 4.90069255162386e-21
HSPB1 -0.999508322482889 0.729438494577402 0.20593035252224 0.299868416288747 2.06167066351376e-17 4.47715252772551e-171 2.82767142020287e-11 9.16343930549413e-53
THEMIS 0.131993851601563 0.171427799629526 0.0817863037159026 0.0457035880970683 8.52906017028783e-20 4.5602311149555e-06 0.00895674547968875 0.0545728612292701
LRP2 -0.572012266979061 0.857432930547119 -0.000644883415319423 0.352039317652239 2.95611203339876e-56 0 0.974225080794379 8.27587161981705e-96
XBP1 -1.08291656579141 0.726842097476891 0.195088627501112 0.241308676102646 3.3679849243691e-51 0 1.97772556039661e-20 4.15069670661769e-43
KRT14 0.0431174038975238 0.103508130588896 0.0532701030795993 0.0236199283996714 3.05741405057736e-13 0.020289296549303 0.0973940779888335 0.367022509554061
CD40 -0.0446175515610823 0.706066461775748 0.182866007103095 0.14187272397249 0.0112379332421157 3.06217647842919e-144 4.50971976036892e-11 6.05536473184261e-11
NUF2 -0.0560616507817024 0.74893250433237 0.161315649313533 0.13254387871136 0.00217606027787637 5.03431269344805e-168 4.26519854687513e-09 1.02810432355292e-09
CST3 0.170133741604579 0.140182983528971 0.0742351561908317 0.0162055048030954 5.58520195428909e-25 0.000332956676012638 0.0157755961757876 0.501997800275913
AR 0.0987864214354933 0.28049998625548 0.0968699925173881 0.11016760170377 4.63563266806561e-10 1.13448133441333e-13 0.0010991566614601 1.64793058556292e-06
FABP7 0.140161691773666 0.474032728762797 0.0719723821463293 0.0462978009319225 7.42019309729768e-09 1.1358343168793e-49 0.0210433541302043 0.0433043047768823
MYB 0.0356853138747382 0.490269243828502 0.188365115641844 0.0918595031087901 0.0184424130782788 9.29068898618334e-53 2.33971389231932e-10 6.99577639969356e-05
PTPRC 0.0283711037947578 0.473757885635293 0.188008141397217 0.100755841976722 0.0201993733668695 3.95656842502177e-51 6.5028346904704e-11 1.93746856648336e-05
CDK6 0.113075378754945 0.238374971926552 0.092341872637597 0.0559703609712342 5.29366038912456e-15 1.99517839843965e-10 0.00298046675542911 0.0190979094008513
GNLY -0.0476332607275604 0.562455549336056 0.20157106436781 0.432918925528004 2.94362447463667e-06 8.01941806669868e-78 2.21237430720584e-12 1.00439489328173e-89
CCND1 -0.806720411546514 0.746658534853108 0.0649982358255055 0.349692357207222 1.86210499575021e-34 0 0.00457034495249544 1.26986357313232e-89
KRT15 0.0409467180784867 0.396009936839506 0.218349977837399 0.0979458216219247 0.00205568235078023 2.77486134823309e-34 2.55525482738355e-13 2.58130924846745e-05
OBP2B 0.046814588620324 0.300923739051575 0.101054396826888 0.0609778874499628 7.82794837462314e-08 8.61509402087792e-14 0.00129187151068457 0.0142881195431629
XCL1 0.101158177349618 0.066509136680053 0.152883622768288 0.0377989191562694 6.18702688717301e-18 0.104884742411614 6.20466777768028e-07 0.128393562893828
HSPG2 -0.0900825435511633 0.871056013298473 0.10513242034569 0.110047744925571 2.75021361666221e-05 1.62743233311695e-284 8.05801887130555e-05 2.5073389538619e-07
LST1 0.237134246866073 0.108561262141008 0.026826312353419 0.0586601253703081 3.2435260862673e-31 0.0030462644529201 0.398603715447794 0.0106034570885091
THY1 0.0125377437570393 0.523623950470995 0.18560577956886 0.148884780592223 0.546504132265041 2.91582081358071e-55 4.69220494738792e-11 1.57974352997004e-11
PTTG1 0.0552301545702622 0.428665570257511 0.152532629169482 0.15669760371658 0.0031358297323617 1.10290986257504e-39 2.37899857159139e-07 1.25026519870301e-12
CD40LG 0.0389526150384431 0.412966008112476 0.111156982728522 0.227013151685338 0.0223535049758591 8.87460203609475e-34 0.00032310744256196 1.47825894437277e-23
SIAH2 -0.0145211117074673 0.563445756604851 0.207338500428541 0.186051484307596 0.756407876080399 6.69810010326489e-84 2.7400881980003e-12 1.35129516175422e-18
MYBL2 -0.390160664837664 0.706280434228887 0.186215728500085 0.321316769186184 1.14957797966231e-21 3.92847810401224e-179 3.6358772368216e-12 8.34048581862587e-60
GPNMB -0.0703795162076749 0.59546349434476 0.153095516397525 0.249829792755587 0.0488522539834573 1.57744248023418e-81 2.02029838203832e-07 6.97544893671538e-32
FAP 0.0909764650380417 0.397277153319966 0.108212703084102 0.0422669322657644 1.58725053819637e-08 1.12188738957975e-26 0.00022435377822423 0.0730089620282263
AURKA -0.781037052092282 0.68414191180121 0.214592858788166 0.317721635208754 9.06886724399961e-56 2.00259735204176e-301 2.03040171999051e-21 4.26996441028495e-70
CSTB 0.195048836714668 0.134217451861502 0.0543809745946262 0.094183555483409 3.93223542571399e-23 0.000451442609255246 0.073145457283914 4.53352569776677e-05
KRT17 0.0239836478648515 0.229066647191811 0.139595694191937 0.422954019878361 0.133995266949235 6.5723082730747e-10 2.99542129101984e-06 1.5708072283312e-86
CCNE1 -0.0181890330948269 0.534408385381373 0.18795620849992 0.213999257857701 0.414871324149063 1.65018514391547e-67 6.02683538866793e-11 2.22467720220364e-23
LTF 0.0732857528305575 0.244032813139322 0.111044326949617 0.0942712939372911 2.0898621380631e-10 1.20463954179512e-10 0.000178797560339754 6.17575140797039e-05
CDK7 0.106490790132527 0.386534640500526 0.188522035137565 0.133924556126434 0.000135191082708728 7.96309552231151e-30 4.4845732397104e-11 7.76698560457782e-10
ORC6 -0.108981360051374 0.699481761316603 0.217320208063572 0.162261381358421 1.52999925119054e-05 3.74651507273442e-147 5.3132732749466e-15 1.17013924764031e-14
TIMP1 -0.38809435514249 0.687982065165471 0.104523253191264 0.438987937978781 3.0128401090641e-23 1.90098850017375e-209 0.000100572495862445 1.61628302820745e-121
RAMP2 0.069960464602388 0.339472406765113 0.132751304233462 0.11617601770152 1.14997236863119e-06 4.74366118605073e-21 7.20883765826287e-06 7.03797734220827e-07
ICAM1 0.0550436454077745 0.401964129405359 0.12319619902525 0.228097223884243 0.00822918468567384 1.00446009942781e-30 1.88583803470638e-05 2.13606405078879e-26
GPR160 0.109738107643679 0.139748901243434 0.103488967608495 0.023794476055416 3.84957258776844e-19 0.000263190682036419 0.000983971331589128 0.334479692609787
SKAP1 -0.0158234717137913 0.68882190329517 0.17872178339879 0.160240633980713 0.108863188544517 2.3483189873411e-145 4.9504464110851e-10 2.42023558350254e-12
CD44 -0.0303892218079745 0.550928527374019 0.200017298338164 0.214962258154255 0.225322031864574 4.73647374944064e-64 3.75712189917346e-12 2.72442841034088e-22
AZGP1 -0.658127289375499 0.702112248021465 0.189540257127106 0.398362760906687 2.42085115088936e-74 1.65032530696335e-307 1.08579580794077e-16 1.98899961185858e-116
CCNE2 0.0587558284832843 0.383442212409192 0.126608214766577 0.0498988668823313 4.55685832488035e-07 5.40407362780879e-25 2.85156722195564e-05 0.0351221095394819
MYC -0.247375369719009 0.682042003468623 0.185340900148571 0.255498496508025 1.45388063911974e-08 6.26115301810801e-139 9.78122073211297e-11 3.17609878846386e-36
ZEB1 -0.185513124783734 0.809530916948804 0.142534528507858 0.197634593937864 3.80224823750479e-11 1.54923501511827e-262 6.88552847949109e-08 1.95356194835322e-21
FASN -0.731436307868754 0.733673891404775 0.125532152038688 0.330430692618455 2.76901361323932e-43 0 2.3084924249024e-08 1.95376419930077e-77
CTCF -0.0940873055326823 0.695483832526454 0.200776883799079 0.12033629821351 0.10424746753235 2.73926653177484e-138 2.28621530868667e-11 2.649383290095e-08
KRT18 -0.635745916472181 0.804065925419247 0.11670182739515 0.232069349761958 1.01948299041616e-27 0 5.3076419387148e-07 1.80010064201023e-36
CDKN2A 0.170600860526365 0.170966310722016 0.110346582747097 0.0599941796667029 1.80170534964066e-19 3.920138590172e-06 0.000239367483356684 0.0121555920389
LUM -0.0164692027188527 0.492084356962166 0.194863597440511 0.248399978851493 0.668633342671591 2.36913714643625e-66 1.62502305505416e-10 4.18446042748079e-33
ICOS 0.0681305905670887 0.290172483864676 0.0910495193350278 0.0733852773100113 3.95565562072246e-10 9.55771909507071e-16 0.00355512434365088 0.00310998243896065
CD5 0.0655098936863804 0.301767218029685 0.132550875349527 0.0593100471786511 3.6760033909202e-09 6.66023770929352e-17 1.01608232516462e-05 0.0164402673333022
PABPC1 -0.918816271302652 0.766553725686744 0.130391253645472 0.269527624076274 5.59030107440592e-18 2.54928433422678e-259 1.40195384261885e-06 1.96490368368874e-44
SLC2A1 0.0811262267254044 0.376395570705422 0.1900548693441 0.0995315511164684 1.88672028130194e-05 9.3956353716298e-28 1.0684831062892e-10 1.21609623111484e-05
MYL6 -0.259063767554529 0.7745372392641 0.197050577263146 0.105874807430329 0.0185543044813974 9.32890461460589e-162 7.87415738609792e-09 9.78435521315045e-07
ZNF571 -0.329284061935717 0.938445317180288 0.10279672040272 0.14406102975843 7.45634122151234e-12 0 0.000464379272167746 3.74353897903628e-12
B2M -0.561323941250554 0.731943815338484 0.186932818269345 0.246322848685015 4.86635416575486e-09 2.10432638943295e-161 6.8458991786853e-09 1.22916394922496e-33
LYPD6B -0.0271519929400729 0.525920708949835 0.162482271627776 0.257816823607446 0.270353790165437 6.82371400528645e-66 3.92438799971421e-08 3.79572874473868e-33
CD63 -0.159081405501777 0.644969901655824 0.198764125399863 0.194190372870622 0.119137202423187 2.65702008005402e-91 1.01161285887656e-08 9.09323885862725e-20
IFITM3 -0.0836081924115651 0.489787875023245 0.282862354117031 0.251797927841316 0.001947654643309 9.89648616734237e-70 2.05726216556063e-25 2.38015290363661e-33
SLC39A6 -0.123975896972159 0.634187663933837 0.207515201912284 0.204416788357188 0.000514145136818738 2.24126519862489e-120 3.60511233659004e-13 8.33130165045303e-23
BAG1 -0.457518561254428 0.749643602268278 0.140070638579026 0.226207158459592 2.04032412220836e-10 2.20776274323155e-243 2.66587464834991e-07 5.74433011143474e-31
LYZ -0.238200893198059 0.616729172061622 0.243569654114373 0.298847390874222 4.16184757744618e-12 7.65732201287483e-143 1.40352284686135e-18 1.26686384836169e-50
IGF1R 0.0388855367564213 0.335229262295641 0.253324936484273 0.151495310569082 0.0140289351161678 1.96314619130424e-20 8.91082580719692e-20 2.70186058910216e-11
SLPI 0.0046629760558881 0.370531458018909 0.178540591355593 0.331531832463017 0.828983839087101 1.04319860490501e-28 1.08669801709877e-09 1.04111985128186e-55
SNAI2 -0.11940967526702 0.68064505864041 0.165416299209369 0.267531425980624 3.54850632571594e-07 8.83241708813849e-142 1.5218865591125e-09 2.50972532158153e-37
IGFBP5 -0.824017783955726 0.637407568787131 -0.011163661009197 0.684667561170974 6.25007447300525e-48 1.21634459283238e-189 0.676218565548581 0
SOX10 0.0421627057254987 0.454756837130708 0.058125604350839 0.101338792039846 4.60107982131744e-05 6.75219130175946e-33 0.0669098039279201 3.99862260905595e-05
