target intra.RMSE intra.R2 multi.RMSE multi.R2 p.RMSE p.R2
CD14 1.13666408123128 0.201901801469735 1.13487640736932 0.485831600835231 0.481088057827417 0.020653709120035
IL2RA 1.11028934590129 0.683800006753077 1.10827919316311 1.00974195193749 0.454293692454971 0.140450654413706
CTLA4 0.687140356329924 0.174529075647119 0.687178398779839 0.164959523038926 0.500576962374287 0.542032381637169
CEACAM1 0.838072564706233 0.289710497653844 0.836496332151318 0.658646272729495 0.473823870266498 0.0320668703981503
TMEM45B 1.34855733199529 2.58038072766502 1.34018201422098 3.80362875681768 0.407824573483283 0.0689072628775072
BANK1 1.20169058598367 0.227241923161696 1.19945554881891 0.666499013039402 0.452167281534807 0.0211472721436354
PBK 1.41694814378948 1.79087451793027 1.41512122191915 2.04506367830323 0.484219308249436 0.262733941449878
CD68 1.38255851246632 0.233956529860977 1.38205438485394 0.27511558540755 0.494821318638441 0.39130309179181
FAT1 1.20293944295909 1.25908931054552 1.20165764587039 1.45359304933904 0.482224940620726 0.330464806762545
ACTA2 1.5679440406082 12.1419699298167 1.54100365522336 15.1262371808693 0.241953905025317 0.0273551875618534
MYL9 2.08968286027792 16.0462893555045 2.05252409089598 18.9867950938265 0.0382180491716007 0.0451777158811563
SOX18 1.17823999334014 3.11612043959546 1.17358385641619 3.88308688895279 0.448786300254995 0.208728196443025
GRB7 1.33648129104783 1.22461974096099 1.33265005807736 1.78932020771505 0.462666283161179 0.0450170380777313
RB1 1.48124583072704 1.00962756622675 1.4778914562407 1.43529053139822 0.456029949254254 0.080677713808624
MAPK13 1.9092008871581 0.399405965696988 1.90813276957132 0.510826757476714 0.486491537823723 0.300730563277778
KRT19 2.81288777934979 46.3062469638604 2.77255502932102 47.8363293340416 0.0425200758387544 0.034153233778892
ACTG2 0.796404281501615 9.95580046288135 0.782061854549546 13.1636326699801 0.304480131636248 0.0758899815497534
CENPF 1.91446973900724 18.1672882167706 1.87966963083925 21.0784629697473 0.126535913851112 0.0153757521351944
PDCD1 0.90978785531537 0.112744394570798 0.90850785434282 0.359265388053607 0.486103656904982 0.0375495987030871
CD163 1.90023389489076 16.1044131871165 1.88571394407449 17.3869205330505 0.380665030332923 0.146269729272518
CTSL 2.90750998573842 9.84108253681013 2.89177832947545 10.8128328923324 0.273998150516847 0.123336792573785
BCL2 1.11916865501751 0.0647407974550918 1.11881156969004 0.0924524852280106 0.496516888023075 0.315699883670236
CD69 1.06875214848507 0.448284525864251 1.06810647847822 0.568730696116465 0.494734685728368 0.30851651358507
FCGR3A 1.91709062084444 0.397794594329622 1.9155357774945 0.560231698657511 0.483577572181239 0.218773043435929
IL32 1.74301008117973 2.90003950860097 1.73064184147784 4.24382095241029 0.36090621485377 0.0710878359864703
MYLK 2.1538785244236 10.5061682306822 2.12621487160252 12.7839119211558 0.177582961177898 0.0396898316291625
SOX4 2.53205374270181 3.45496290744469 2.51545852546894 4.71436757374426 0.186795566694752 0.00104509571355385
GSN 1.55424109357719 0.404233846085006 1.55099977400002 0.810190531973468 0.46166003830376 0.0282546952246672
PDPN 0.760279232661961 0.038910079350325 0.760245714755459 0.0483404439226187 0.499641174462221 0.403169345503484
KRT5 2.12748770322109 2.74023787020992 2.07795031008719 7.17863130259764 0.047807057624441 4.03577095565498e-05
CXCR5 1.02767487172331 0.0165538404484933 1.02762956281086 0.0437898243473189 0.499408144437311 0.0981943888687303
MAPK3 2.35453570259831 4.0524575424035 2.34521920225666 4.81013201622237 0.338532954249199 0.0154036610198525
TMSB10 2.91907289291187 11.0934485613751 2.8915818778569 12.7590500022428 0.156483111698436 0.0888942486061061
CEP55 2.0086678104271 9.91635119263707 1.99525079549806 11.117357078332 0.362668066941277 0.182494388216208
RPL13 1.80232444206311 0.0445521141997762 1.80026215558781 0.237481614257654 0.479019452070341 0.00383560387814956
CD19 1.08103718870309 0.155987321751034 1.08046647203479 0.285589976846559 0.491244911000388 0.1122928049473
ACTR3B 1.61688242873884 0.719445366575279 1.61503183067416 0.945872556302646 0.466617800619322 0.123268028432967
FCN1 1.32266390306496 3.09847463578654 1.29132879996344 7.5470884432815 0.201648702868284 6.09184768007412e-05
IL3RA 1.11286903841959 0.966535591994279 1.11176963760194 1.14647820182772 0.482995601778513 0.272187803997271
MYO10 1.63565755263086 2.02269956212031 1.62680937899452 3.06671722440423 0.410750063893492 0.00259800919706094
BGN 3.01213185180136 32.5528763849196 2.96008987266731 34.8636157119997 0.000137771912788924 0.00193132874313039
SPDEF 2.40187309915379 14.2876040587307 2.38811922069531 15.263996201441 0.288856050504593 0.191578295561335
GZMB 1.11469893313526 0.472040174579773 1.10921766780023 1.46576741430827 0.42938305361745 0.0210038618416588
CD7 1.07775655088646 0.177199245778179 1.0768370989304 0.327769352240891 0.490606058324738 0.107085940901535
MDM2 1.17798028064846 0.228347629025284 1.17459365831841 0.808539050788356 0.462015527996768 0.00748743908478402
CXXC5 1.44986333896195 0.583165856312913 1.44776013443408 0.867970325565554 0.472634267600854 0.0932849287140643
PDZK1IP1 1.94829514278099 0.559220186965899 1.94774086578843 0.623805371004044 0.493770555085021 0.375431641354392
CLDN4 1.40791899955192 3.55340840091225 1.39832710166581 4.83582546180749 0.391496527113008 0.0508188234595061
FCRL5 0.721625205643927 0.194408788816944 0.719982685619806 0.7769636650002 0.478990403925447 0.0448756787571605
TP53 3.12480431699488 4.46091895687017 3.1088212020284 5.43496498392214 0.0339991664118776 0.0209125267365322
SPP1 0.860904043423485 0.00217216953847466 0.858768109892309 0.563394632932014 0.470325976858111 0.0197791722510675
BICC1 0.984030832344035 0.17955251274453 0.98394333627022 0.226329703754763 0.499004959770314 0.318816241963748
IL7R 1.15147880861136 10.721302410871 1.12157494985428 15.2393258365873 0.158236256139233 0.0014833017949314
KRT7 3.01013625510958 40.7060735115533 2.96966384231985 42.287071869967 0.0477022034005144 0.0513953414309509
CD2 1.47592143495478 15.9792616820604 1.45891168957955 17.9017406757306 0.326287425285337 0.0892395496698337
ADGRL4 1.06173604655126 3.70397774742613 1.0583800145202 4.321208499878 0.471519362689806 0.29756825862086
RPL18 1.71737319746511 0.127906085673741 1.71653752163093 0.191895037132412 0.491007976264879 0.199297483695338
DCN 1.05137529636814 0.97832729526053 1.04357936580763 2.44404611972692 0.413527901010599 0.00891820967570739
MYO5B 2.53803280960643 11.0886288482447 2.52454276970445 12.0316968405419 0.296361040490067 0.18683662568113
CD74 3.4529894201036 34.8983181559996 3.320065323156 39.812035201888 7.43269204367503e-06 1.97960673797345e-05
PECAM1 1.4351072363124 11.9737266125787 1.42860416378078 12.7611027725463 0.430918668556553 0.314230168198708
BIRC5 1.00861375643958 0.237476145466224 1.00847967694063 0.287067392809442 0.49826808224124 0.346231457854301
CLU 3.04106273758252 16.8301215792589 2.9518507644746 21.634019696324 5.88241960543983e-05 4.90044675093246e-06
MELK 1.80767897944258 11.0509788353138 1.79533825635058 12.2513856153691 0.257138767544148 0.136053818018792
HIF1A 2.91658551047446 6.52223461060381 2.86986251382317 9.49536455119177 0.0647116532355808 0.00034771664512787
STAT5A 1.38120526072948 0.117173259858979 1.38118955173624 0.114612879791477 0.499840901951483 0.519975799020784
FGFR1 2.03231369535055 6.97489334014149 2.02904854617873 7.27134097535589 0.439182916150516 0.27551236131192
ISG15 2.90282941330669 2.86430975308821 2.74305953906862 13.2381543689218 4.62119919381999e-05 4.73848549995588e-10
PGR 0.525078284128171 0.0919045793616047 0.525111679134973 0.0919739181246593 0.500370715179297 0.499474256213874
CD79A 1.01391206402244 0.0816746239933475 1.01365307511635 0.149811340048942 0.497249134311041 0.117735586460538
DERL3 1.19347870704807 0.0950909624755814 1.19294741778005 0.204162144741008 0.494250223462772 0.0760565731081629
MZB1 1.30146005434893 0.531719413819578 1.29821028078273 1.00553988033357 0.45676729200036 0.05108196063482
TPM2 2.26867150786131 11.3590015403112 2.25396424518025 12.49345209259 0.287356252110771 0.135045094181225
MIA 0.665943522135555 0.0322165592015833 0.665970287821593 0.0344045124219805 0.500184108717929 0.468428955621614
AGR2 1.87901663097808 5.47064413931581 1.86904133341002 6.47215631487193 0.311725140652869 0.0636871545578683
CD24 3.0259502702102 42.4734569051268 2.94893735015377 45.3608093441385 0.00300868422004794 0.00280431967953108
KRT8 2.68443002976261 48.3892093845234 2.6181416764959 50.9005286452084 0.00923507451182813 0.00949487094791592
COBL 1.79234823451468 2.72268607867574 1.78160170900948 3.87426071638521 0.371678206358371 0.0257489215584504
BLVRA 1.3897713155827 0.0620039441321041 1.38971158636781 0.0682489803096631 0.499286588548838 0.428228950616364
HLA.A 1.63812505568347 1.39882104821239 1.63241358149164 2.07159862446074 0.423247754460599 0.00764279949567951
RPSA 2.93432150295405 2.50735338403962 2.92355061197404 3.21953801797066 0.100581088385684 0.0546916121491162
STMN1 3.29120340382948 18.7517223145005 3.23147191417953 21.6734924437243 0.00412884704367712 0.00313903646413315
FGFR2 1.32181941222052 1.53205652347121 1.32051479369346 1.72610300965999 0.479431878469978 0.292902433753845
PHGDH 2.45336420739767 7.63242688031694 2.42690260449893 9.61344772500733 0.17034541112022 0.00184515816340797
EFNA5 0.882522676484906 0.178307238966562 0.881703545502587 0.324749907020382 0.492061193801802 0.097947723290846
NAT1 0.755162182402606 0.00298561512082518 0.755226682969116 0.00880888213550923 0.500930418796193 0.195687914851185
CD79B 0.925362575151177 0.0148692747563239 0.925360539746773 0.0458938386889274 0.499978100309478 0.119862638263686
ISG20 1.95643510380211 0.385611761965632 1.95215235483629 0.861592972863474 0.438280575841372 0.0101190875982577
CD274 0.8143918914148 0.0739784834682766 0.814326106241005 0.0847015896730874 0.499385422000084 0.42745538355492
BRAF 0.909204272482808 0.0908471939636812 0.908062314394665 0.355177045727915 0.481889254517108 0.0302754936534001
LAG3 1.09632458364269 0.224677224093757 1.09523647077191 0.404310806276029 0.487432727825708 0.0461635524559939
PI3 0.760353859235935 0.0394441316901673 0.760226004847792 0.109677826195224 0.498586585861 0.0988700007607547
TRAC 1.12889877556183 5.53682226118885 1.12180790414803 6.58111849470938 0.378291556853241 0.201767900747391
MKI67 1.86259708266127 16.3741851378564 1.83884614928471 18.4860448803025 0.127102952702775 0.058612785469439
COL1A1 2.80914584856409 47.8890387450378 2.77235793231136 49.2425367787687 0.0670855639079501 0.052874566475033
HLA.B 2.64620351268235 23.9177945277021 2.62066148874971 25.3826435732737 0.105461092127689 0.0368298197495461
FGFR4 2.24750135194968 20.5279558251405 2.20946416347538 23.1934792060957 0.04628720762776 0.0237384398721231
NCAM1 0.805226105650884 0.0092576586866111 0.805096177723389 0.0514984523139494 0.497877338551697 0.101315221223481
SULF1 1.42245141942382 4.4730764711391 1.39868636831553 7.63514992551052 0.264259596280129 7.96498015745085e-05
RRM2 1.3114681688428 3.58803979942096 1.30776019783984 4.12429043284902 0.457716962746524 0.176893881962694
AHR 1.65961121122908 1.24236139206748 1.65226931141498 2.11434024355462 0.417992722306869 0.0175379712729627
EGFR 2.412352835834 15.4033790416643 2.39460217851448 16.6434833295344 0.29089721589462 0.0500958156341228
CD8A 0.922078298486904 0.225227028130179 0.921972135171159 0.274388355858954 0.498104873258031 0.347459944724821
ITGA6 1.55324107756032 29.3983859106014 1.53596346160349 30.9793201199652 0.310560608844649 0.141180686121904
C1QA 1.86571642735902 4.8739596098574 1.85730471744364 5.73003606873146 0.406001387392703 0.129728188377891
PIK3CA 1.52406783779807 1.01511419680281 1.52174201739805 1.38255819483069 0.47997314201173 0.160265132108378
LAMA1 0.851764763710902 0.00399244798043097 0.85187364090986 0.00493636123050534 0.501581190733962 0.396533240085972
TRDC 1.16679411777628 0.114522523766086 1.16491667780669 0.374457306124275 0.481090938821751 0.0138126118554308
CD34 1.72057194646964 27.1527408277497 1.7114668016357 27.9070347612952 0.359964346879741 0.380443820742959
HLA.C 1.63388646255438 3.42319480244116 1.62958870516687 3.92864736447438 0.443838271882529 0.210541368738745
TAGLN 1.23755982995059 11.9467326420535 1.22267094012018 14.0520157653179 0.36462481717652 0.172473558303466
COL1A2 2.75469779709963 52.3477467797609 2.7359287477771 52.9946660246397 0.202078750589304 0.213244436365759
FN1 2.8418608297264 43.5983451387205 2.78255829225105 45.9338084922604 0.0194903094165491 0.0260642066257096
CD9 1.80344750590228 2.51516978995951 1.79606700090266 3.31603148336247 0.407664800851298 0.0163054757857456
EIF3E 2.83523689324849 9.13464950163206 2.81046488908563 10.7169056776674 0.13684857276422 0.000323336787642148
NDC80 1.1684815771528 1.88750589065381 1.16521218081807 2.4097403676516 0.454721664144155 0.159468612275291
MLPH 2.0257479846195 20.0185896931984 2.02195183072563 20.3201322696087 0.418893282016303 0.400398708021875
AIF1 1.07710795172499 0.0298982878100229 1.07701465012941 0.0734523994674896 0.498500088694833 0.127767560087678
TSPAN1 0.820905274814354 0.217555318564315 0.819737499146513 0.471974559476589 0.481262075914746 0.0385222580786612
S100A14 1.93196910310846 1.50504530985185 1.91468887602897 3.25223961157612 0.201959518582308 7.39521654242894e-05
C1QB 1.7019223637955 5.89646373776994 1.69857153947674 6.25621018320157 0.459232994195484 0.303370507724919
PLEK 1.76224497155467 4.66698413063815 1.75575702743413 5.36199752107147 0.377683680763679 0.109715951649998
TBX21 0.841226302154221 0.0983740809004297 0.841254348570256 0.0797493723035914 0.500356367608186 0.632741768619891
LAMC1 1.66020036514586 18.1947988869082 1.64918300704258 19.2823045583655 0.361494800334256 0.17001540739935
ITGAX 1.6987541952162 15.1815692569528 1.69184727597983 15.8726858938108 0.397075620614229 0.342193918343707
HLA.DPA1 2.1880214290252 13.0767609466948 2.17617707580148 14.0080954327435 0.319733299535333 0.131512132440044
COL3A1 2.65684813287817 42.95341157654 2.62563601644612 44.284221520231 0.131043054834904 0.147898748186318
CD96 1.22767601726267 2.40086284711707 1.22576783608048 2.66915390491992 0.484138922547937 0.350995428294211
ELF5 2.07416598813825 7.21456484601442 2.06548747330396 7.98802659735589 0.367645321102143 0.094188185359357
NDRG2 1.62432826515766 2.21771197164307 1.6164292709942 3.16936636056476 0.409522875500888 0.0198910484847951
FOS 3.17086603805367 1.98993668540591 3.06997312952795 8.1042295535818 2.10146604232807e-05 2.5523465568199e-07
TTC6 1.53227075363563 6.33546382871616 1.52639883863518 7.04427719288417 0.430264221670245 0.108689079646987
CD36 2.2819158421301 4.08788342803295 2.23802615234911 7.72062171527179 0.122000767763732 2.4903018518807e-05
CALCRL 1.19233726866663 2.20324155710221 1.1896577648362 2.5693312173899 0.478737653860212 0.294895198387184
TCF4 1.23746412827743 1.96857884815385 1.23411254752864 2.44122052360227 0.451001291438024 0.14494526188044
MMP11 1.9627216964452 11.3448087478041 1.89005883320698 17.7337184610394 0.0126561595637389 5.2950061166619e-05
AKT1 2.53261928600787 4.1911472308229 2.52448601918249 4.80776486021423 0.354493022581754 0.142542262341061
TTYH1 0.632623176294457 0.0058486206563757 0.632668130572496 0.0118252053530488 0.500429203218432 0.282044239171067
LDB2 2.04675893748514 18.209323444043 2.02736021817328 19.7343611389657 0.288756694163299 0.161721034990206
COL4A1 2.41245300124093 50.7963385017214 2.36544845890167 52.6971193798067 0.0315590241866401 0.0609152117300696
EPCAM 2.64197263120953 18.9370203890913 2.62609272178965 19.9033376013839 0.274074654257723 0.196204509484294
PLVAP 2.06487605961936 24.4539390671376 2.04634115412684 25.7952400333594 0.196236204126724 0.260503479974655
JUN 3.6641113036135 3.0170781004516 3.59941008870102 6.40992554794864 8.28177814485526e-06 2.21413342581708e-06
FOXA1 3.02081607394606 18.8414423352614 2.98696393707846 20.6511645236883 0.00842334756782695 0.019798480721647
CDC20 1.98242795612652 4.11317631745157 1.97058707176663 5.25599133389217 0.35069102117082 0.029125888940628
NF1 1.61805482702653 1.53117874597861 1.61546498234513 1.8434717558134 0.46285439061097 0.140351020759121
CD38 0.933999196866613 0.0810772525657166 0.933836474958695 0.131091668549191 0.49824096431915 0.191585292940184
S100A4 2.30919834146111 1.30321450967654 2.30197585817397 1.92030777986398 0.38462671372422 0.0368480698571513
TCL1A 0.809336624625753 0.00179095936974516 0.808986181796854 0.118143967255796 0.49736508747753 0.00972771574378409
CAPN13 0.875550073208209 0.393563006802455 0.874809457143101 0.546584200802087 0.490855907662785 0.160390027516967
MMP12 0.615606990126326 0 0.615694781732376 0 0.50113606014201 NaN
HLA.DRA 3.00949816864255 17.9345425419281 2.98183175714371 19.4356579606546 0.0548111860211473 0.0991195528366127
TYMS 1.82604722295829 5.2419444405146 1.81568403436759 6.31744785772056 0.323190838642646 0.0780751496044283
ALDH1A3 1.78865630099386 0.65302886896106 1.78302967147213 1.28273721498673 0.434461973740713 0.0241916633947736
TFEC 0.669642216684904 0.121163466272001 0.66953814034106 0.15035295430898 0.497018013505989 0.359033003018954
COL4A2 2.32079113750549 49.004241364027 2.28698867054192 50.4806393293694 0.113347418004413 0.148518101841764
LGALS1 3.35124037984422 8.31660053864553 3.32835262715872 9.56238241490163 0.0102380046542162 0.0155325219822735
MMP9 0.994681686803427 0.470824814267655 0.971769712906146 4.97445646511053 0.242706202222292 4.73582482063019e-05
ERBB2 2.1082547475091 8.06027106193449 2.09631383969552 9.10019686365131 0.338710252214894 0.00450497356339494
JUNB 3.49751877042228 4.64914609874377 3.46375002337099 6.47993026456478 0.0106847043159359 0.000321518609143395
CCL2 0.974784976242196 0.141133895700454 0.971766003450141 0.803604083952657 0.467313977353418 0.00474202227379745
CD3D 1.41720030362304 12.146223551877 1.41445181539284 12.482337274176 0.468736049225579 0.368053776550219
POU2AF1 1.02249219463892 0.10273166158945 1.02258830599331 0.0841370390585783 0.501014918253432 0.630622647483309
CDC6 1.33213111852824 2.51744696452421 1.32740639812159 3.21350133608533 0.455388162126323 0.142213562107127
NFKBIA 2.19576038519293 1.17265123381235 2.18694773208878 1.9622712889755 0.281762058765009 0.00463905726279919
FOXC1 1.7482234384603 0.478564871399628 1.74572469759055 0.768157614563468 0.460957486761656 0.0581881378879006
S100A8 2.34200266189452 10.0778743876152 2.27208531715215 15.3293730179384 0.00345528840871737 0.000176010202959263
UBE2C 1.47598773786403 4.65127577715899 1.47031215833738 5.38129429118384 0.42511362415241 0.18906675179833
ANLN 2.02520310726645 15.8338790907616 2.00549848784843 17.4712571962819 0.228525212758636 0.100026464774691
HLA.DRB1 1.70970537112729 9.34419320275138 1.70423270266777 9.90264629466837 0.434003744041472 0.331015020266216
MS4A1 0.776666262094393 0.0121101626287545 0.776591396564255 0.0488731914356655 0.499202485572186 0.0846535885156671
TFF1 3.0703110503571 9.88616037010928 2.98984487843001 14.543803006979 1.50643425110279e-06 3.93112505676531e-07
LGALS2 0.786113138074673 0.269766542335891 0.786084093147129 0.300526405960853 0.499722700470229 0.400686368088419
COL4A5 1.5330377403561 0.349145768611369 1.53132150225884 0.571380762646272 0.482688477998169 0.0742106986264358
CD3E 1.42910058280324 16.5423118958529 1.41425482091317 18.269704037398 0.276596117980725 0.0554796490719066
CCL3 1.43226234860482 0.55931584973079 1.42443429910518 1.62397812913264 0.404874433861724 1.2244435327001e-05
KIF23 1.90758450211352 15.6886240145852 1.89792618226318 16.5452594015848 0.296026017433808 0.234618626740189
NKG7 1.11980631231795 2.76688881910208 1.11749065464654 3.16947706952643 0.478027159133429 0.285354456962897
CDH1 2.68646567602563 45.195113291729 2.65681410407787 46.3976221286144 0.0389235382180445 0.0320476702874276
AP1M2 1.31234648123184 0.507345471249497 1.30924384135592 0.986234905112202 0.468330804106183 0.00907477330521093
ERBB3 1.82437837363116 8.88853837729957 1.81701332570241 9.61786821967372 0.397899641981102 0.219216884728208
FOXP3 1.3588318413095 0.58826388991614 1.35616639871547 1.03132695033792 0.472908323628437 0.0847688905830293
TFF2 1.27293280803688 0.594790046738443 1.27129717703493 0.787629181568996 0.483439795424532 0.197135402783363
PRLR 2.0530164995649 5.41525826972937 2.04708210605269 5.96477955192791 0.428975362088758 0.195392684484775
CR2 0.686354371543815 0.0287107801993636 0.686151975016573 0.0711766137999714 0.498045830104849 0.0905035187489865
UBE2T 1.76851919364346 3.0178128728662 1.76281845227696 3.63994396113426 0.396711342137366 0.152980041636576
MSR1 1.54312179638907 1.99506465506008 1.53989393319008 2.34716456111062 0.473678144134146 0.293461842177663
S100A9 2.76527464731695 13.9902943116853 2.64778848393797 21.1429735836293 8.37313849516042e-06 5.97002774372511e-08
CCL4 1.0158292780478 0.419694363389843 1.01084858854209 1.46496502451083 0.430432844332235 0.00326569128359495
HLA.DRB5 1.22636355868641 0.510424059945538 1.2262026879103 0.524604219965988 0.498066841814838 0.46711079036159
LGMN 3.18522146311257 7.77135131488368 3.15151267719948 9.71513265898708 0.00021382315635716 0.00096944018298517
KIT 1.36821875257146 0.761379773977122 1.34796279125679 3.63301030474714 0.216749284261262 0.000713284087552097
CDH11 1.30883789536728 6.17767204232769 1.306014573969 6.58646377878753 0.473244109973765 0.366783009648449
CD3G 1.16988377466771 0.328518872136134 1.16953275569005 0.386186640442618 0.495554463184349 0.315082422760786
APOC1 1.73015574647061 1.04993786595713 1.72470775587677 1.66470810175273 0.435035518972788 0.0267826077421799
FXYD3 2.09290050288382 7.54962476405322 2.08349768135332 8.37569078227289 0.374840621664101 0.10017334337968
TFF3 1.67128896942719 1.59745345780147 1.66238095300335 2.63369431439448 0.379907926297049 0.0158274529258683
ERBB4 1.28079741404601 0.422008353874458 1.27960778265807 0.605256476072936 0.482354983925532 0.117436820307222
CRABP2 3.34843329300259 14.7168780012607 3.30228074665378 17.0523501990496 0.000109423379637241 0.000429277345282013
VIM 2.93670987374536 45.1358449774145 2.88203290484603 47.1607186144455 0.0105761793732504 0.0253858119273488
NOTCH1 2.33215996433678 12.2411781109035 2.31819214830506 13.2843725637731 0.166056972056695 0.151308447998778
CCL5 1.17213830056517 3.37188125473646 1.16726179280117 4.16428949385307 0.453198649841277 0.0880914977365987
MT2A 1.15206350103075 0.00140455775242021 1.15193802093752 0.0363363269862649 0.498781913045511 0.0339085331262011
CDH3 0.77586808183848 0.0458592655884227 0.775490135377936 0.136356290904924 0.494053548843259 0.0334839088360266
PTEN 1.17680747082338 0.224729007016378 1.17598347816267 0.367615603935753 0.488720843362183 0.0642469640962249
SDC1 2.84960732189518 21.34590624817 2.82168959521134 22.8772900519978 0.0937610754590223 0.0479182026094771
HLA.E 3.00077949304922 22.4281417243592 2.97062572211137 23.9812641349681 0.0660246975246933 0.0662892741944629
LILRB1 1.31357750403103 5.91783338072666 1.3115682669338 6.16239421337199 0.478393734688075 0.430207954828758
GATA3 2.79449228509585 15.7734982660503 2.76178404709861 17.7339974231059 0.0486940858042113 0.00743415360860208
CD4 1.49891613708059 0.296356480418077 1.49542592479695 0.71453010711334 0.457126136075516 0.0302968456848459
KRAS 2.04624431937635 6.69323512460374 2.03392343943359 7.81875271721012 0.248437844938292 0.0281199681476444
CSRP2 1.37251025235954 2.78593405241596 1.36836261780515 3.3612027335136 0.458267162661392 0.246623154556988
VSIR 0.931037853802641 0.295922003522076 0.93002834527042 0.503025506959461 0.492432682934767 0.136223785914085
ESR1 0.88106074432151 0.0030798004820165 0.881101804538895 0.0103579710608426 0.500489004457622 0.257530288624258
TFRC 2.25423752598473 13.1899585028793 2.23872349630312 14.3686169415102 0.29740333232178 0.00678311675049815
APOE 2.17367603055194 6.41653999390924 2.14653453001372 8.73276164043102 0.217168701526682 0.000431323034487399
NR3C1 1.72738002880867 0.382867735336311 1.72602801109748 0.546554395164172 0.484325120354609 0.200103269605394
MUC1 2.98727124587293 32.5745342837013 2.82494191219126 39.6990092404628 2.81046483004288e-08 1.77356547798478e-07
CDK4 2.39726727467876 0.60883437682323 2.39303223886554 0.955281086944088 0.439717898654733 0.0150298532013565
CCNB1 2.50335695275225 17.4099352106178 2.4760408705591 19.1953484223945 0.20489714421532 0.0235533764887471
PTPRB 1.26018239109201 3.02302286978789 1.25543761054737 3.7314070462136 0.411751596208008 0.187161474459117
GNG11 1.00753230935996 0.0413257426716107 1.00733995126777 0.102889831803779 0.496743803514784 0.0901791480449382
KRT10 1.48882502143366 1.48990368871114 1.38742733660501 14.3570274609057 0.00156581062139481 7.94576812777072e-07
SFRP1 1.18796576497082 3.25881302884669 1.17980979205121 4.56565605594369 0.398781400955591 0.0768892902966328
HSPB1 3.61256358687798 10.8689613488363 3.56699006978297 13.099114110136 0.0415633169054929 0.0345414028943899
THEMIS 1.16199870719022 0.118953207389385 1.16163732173891 0.161527922286906 0.496619486212154 0.300058759655027
LRP2 2.75984343095121 45.3987518517594 2.70899951031083 47.3903302323493 0.000265280643120409 0.000680392847446453
XBP1 2.83618119594767 43.2253135910037 2.78359194590842 45.3094171968698 0.00179761251855589 0.00136696510509109
KRT14 0.603833903327465 0.0364921516636585 0.603899825753731 0.027157379300774 0.500808618048953 0.622879625649966
CD40 1.56002854815855 6.41209598283384 1.55403308268057 7.13807181040576 0.440006348254358 0.176478098920096
NUF2 1.55656890887877 6.6881538731081 1.55181492403124 7.25667500485602 0.456313271065803 0.221697325926175
CST3 1.24616006579783 0.0663963272810653 1.24620497881971 0.107226610171841 0.500417081203336 0.225172591778438
AR 1.22720603136552 0.30837954949239 1.22581346580284 0.528403982230031 0.486638621523316 0.0978626406213421
FABP7 1.63493964239395 1.33913371597326 1.63476559718569 1.36455326861597 0.498063629819857 0.476623071335894
MYB 1.30115903881507 2.0814348276675 1.29863131478207 2.46129046917938 0.477977620016679 0.0421494368199084
PTPRC 1.12682332989725 1.53329112621906 1.1247416814779 1.86949603169741 0.478910394300446 0.262330359934239
CDK6 1.16085808315152 0.28716971497619 1.16037978867005 0.358279714675991 0.494589567094856 0.263914379903042
GNLY 1.02892020521599 2.98286084616032 1.01082082878506 6.29488533263972 0.343815031372465 0.00103161816638972
CCND1 3.15822922250369 35.2812692826151 3.09607427723668 37.8010304539281 0.0171459164666721 0.00987718970746254
KRT15 1.19601895965077 1.64214156516029 1.19290992718089 2.15769296129401 0.436251446069615 0.0282818627574319
OBP2B 0.814109907379043 0.316802242968803 0.813969209081286 0.421617700217534 0.498284266651459 0.317968710360634
XCL1 0.985834758546644 0.0121810011319656 0.985101422805017 0.121291204922889 0.494724039791088 0.0467680728061115
HSPG2 1.74345106866373 10.086204777727 1.74065692363469 10.3684817813928 0.466163171476039 0.416067568451719
LST1 1.43802600307386 0.0274736693683253 1.43783006571441 0.0553720617546538 0.497920373887548 0.254777664922568
THY1 1.54118795413087 1.81477915235062 1.53626370640278 2.43401512139346 0.447363108896656 0.0875029370746333
PTTG1 1.46942339033024 1.52431985384979 1.4656572541458 1.98746844246808 0.459679306349072 0.117567859135339
CD40LG 1.31820302843163 0.988930441817143 1.31339394549112 1.66242745542617 0.456783283839601 0.0379043983581457
SIAH2 2.71946084258249 5.24316143881283 2.7046032541273 6.27542149655557 0.292125652105589 0.0407901810769233
MYBL2 2.71261337704404 12.8428929469436 2.67292407072563 15.3632636773476 0.161563432088717 0.00471857141402141
GPNMB 2.17564138324285 3.39963552349918 2.16142286566766 4.6561633620096 0.222019354943373 0.00437256618621216
FAP 1.25145691113956 0.748327730569404 1.25089732723805 0.856428740220233 0.490018328958084 0.324704270287188
AURKA 3.15853804292451 35.637814406747 3.07430151382661 39.0242555346636 0.000244740904254131 0.000361247019942724
CSTB 1.39421464953117 0.0897029025729557 1.39352787553097 0.154140279377257 0.490602534777815 0.161353456285468
KRT17 1.3019083777713 0.548563205780127 1.28374866123834 3.17994386595995 0.312472201313954 0.000717453158544136
CCNE1 1.72579028695382 3.3802511280017 1.71572755399806 4.50070479116455 0.397112872676815 0.0265699245753805
LTF 1.01330887367432 0.296771106679723 1.0122683906784 0.503056025154796 0.486092144131257 0.0820206538131073
CDK7 1.83233636544528 1.15564262718089 1.8267662536809 1.7510505850884 0.426187579923178 0.0313817162925021
ORC6 1.95485268087761 7.4425059485284 1.94449269126326 8.3984943305256 0.36256590226857 0.130590425635917
TIMP1 2.71485189341841 12.7519524651664 2.6535725214649 16.6565991224459 0.0037691570234302 0.000856627971869378
RAMP2 1.18670933344003 0.650557911404691 1.18489084181638 0.983753787850257 0.468789397877077 0.0949416659405
ICAM1 1.54390815700931 1.03369250449159 1.53675781087356 1.90120541984035 0.415651539471609 0.02711278230215
GPR160 1.03743403231503 0.0813598756739431 1.03712865663728 0.14569610734962 0.495504286303543 0.140091876615909
SKAP1 1.02703912446686 5.02993159227686 1.02326431661813 5.71727526667996 0.4610981722752 0.341800148981091
CD44 1.77167623188937 2.5718236017733 1.76133968164512 3.71319355199918 0.402295504019562 0.00983867869264841
AZGP1 2.79799687300726 31.9778470420287 2.70277458092779 36.5315415818626 4.42448302467844e-06 1.89641242541212e-06
CCNE2 1.03024404244209 0.706359488793322 1.02959630874819 0.834210155127694 0.490849101040787 0.292017251562476
MYC 2.68529509032029 8.69186832095224 2.66164149622364 10.2949929188052 0.130459455004867 0.0121147951074754
ZEB1 2.17178089593115 12.5357342928955 2.1603679047558 13.4453944666202 0.361694945578457 0.106356731682643
FASN 3.14256356630677 36.0471360711862 3.08004861880776 38.5678492329027 0.0127772770602357 0.0102383013608147
CTCF 2.93250963244546 6.55572352110325 2.92270155771339 7.17969386206024 0.2715420538261 0.183429861185684
KRT18 3.14683909365507 34.3719163513526 3.11425278551354 35.7227346257115 0.0195927302791907 0.0143592988156714
CDKN2A 1.37551826258707 0.102917039997851 1.37475665460543 0.214295677699805 0.493622044181383 0.115700133957301
LUM 2.33796216737918 2.82316215382317 2.32080707050279 4.23757256176088 0.287110499093258 0.0308249730529197
ICOS 0.978847323409918 0.39241711115884 0.978285854333656 0.512839236067572 0.492264465960012 0.241392902369273
CD5 1.0053160259835 0.460651706327586 1.00451038583677 0.598367116265816 0.488912984631321 0.22603634346385
PABPC1 3.21119372276534 20.4046703386213 3.17601920884864 22.1386103031316 0.00651348815172644 0.00358990645779053
SLC2A1 1.46210162924211 1.11083660491938 1.45885906745982 1.54453869639217 0.448576031504005 0.0577803889550431
MYL6 3.52298231755835 6.0728368600029 3.51462618040385 6.51777325858955 0.209790642682111 0.133875284730859
ZNF571 2.65154490075507 13.7740899094024 2.6448404343531 14.2077290601201 0.377343104988118 0.334369472564256
B2M 3.57391362937672 9.01527749004199 3.54411529413498 10.5259569240898 0.00234578682466955 0.00187041163984471
LYPD6B 1.79638377150031 3.01497130690206 1.78480356290494 4.24932293943397 0.411673038227044 0.0213369020242653
CD63 3.3960253726822 3.79629931814197 3.37976385287217 4.71571456768631 0.0528900208665905 0.0233712581104064
IFITM3 2.12788339255977 5.94184076447015 2.10330552992243 8.09098133607744 0.215958785060874 0.0118901197171383
SLC39A6 2.44858531083344 8.1273384950141 2.43195766067101 9.37258726422093 0.320219936212212 0.0166982095864049
BAG1 3.36913172652168 22.0297364988429 3.34133148930261 23.3090663451282 0.048184215916313 0.0710676485617498
LYZ 2.38587776354924 7.43388556852229 2.35334393288503 9.93682929808368 0.0947440711289909 0.00347085979077465
IGF1R 1.28733754588498 0.795048848893284 1.28115143446539 1.78683012742509 0.419798470173997 0.0028243805805286
SLPI 1.66027126644702 1.77994469204367 1.6425415545801 3.8653623042663 0.230754841784471 8.60290681974324e-06
SNAI2 1.85878270157892 6.91723974134388 1.84408081073229 8.37826462139527 0.314528553820219 0.0111736202320343
IGFBP5 3.41551822222298 16.5461613041269 3.20756730411422 26.3933671844037 6.38565670426082e-10 2.73672279308418e-10
SOX10 0.926809525429117 0.862593207508741 0.926385473740745 0.966668974587872 0.494968127697175 0.367233911736153
