target intra.RMSE intra.R2 multi.RMSE multi.R2 p.RMSE p.R2
CDON 0.0130055156817371 0 0.0130212718337415 0 0.500382151011862 NaN
IL11RA 0.00892484260125522 0 0.00893523486954277 0 0.500355137065039 NaN
PLXNA3 0.0176777316216144 0 0.0176847490391434 0 0.500181333945379 NaN
NOTCH3 0.00893264915877 0 0.00893849203319344 0 0.500198926996539 NaN
DCC 0.0346703885743839 0 0.0347221398472172 0 0.501115764365202 NaN
OSMR 0.017934570258412 0 0.0179449831407725 0 0.500269678416784 NaN
TGFBR2 0.00890168037975205 0 0.0089072691044063 0 0.500190918067873 NaN
MC1R 0.00890384969613599 0 0.00890755835649268 0 0.500126694764111 NaN
HTR2C 0.0177657051528543 0 0.0177800794601131 0 0.500372007460336 NaN
BMPR1A 0.0698590274366322 9.41357043416913e-05 0.0698934449739507 2.83147859166277e-05 0.500667000901975 0.815421332205398
ROR2 0.054732894500868 0 0.0547448268497149 0 0.500239767784567 NaN
IL20RA 0.0683105733343061 0.0013499370527839 0.0684036091405255 0.00116184372161547 0.501478992789951 0.543172431841335
DDR2 0.00890060591977284 0 0.00890366801020835 0 0.500104601639609 NaN
AGTR1 0.147161078734971 0.000276927780746727 0.147197738334745 0.00113927459894068 0.500717791608776 0.123200143462992
LPAR4 0.0305294669946666 0 0.0305623266180288 0 0.500651753486346 NaN
IL20RB 0.0216822345078461 0 0.0217004942328385 0 0.500385679636027 NaN
PTPRM 0.123584596454644 0.000215030912887892 0.123631581741239 0.00076493253889629 0.500669776535616 0.143830495359261
ROBO2 0.0376482513829267 0 0.0377005106483961 0 0.500754657349596 NaN
IFNGR2 0.0262861160652639 0 0.0263072349072135 0 0.500481844897841 NaN
NPR2 0.00892303045739711 0 0.00892911784937272 0 0.500208014478806 NaN
LGR4 0.075467092607568 0 0.0754877936859561 2.9005155999462e-06 0.500353995115404 0.0903145328337932
CD47 0.135440681719804 4.75246711202582e-05 0.135490143382425 0.000190338420973002 0.500618685032777 0.168094027544821
PLXNB2 0.0814393866801881 1.11884265165951e-06 0.0815953282973591 4.76431705125568e-05 0.50470174407646 0.177211821676836
VIPR2 0.00906970202837623 0 0.00907278218592168 0 0.500105462066187 NaN
TNFRSF10C 0.0267239117904173 0 0.0267302861327452 0 0.500072589762758 NaN
RYK 0.0809466984758594 0 0.0809785351010103 0 0.500681801259738 NaN
NOTCH2 0.0508453099972827 0 0.0508553978136399 0 0.500182040183383 NaN
FZD5 0.0177711195256358 0 0.0177823873728447 0 0.500291642303581 NaN
ITGAE 0.0621734063012607 0.000117238446806278 0.0622436885223676 0.000178941972582136 0.500981433459837 0.337377094372915
IL13RA1 0.0467577989673566 0 0.0467976582183766 0 0.500769824230125 NaN
ITGB8 0.0467551832546831 0 0.0467849434815448 0 0.500575348055175 NaN
F2R 0.0178113791960106 0 0.0178255750871617 0 0.500367681228488 NaN
IFNAR1 0.0401146929939675 0 0.0402273706491377 0 0.501684437183965 NaN
NOTCH1 0.00890227282561101 0 0.00890475136631988 0 0.500084669049045 NaN
IL1RL2 0.00890414137411014 0 0.00890832980919663 0 0.500143085781589 NaN
FZD3 0.0510846342534141 0 0.0511201744047567 0 0.50078241174143 NaN
GPR39 0.00891168894490725 0 0.00891889548630523 0 0.500246221103304 NaN
NOTCH4 0.0089310832494714 0 0.0089323492029285 0 0.500043098504247 NaN
EPHA4 0.0176943983783834 0 0.0177064312754132 0 0.500311685793271 NaN
ERBB2 0.0662989931836137 1.31445412545284e-05 0.0663149927030301 3.59739081290167e-05 0.500325937877648 0.281409676176733
LRP2 0.149412709899292 0.00545832563399258 0.149459640693475 0.00542223078976171 0.501408350723276 0.503858772994438
PLXNA2 0.102323747713528 0 0.102350609821964 8.97542398999196e-05 0.50031751783893 0.119089725317971
CD46 0.205324723268374 0 0.205565920102984 0 0.504429779599665 NaN
ITGAV 0.132721960951205 0 0.132769661383439 0 0.500591678786383 NaN
IFNGR1 0.0655120485068371 6.97174071969897e-05 0.0655219424971979 4.92210574169927e-05 0.500147695360636 0.658197811908794
LHCGR 0.0176948354637353 0 0.0177056866899268 0 0.500280497536191 NaN
CHRM3 0.00892666214333897 0 0.00892961943009644 0 0.500100673875187 NaN
PTPRF 0.096868181956163 0 0.0968899145165801 0 0.50026152134997 NaN
TNFRSF14 0.0899270905551159 0 0.089980080984312 0 0.500993461145442 NaN
PTPRG 0.0176801025105434 0 0.0190541647501365 0 0.535729577769219 NaN
INSR 0.059182393396325 0.000653747368072788 0.0592358342707197 0.00067267426795018 0.500577034981968 0.492061947691007
EPHB3 0.0177055803089746 0 0.0177241551255928 0 0.500480255482633 NaN
ACVR1B 0.0555720138998755 0.00254568256690223 0.0566330217451631 0.00520806980010873 0.518479914546172 0.218013893028391
MST1R 0.0340962116880452 0 0.0341795921179003 0 0.501477650241855 NaN
LRP11 0.0727068244566763 0 0.0731170673379987 0.00158685647034231 0.507485836916597 0.0907770548157764
VLDLR 0.0176690673005695 0 0.0176778488555258 0 0.500226890460018 NaN
ADIPOR1 0.0844644004134235 0.00886720004607882 0.0844969811377185 0.00879194786706848 0.50050033148065 0.503210632032646
TNFRSF10A 0.00891175113608736 0 0.00891557405189193 0 0.500130612123818 NaN
CSF2RA 0.00889899063488996 0 0.00890279530873778 0 0.500129966235046 NaN
ACVR2A 0.0176392467991463 0 0.0176508547450289 0 0.500300431813496 NaN
IGF1R 0.246313741218262 0.000434919369648934 0.246399203583126 0.000309270134427542 0.501146603393631 0.591597044370308
ITGB4 0.0176819064477144 0 0.0177064637875208 0 0.500634710807107 NaN
NTRK2 0.0594617915044407 0.00980944902580837 0.0595130430887989 0.00985851339637052 0.500973028405527 0.498066870533663
EPHA2 0.0176397613579126 0 0.0248923844944583 0.00986019809749042 0.684573542577396 0.0841711414108675
FZD6 0.0628170202679744 0 0.0629724266190976 0.0010711183669367 0.503415804859491 0.0415786635536717
LRP1 0.03343146417843 0 0.0334888567123671 0 0.501006094821338 NaN
LTBR 0.0263781345199272 0 0.0264971139083613 0 0.50271605555759 NaN
ITGA1 0.00889850185748588 0 0.00890085154977291 0 0.500080263278636 NaN
CD36 0.16339314177327 0 0.163590590517622 0 0.504647219421361 NaN
PLXNA4 0.0302158402159158 0 0.0302600728317403 0 0.500871338834762 NaN
RAMP2 0.0432645297816717 0.000257741933464939 0.043301990169831 0.000331393577784156 0.500806217880775 0.378912895357285
IL6ST 0.155568129384415 3.00147892595581e-05 0.155597467515914 0.00140848970500419 0.500435141271225 0.081672418281209
EDA2R 0.00894512413070686 0 0.00894961999832013 0 0.500153674584082 NaN
UNC5A 0.00895071102309958 0 0.00895531520068582 0 0.500157388878867 NaN
ITGA2 0.00906389725937558 0 0.00906918446470805 0 0.500181017936077 NaN
IL1RAPL1 0.0216661033812345 0 0.0216899650023253 0 0.500503901602824 NaN
IGF2R 0.0948878154395428 0.000158421508781637 0.0949130779192337 0.000264474430930128 0.500382222315087 0.307288361921847
SCARB1 0.0176423616937439 0 0.0176551932292492 0 0.500332124060159 NaN
IL17RC 0.0262651223594429 0 0.0262916099847506 0 0.500604113581948 NaN
ITGB5 0.198350300737974 0.00917423694384131 0.198377400685448 0.00920491478163546 0.500361637121893 0.497997517871688
UNC5C 0.0177463046579872 0 0.0177600334491501 0 0.500354388722761 NaN
LIFR 0.0585959765585555 0.000160176570116266 0.0586953900017362 6.85599317020946e-05 0.501864254639713 0.695780236765535
BMPR2 0.106817931044318 0 0.106843942608506 0 0.500264028330916 NaN
PLXNC1 0.0216972580126726 0 0.0217229879084534 0 0.500542809946031 NaN
ITGB1 0.10795900695819 7.19882724590115e-05 0.10803379924208 7.8822998771344e-05 0.501020377280673 0.474830442777173
ALK 0.0347101472213961 0 0.0347410123972134 0 0.500664866254957 NaN
KLRD1 0.00894477170975148 0 0.00894892450277671 0 0.500141408035187 NaN
IFNAR2 0.0177090684389931 0 0.0177186741625344 0 0.50024780812939 NaN
CELSR1 0.035033488435693 0 0.035045252721178 0 0.500184630503921 NaN
ITGA6 0.096885348569732 0 0.097214357126903 0.00523505312159746 0.506164894557082 0.0521416743348363
IL17RA 0.00893022325468477 0 0.00893494477227882 0 0.500160742673443 NaN
LRP5 0.0467092993722627 0 0.0467547496543844 0 0.500876659540103 NaN
IFNLR1 0.0361705329755559 5.95149620983282e-06 0.0361770391650884 1.00709872227878e-05 0.500073269267789 0.364877742147115
EPHA6 0.0375407484739971 0 0.0375561451160508 0 0.500222319449809 NaN
NRXN1 0.149543856484169 0.000449539593372883 0.149696737375401 0.000406576747736309 0.504140675444595 0.53964585186503
NMBR 0.0353306627750968 0.000831542772410276 0.0353720998484291 0.000696975982156012 0.50090721382922 0.57241401108824
VIPR1 0.0504716105427901 0 0.0505296926942206 0 0.50103883158937 NaN
PLXNB1 0.0262976223765148 0 0.0263104066175626 0 0.500291734201619 NaN
IL10RB 0.00907073113158462 0 0.00907390525493143 0 0.500108680972716 NaN
TNFRSF8 0.0176503351353356 0 0.0176588959551261 0 0.500221603857752 NaN
EPHB4 0.0346871806771467 0 0.0346959816598639 0 0.500189429062225 NaN
EPHB1 0.0177088537715471 0 0.0177242822961784 0 0.500398020491885 NaN
IL3RA 0.00890196108621371 0 0.00890676415111269 0 0.500164078662066 NaN
RTN4R 0.0264944666796755 0 0.0265159432919151 0 0.500346466791768 NaN
ERBB3 0.107922194068437 0.000360394112592488 0.107986587694796 0.000377736441551413 0.500957925671102 0.485505323942864
ITGA3 0.0596337348013538 0 0.0596370988316808 0 0.500055771655194 NaN
ROBO1 1.02312279529948 0.0361917769468968 1.01957772247177 0.0396633936939385 0.488664774313477 0.416514134420681
BMPR1B 0.52097373687119 0.00340743143101307 0.521267080664191 0.0023665536341144 0.502203683291573 0.763867936927694
FZD7 0.0417272066370113 0 0.0417717950566799 0 0.500772217691791 NaN
ITGA8 0.00890229259668743 0 0.00890687707040977 0 0.500156611793191 NaN
KISS1R 0.00891580389107311 0 0.00891946774059045 0 0.50012518431934 NaN
ADIPOR2 0.0497404784460167 0 0.0498111234612563 2.51304126941854e-05 0.501241191955267 0.08183720189581
ERBB4 0.979412312757594 0.032225348664471 0.96723822757289 0.0554226921722678 0.428646959896412 0.136064449644489
RET 0.0859737955602272 0 0.0859921985597306 0 0.500343344111523 NaN
FGFR1 0.0386113843409073 0 0.0386219750033026 0 0.500203862298571 NaN
ATP6AP2 0.190807812939999 0 0.190826121518053 0.000412615414362894 0.500225394646403 0.171718198068957
