target intercept intra juxta.15 para.100 p.intercept p.intra p.juxta.15 p.para.100
CTLA4 0.0892568060184144 0.166843200954832 -0.0531604091178115 -0.0465431331799894 1.85150738474087e-06 0.0369495149978028 0.46512095405674 0.354458318570934
FAT1 0.0357639209129866 0.653451584052284 0.0825534534507696 -0.0338039731576093 0.163227068403021 1.97978962912351e-28 0.140315416282606 0.471508503511657
CD14 0.151183579876781 0.266799147009237 0.0705184737842376 -0.0137780223451332 1.73015164505837e-05 0.000100170958917243 0.253732168986418 0.764410475852413
CD68 0.115042656738735 0.471748157017645 -0.14020143628645 -0.0419619577600811 6.01303144199308e-06 1.16067071240085e-13 0.021029286312978 0.383631980458446
ACTA2 -0.0385632240142786 0.916887215908006 0.0424532507204148 0.0233094866742101 0.349836141844612 9.57951887687737e-131 0.389118797537376 0.559883925036926
PBK -0.0805704781327469 1.05599955142313 -0.076430130345812 0.06310625052603 0.139727294065852 1.29400542872045e-300 0.141140996369358 0.0974957645890668
IL2RA -0.0197439160587507 0.983025425818116 -0.075718611637185 0.0607457069254683 0.894182125787888 1.88653219716201e-104 0.241115886620384 0.143183977905505
BANK1 0.258184365840937 0.157320039621528 -0.0809535782273551 0.035376078769116 2.10862881106491e-10 0.0331559432098524 0.158633497325922 0.422633514739005
GRB7 0.149336172298638 0.776442556546268 0.0214575233926223 0.0366051434666248 0.231194032059562 8.85361618099966e-47 0.736931750489864 0.393605876374708
SOX18 0.0907582090207202 0.60246314924978 0.00301726000766503 -0.0355940322115922 0.00384705232753151 6.69040047266034e-28 0.956463523907709 0.438366094798452
TMEM45B 0.26048987092498 0.476475344277843 0.0139056123849159 0.0716623573783043 0.00120222968624144 5.73241317062069e-14 0.827170963996759 0.0946821838229232
MAPK13 0.0267362530667884 0.857035629631184 0.0453892578853653 0.0619481217753947 0.884553209144224 2.40512875794427e-70 0.517453187659306 0.145506386417075
ACTG2 0.0938828537471786 -0.00480244420911641 0.0302304263875943 0.0950915946571629 8.74453177938701e-07 0.95049955977884 0.651329546409324 0.0722286058149062
MYL9 -0.0926668390719074 0.926104166626599 0.0338028614361891 0.0491484489744516 0.298543850040946 1.69904972503237e-114 0.549950456337304 0.230621272096961
RB1 0.125560706858525 0.804282852421619 -0.0191594567680927 0.107700786562602 0.491689015084627 1.76936517196131e-43 0.786918117220234 0.0119238282241064
CEACAM1 -0.328375353768233 1.0111301928256 -0.0609972211207021 0.141807730189724 0.10037065349424 0 0.200421613775706 3.52468315704094e-05
CD163 0.0417348960217899 0.790384209463577 -0.00494136762352078 -0.0257761795556876 0.351840195960603 1.10953855325195e-51 0.932327454853681 0.570860971172534
PDCD1 0.111672314577028 0.143410635689408 -0.0586636435517313 0.091445553764676 1.48818433196058e-06 0.0671007545424419 0.300622860184185 0.0578134451326206
CD69 0.307481594015824 0.52292483323227 -0.0195878364416429 0.00810763861244664 0.000317122068875675 5.24190844440033e-16 0.760443022243904 0.853114700148158
FCGR3A 0.524321869857251 0.416992591877426 0.0749359622702426 -0.0498766871937555 5.03454166862116e-06 8.79580114837323e-10 0.237865672667566 0.27892034376731
CTSL 0.0796237624978025 0.848785649729191 -0.0270975130968577 0.100680539985507 0.631251764087979 2.05444276637699e-57 0.699779847514119 0.0187104647403455
KRT19 -0.53082105852873 1.03061363942429 -0.0749274911653711 0.113693546437627 0.0174117891140473 0 0.0246382539131663 0.000101624296884441
GSN 0.187677781918973 0.639236250096929 -0.0422012279441448 0.133247420826838 0.0487759055061675 4.72116296957191e-29 0.480669773647943 0.00222451366431915
IL32 -0.0455443226153386 0.748728146282214 0.0425243382679868 0.157445654730808 0.548579229518694 1.27792859668937e-41 0.438818050495711 0.000157178567947014
BCL2 0.24154566781749 0.888746751205346 -0.0127859245771355 0.025879552799038 0.25266279295099 8.22779933975941e-88 0.856629497941722 0.535494109011727
MYLK -0.046115575696925 0.953539214547843 0.0156438979863992 0.0502299281835808 0.204973302141714 5.4891030378127e-197 0.74455907861201 0.204280075865873
CD19 0.182158624617301 -0.0125504515431243 0.034132130375907 0.0500124501489108 2.46030111183325e-09 0.870936330367342 0.568793752192681 0.301644883208472
MAPK3 0.238146718557753 0.536605748535613 -0.0390007297450248 0.0886683823664834 0.00301979648049345 2.140025389705e-17 0.510038376311219 0.0469258756242334
TMSB10 -0.272644111865558 0.773923651642187 0.163026978923255 0.16981639373353 0.0660160489508361 1.07897119320528e-50 0.00844640272893906 5.00554713972415e-05
ACTR3B 0.377408601035825 0.687171749555691 -0.0120559418804892 -0.0160749065412415 0.00445473282075468 1.79006970437797e-30 0.858750808360252 0.712796181991229
FCN1 0.131993523543667 0.261451880391909 -0.0589488693259761 -0.0623945283455981 7.50544118206559e-08 0.000312630054202765 0.325553317880617 0.195268321899026
RPL13 0.416452783982018 0.576428193279299 -0.0416330367013259 0.0464452209648619 0.00112622413345234 3.09165818662234e-18 0.519154772124272 0.27983774279461
CD7 0.225549320787048 0.270740362518979 0.0379240302456592 -0.0667193976751753 1.24287576107344e-07 0.000196040762518374 0.510338446736844 0.137363686846973
SOX4 -0.491147011945205 1.06704530282721 -0.0640461986953667 0.155658248111671 0.0596775499814345 4.92400656306891e-122 0.361653014604469 6.74846038362871e-05
GZMB 0.183031003970013 0.0500661011443065 -0.105103553642896 0.0288483732779544 1.07750061292018e-10 0.50865569491654 0.0823845584131761 0.542586524293102
PDPN 0.426159717865941 0.133160966108977 -0.0544956444299907 -0.146759370300614 3.07351601941922e-15 0.0647435920008142 0.401358741003241 0.0018495175465403
KRT5 0.396483705651173 0.144357727713984 -0.0775877323911361 0.0780017515374431 6.40212184922468e-10 0.0501788272914524 0.220789514469643 0.08634396979741
CENPF -0.42467447167671 1.10246831639428 0.0827697855660175 0.1358746277434 1.71613792883837e-11 0 0.0626501051521284 1.50567412418411e-05
ADGRL4 0.0774434986402061 0.718410160242733 -0.0375929131409248 -0.039818547453768 0.0207234284311133 1.84541763330346e-52 0.478093255468068 0.390384618561809
BGN -0.137215153512354 1.01142493169876 0.0174382519502246 0.0474895662563099 0.00230091642207942 0 0.604423596856843 0.117983868885907
FCRL5 0.123479279495697 0.236199469215613 -0.0533801216392247 0.178210104637369 4.94933487943547e-05 0.000733546034282671 0.356360291883535 6.75250379838201e-05
IL3RA 0.341800549850567 0.1303873722167 -0.0135958010296601 0.0881080744801763 1.38681474086224e-08 0.0758587794889793 0.822373928079193 0.0509021051217895
CD2 -0.0213291083851875 0.805616143146083 -0.000137412661797616 0.0979417020657889 0.58888832378388 3.96095861447126e-47 0.998151764664532 0.0171599649833124
CXCR5 0.322966322967681 0.509111624258138 0.0548858050550317 0.0235075200316184 0.00132373338142301 1.92306718793266e-16 0.396643399969732 0.583337055845645
TP53 -0.726314389022008 0.999594436117276 0.0839562589646185 0.135596597143931 0.0153102715276074 2.76978973924085e-108 0.236099666014859 0.000720878320416015
RPL18 0.18137579653289 0.655324118521994 -0.0155587993777232 0.137404296111814 0.133670797696576 1.631870859346e-25 0.814676629072659 0.00136624982466302
MDM2 0.305952056504127 0.533768058022636 -0.0241776094822226 0.0486280607503236 0.000669771910302897 4.78113821292014e-17 0.706468710141651 0.258851355605767
MYO10 -0.244619182509664 0.933501808004599 0.119273784728428 0.0379901781876004 0.220296632079559 5.04637855479083e-72 0.0871911724514451 0.372421366997268
CD74 -0.705668618895078 1.06985236993358 0.00684057005513801 0.258516213966942 1.98152294700555e-07 8.96432200398257e-174 0.908274024860883 6.84958318196378e-12
PDZK1IP1 0.209607433028147 0.481318679314979 0.0817398150491798 0.0141172374390508 0.00236261140575066 1.23720532606896e-14 0.180168372585109 0.754560016722968
HIF1A -0.186381722103211 0.902125140492675 0.128304986895582 0.134153984868837 6.35085900208495e-05 2.64496883163101e-186 0.00390389311003345 0.000645136284807682
CEP55 -0.143220524356002 1.0917820078106 0.000114304050206065 0.115281825049042 6.04383571005917e-05 0 0.997891695168845 0.000385855365790295
BICC1 0.106031279267743 0.328636783258115 0.166007814441376 0.0521028307314975 0.00470881069421768 6.04942933037997e-07 0.00237498394038229 0.239246690324087
IL7R 0.271055870539516 0.223874432958255 0.0509611662063637 -0.0251764389544923 2.56206229027376e-08 0.000976175668860568 0.39897187716577 0.568843371575684
TPM2 -0.10576181646445 0.900978249044481 0.020962326848199 0.148401939119897 0.0287640957904675 1.71740346922075e-137 0.674654795098817 0.000110354236274005
KRT7 -0.691537448124823 1.0226059976229 0.0181542790372418 0.0830082251344587 0.000972337721008898 0 0.636411405986159 0.00798675098839596
AGR2 -0.1360332750383 0.949235971466728 0.0604093332320384 0.0358691348422554 0.464508852830586 1.07625071886274e-110 0.371503418538814 0.382208845018481
SPDEF -0.68968487905671 1.01016781482974 0.0532329617856139 0.0591110186759835 4.71959709357086e-05 0 0.103083493484614 0.0437821750304681
MELK -0.131691631384849 1.11956468999478 -0.0245478561896256 0.0146131370025106 0.00603293808786277 0 0.580244749344052 0.657334042853085
FGFR1 -0.0164144114182083 0.936523711434566 -0.0860267506600072 0.143545733136632 0.93713733774506 2.11198194085926e-92 0.208823464744305 0.000352581692132271
CXXC5 0.0866230899770398 0.78959250222005 0.0429426452988745 0.0565329317794115 0.53669179010531 6.47488006451933e-48 0.526525375939768 0.175418236273895
PECAM1 -0.08548799993566 0.969048859975794 0.0487248150384279 0.0971731213557161 0.0079015872810553 2.22982190716392e-190 0.29681472977554 0.0145979950466758
RPSA -0.421802424932788 0.979152947009963 0.0790852703905278 0.0753754976585263 0.0922562395614703 1.81875923351774e-127 0.238271744005154 0.0596408816970728
MYO5B -0.147720986735009 0.926968880867362 0.0767845419371712 0.038509752318444 0.386409956131433 8.30929080933353e-92 0.256938524902441 0.364122475471887
CD79A 0.246807043437917 0.48916526455463 0.0434943494887137 0.088993409947481 0.00776283287992298 2.30095624413167e-13 0.495217389000811 0.0400549674649396
HLA.A 0.230268415429193 0.501031818753855 -0.0612886728805164 0.00415804068113651 1.14641951176807e-05 1.47051985961326e-17 0.259768038062526 0.926674780259813
ISG15 0.181063140303248 0.362450904599627 -0.0708324717127213 -0.0633927370187363 6.02805608122744e-08 7.22354895598842e-09 0.244356607665746 0.182501957332804
CD24 -0.584856362619474 1.02870332629131 -0.0770118136767779 0.141507525478392 0.00727541545427982 0 0.0416165315335421 5.23522975999628e-06
BIRC5 0.155850649812031 0.49421768399094 0.121753299136612 -0.0314616428476565 0.00722441010940748 7.71258538505294e-17 0.0342450556848835 0.493046539916105
TRAC 0.170650408787146 0.417072112779902 -0.156073324726704 0.00416702262772221 1.84973363671849e-06 7.61454051262887e-10 0.0128684793757344 0.931077248009696
MIA 0.18662730664751 0.0391138049988553 -0.107252954203142 0.0450118322126602 1.93191975653331e-11 0.601024868355333 0.0835136953969296 0.33542908116169
SPP1 -0.000112644153662275 0.640893101414211 -0.00169190296777477 0.221944001611594 0.997066667734788 3.3681952711258e-28 0.97592199268968 1.28901858648381e-06
CLDN4 0.125518122635617 0.5956850262001 0.00389574204734023 0.131464935048715 0.115053797826261 2.49090300159552e-22 0.951248539230131 0.00284416831124963
FGFR2 -0.0475798936653464 0.716788492615824 0.137587536148627 0.162412284803747 0.0906039735837491 1.67917693934006e-33 0.00628340177878496 9.91657108415294e-05
PGR 0.231960216157092 0.0188127756110504 -0.0529450442274808 0.197710790400975 8.27922231485408e-09 0.80727420816747 0.374597708281355 7.86403718156642e-06
RRM2 -0.0790589582930626 1.18652957968601 -0.0517183677402406 0.0252016189290053 0.00988295887070604 0 0.252020144460467 0.462735135235002
CD274 0.0977227608161544 0.089342943770946 0.0699865431607201 0.11001843270125 3.2354472972566e-05 0.256229027000711 0.228413483125457 0.0145647304051127
CD79B 0.349820804068149 -0.0134127231669246 0.00229490210109785 -0.0673760763639678 2.80797906981993e-15 0.85719671146028 0.969555622993995 0.144228578243942
DCN 0.122996563791615 0.693038723707209 -0.11137944456994 -0.0167209325870499 0.00184717668725757 1.3881121140526e-41 0.0456766850746766 0.721155507462951
AHR -0.456096390134754 0.994207027214354 0.0634728156367517 0.0664953678279313 0.0570184869743783 3.82745076779486e-226 0.255190105269453 0.0791409230865926
MZB1 0.144210194195578 0.764456391573034 0.0158506976689326 0.0179035096771418 0.21334752874904 2.866032554353e-36 0.806736528784219 0.680668333109816
KRT8 -0.393869586931068 1.04549906281088 -0.0471236484313992 0.0592246489071913 0.129188913210856 0 0.215802938662944 0.0669476755451973
BLVRA 0.28893969065078 0.0668486782294788 -0.0472912833779966 -0.0697996856827933 9.68088572956418e-14 0.358757848057824 0.416258056490014 0.141939159440332
TRDC 0.241801123291158 0.152195538833347 -0.0169296341921298 0.00389362627891997 3.51071590514795e-09 0.0362293684652224 0.776593809562591 0.931030467186234
HLA.B -0.286820014265956 1.01084913290965 -0.0278295603673329 0.115855953048112 0.0721262572755154 1.4787955664024e-109 0.660612126963488 0.00380823292916688
ISG20 0.0468884454929438 0.748719817771355 0.0604271792152282 0.108573324241651 0.737510785435935 1.53905630611633e-38 0.355640637934966 0.0107786764214743
MKI67 -0.0890789401770899 1.10947472712583 -0.0198196161445803 0.00246594612660641 0.0369148348136002 0 0.627106573651403 0.936060766032251
STAT5A 0.438500148369788 0.135913654449981 -0.0492235634835824 0.0292937113667674 1.29330085985745e-11 0.0543017262871196 0.435997167992219 0.517090470710351
FGFR4 -0.804725093290941 1.00130947988 0.0945604120327323 0.153258725389917 4.18200327067295e-05 2.51106715374615e-225 0.0904269411424693 4.73041053053467e-05
CD8A 0.200079107700658 0.070046833889416 -0.000585904506997338 0.025327290614575 3.05600552348748e-09 0.348838666523644 0.992084791902657 0.598697966587764
PHGDH -0.222782374213316 1.00159929017181 0.111902110102275 0.00174524692099479 0.013712774580679 6.52401095946194e-136 0.0508048930985663 0.966308259044147
S100A14 0.394395168278098 0.400342904031428 0.0334882576269803 -0.0167199463882076 8.40942094806895e-06 2.10242173946928e-09 0.588571422915946 0.70775155024815
CD34 -0.112242842792464 1.12714966832054 -0.0218864491318693 0.0223694471415013 0.00014778538955798 0 0.488759354257727 0.471189036284563
CLU -0.361478549087574 1.00291079311911 0.0580745927762092 0.0337150418285541 0.0931340712485437 1.6692701384617e-304 0.245001682658259 0.368216086689654
AIF1 0.167135642638374 0.0439972123849643 -0.00468318876531827 0.0968617168218978 1.70222774767267e-08 0.541484946917223 0.936880485216879 0.0441653262786243
LAG3 0.344664438937793 0.334689016977066 -0.0179582868552495 0.0495156587397153 3.39256145114157e-06 1.07163839252294e-06 0.781182435706338 0.264723500138202
DERL3 0.503559175685279 0.335548043835345 -0.0908110438795838 0.0962445494864474 1.41796429489128e-07 5.89867991411471e-07 0.162190353496863 0.0311479846917873
NAT1 0.0927077698453114 0.782950480371731 -0.0419126231274884 0.135764501132991 0.461154893135285 2.64006049982507e-42 0.527828788923367 0.00106078913730472
HLA.C 0.30179540716136 0.557120876840037 -0.0279522737539924 0.057660965048709 0.00246571398433902 4.86593348190634e-16 0.658538054085418 0.185156461110074
TSPAN1 -0.426000729067874 0.99181878413244 0.0791894251108367 0.0788446511604911 0.0225960719263849 4.56679093668363e-218 0.177291598014655 0.0393336405975874
ITGA6 -0.441237111263756 1.01365909284097 -0.0237149381129552 0.139728783636785 0.0717510454433514 2.5848555432179e-183 0.708955469357276 0.00023970938429875
BRAF 0.621074272704614 0.258983206041967 -0.165969703861164 0.0171647582918392 2.77233931973872e-12 0.000215786072087541 0.0097160945433155 0.708109448937367
MLPH -0.57679239222268 0.982131727180317 0.0921221769131173 0.0612575997675612 0.00174979848994422 0 0.0297130380848428 0.0768392226044239
PI3 0.132175382672147 -0.0479624622526322 -0.0151691197808272 -0.0508870898287014 1.5249679302414e-11 0.531538541972632 0.779147856108506 0.277859985261866
FN1 -0.197999075515215 1.04486614690514 -0.0142407715646247 0.0667744792622824 0.000289288989723027 0 0.665320845363928 0.0216468968846838
CD36 0.281786028107259 -0.0258719193156841 -0.0467234110472177 0.0615071960190531 4.82569011463385e-12 0.737059015045116 0.440635761256152 0.171293563040281
NCAM1 0.0172992072619088 0.534550711871624 0.0231458016609069 0.127602706892161 0.238120812826761 1.18453254345882e-16 0.687820198702723 0.0189812463098488
STMN1 -0.209513032640124 1.04988503937185 -0.0596307897193743 0.0961817733322348 0.0614537918733315 1.65804896667434e-259 0.30859597894029 0.0111155553421678
CD9 -0.0619733033590607 0.947065440563265 -0.0766944392829817 0.151143001973607 0.759893921037898 1.21050851400224e-111 0.258550186909131 0.000229221154438991
S100A4 0.256819369652961 0.626029157809671 -0.0575488520921761 0.121003666420143 0.0166824434773348 1.94264021614258e-25 0.369657665129076 0.00613723311116644
LAMA1 0.313974058675727 0.297356881157467 -0.0470584120513457 -0.0415790761045686 3.87535931572263e-09 1.73226834376833e-05 0.431078313675388 0.3768883696243
AKT1 0.464142905428886 0.968329735714381 -0.193362845222714 -0.0279751022244425 0.00900905545273553 4.1501497809007e-85 0.00507381397153933 0.51585138409602
HLA.DPA1 -0.113679353898361 1.02975151218508 0.0970193322958094 0.0207400263454977 0.00242022532490341 1.07845059269657e-245 0.0425009706693571 0.592485734299464
C1QA -0.0291779760558963 0.818315769053809 0.119934355148435 -0.0290544724930107 0.461401924254061 2.62819870128484e-89 0.0237792146798899 0.501808881948698
ITGAX -0.103892730030402 1.08592824044147 0.0601255002495673 0.0106771131071699 0.00170032629736832 2.65907808112771e-292 0.202385981254843 0.773515497787551
MMP11 -0.0379917448186745 0.935063058616164 -0.00663587707551467 0.0631142055579554 0.329420567091096 6.39321132356899e-150 0.899462673770101 0.112468408463157
EFNA5 -0.0610584975530239 0.877696606314722 -0.0729455866449792 0.188522009744052 0.646270346239318 1.67221524089771e-72 0.272781145723951 2.30106097226979e-06
COBL -0.0821380450027086 0.996326988830318 0.0014611484563942 0.0357284124018125 0.678728134445681 1.25317305249387e-194 0.980524506948543 0.365357431703113
CD96 -0.0170538065864191 1.07911076990696 -0.0672995869045748 -0.0356549397055592 0.390444574780454 1.16696046838274e-128 0.249472513639325 0.431058870095831
CD38 0.281307557556934 0.354383168215114 -0.148088393368556 0.0527529134340667 1.1187745530477e-07 2.53389439443317e-07 0.0196873754375079 0.230081858477552
S100A8 0.15988759473708 -0.00448547188851712 -0.035556241336682 -0.0534420731164469 6.2534832852504e-12 0.953055684258332 0.525338727001728 0.273634844141126
NDC80 -0.111211610240824 1.07064463975742 0.0160951226733681 0.0652124895810213 0.00424445801100667 5.71572638716471e-295 0.743937787458654 0.0933118870787643
FOS 0.0557159955116843 0.609410366300451 -0.0339393790613053 0.174165937557703 0.293885331347923 8.87182238511158e-26 0.579687923374493 6.44472833385434e-05
TTC6 -0.803472551700734 1.02043414915459 0.0419262245664363 0.0681794284189041 2.11992570875804e-06 0 0.163499657032351 0.0160818527295928
ALDH1A3 0.186376789329876 0.195846714197668 0.0803954240903658 -0.0537297082329801 3.11419419253517e-07 0.00599544192996794 0.206711461561065 0.241179002042595
PIK3CA 0.421376860019561 0.58659407082735 0.0749401669932331 -0.0463323937076342 0.0010957499829386 3.79544758771797e-20 0.248770697759945 0.293938739001389
MMP12 0.135585473034047 -0.0599959901976245 0.0818500136402301 -0.00332708263314838 1.25397850668309e-09 0.444090066679404 0.17179612483752 0.946851107291807
S100A9 0.109068396351218 -0.0929931856564405 -0.0421810989591918 0.0310769345252725 7.27172380558094e-10 0.244355303055201 0.471857747006579 0.548803223739328
C1QB 0.0751883135719885 0.91123321600086 -0.134780268909038 -0.0390255051369488 0.0844859649398698 4.45549793623178e-110 0.0161682233919063 0.378785807840153
SULF1 0.25546678888156 0.523807063205048 0.0593080239113916 -0.0510318932685657 0.000386196000607058 1.83939558091712e-19 0.332814001211476 0.238135150006924
HLA.DRA -0.130706412333085 0.953049864218302 0.0462805706542801 0.0559910277609036 0.0468999048814363 1.89170631744558e-167 0.419358327280421 0.172168463137693
CD3D 0.0437554310387886 0.611708490995809 -0.0593051009610017 0.013766309748319 0.0188635773845879 1.2451398093304e-25 0.283526723879204 0.773889905324952
LAMC1 -0.422138358616346 0.972779663353722 0.0408285965452379 0.120177802528968 0.114371081491184 4.33676337766924e-101 0.571589649715856 0.00299167826360387
TTYH1 0.062015666406055 0.142252031353695 0.169565009514951 0.0145617986698081 0.000208755545674128 0.0326578282589745 0.00326926909427059 0.777440324585961
JUN -0.105564857940083 0.869722025262549 -0.0534691532678055 0.195085799757061 0.470083120636933 2.91896705963039e-50 0.411655675411905 1.88429842650035e-06
MMP9 0.118066324065609 -0.0105963536357943 -0.00794918845590432 -0.0287001116431323 5.86655129588182e-10 0.889787953869288 0.890600677710215 0.580334936718327
COL1A1 -0.132804885392481 1.04783765539158 -0.00676714224341213 0.0035240456893309 0.060111654150592 0 0.877930623828427 0.916416725364175
EGFR 0.603289872872542 0.300824135010857 -0.00102407666410861 -0.0519768602953463 1.35706072029165e-09 1.73097316923388e-05 0.986261273722161 0.253874086825763
PLEK -0.0503215504542257 1.00028399035933 0.123368923855921 0.00736465025802818 0.038658828430558 4.0967910251094e-130 0.0373062475206548 0.870799093515288
CDC20 -0.0910212185640444 1.01991555806749 -0.0445926417687565 0.036143482658117 0.213554117095048 3.089978318749e-187 0.431407742733624 0.35911695564965
NDRG2 0.237139596394204 0.785584561764507 0.0400770597667582 -0.0396604449205566 0.101036524370903 5.96961950953281e-42 0.534977524810914 0.365805632023583
ANLN -0.335950542218936 1.094204816693 0.0861264752390858 0.0231241640155082 3.73470773283563e-05 0 0.082261423035935 0.507066302948996
CALCRL -0.0695585648712486 0.949953253897784 0.0481850884172039 0.0732772316216578 0.0199523708206157 2.28825701266332e-145 0.289923670480427 0.0911188667485087
CD3E -0.0218124767089007 1.10592922039432 -0.0823844417668671 0.00775374596523011 0.224628904279896 1.07237925358005e-151 0.144867372695595 0.867124201643637
HLA.DRB1 0.104727914376771 0.639718016908492 -0.0173680026632073 0.0668906692620961 0.0570526964514992 1.14211516717784e-33 0.773660920284265 0.131629114669202
FOXA1 -0.276861107563739 1.0119467643518 -0.00339093386619212 0.0390932836887601 0.143864184112754 0 0.920872584236804 0.187455057395165
SDC1 -0.414624768261787 0.968241016730613 0.0346946612675714 0.140612783771114 0.0414569501595825 1.95271792024778e-150 0.585676462768349 0.00031809362004061
LDB2 -0.144351082722687 0.962350183701452 -0.0255383576154633 0.104543977728713 0.0721573873486519 1.15662517625329e-184 0.615766878538606 0.0101810450171486
TYMS -0.205076149740505 1.1783958675915 0.0118595508631966 0.0462384851369353 5.95920620677262e-06 0 0.774394869737342 0.144686801603078
TAGLN 0.425343260862621 0.325833011459406 -0.00651378095775714 0.0306209572990424 6.06524270658141e-07 4.17796845207736e-06 0.916872808500247 0.48745024741089
MS4A1 0.353454924164988 0.242435686343579 -0.00242229999425185 -0.00818844402436295 3.77184422672693e-08 0.00102165567381248 0.96841002977523 0.85969157642243
JUNB 0.00888763373787772 0.908408048411019 0.0727607960599361 0.0101806194542695 0.97361160678439 1.03333011384052e-66 0.321686792300085 0.811813455524255
HLA.DRB5 0.204684234775252 -0.0540061491356967 -0.0313548088139398 -0.0492529225214166 3.2556562700121e-13 0.477940495932967 0.633206775403766 0.30124633954443
COL1A2 -0.169741881463207 1.05530330308836 -0.00889730601013584 0.0922902881372894 5.58397093370923e-06 0 0.766416339096158 0.000505982043115847
CDC6 -0.0800954191606099 0.939284986656957 0.0367171565010052 0.0440989442572269 0.234339151218221 1.4702393343365e-101 0.512062323885065 0.289098950822096
SFRP1 0.0040385021956211 0.779974601989361 -0.0270218021255198 0.112676301510302 0.803027073429477 2.15726668355686e-37 0.66767199893801 0.0245251920530227
CAPN13 0.311087024152492 0.852755269044564 -0.124963121274461 0.00517231134315066 0.0205139071739927 6.30006357021165e-64 0.0540907068666165 0.903812269073734
AP1M2 0.145660344686729 0.57169421910875 0.00991930137062203 0.116039228508352 0.0528926724651476 3.26130664620876e-21 0.874010092140815 0.0076232175661203
CD3G 0.408988806022411 0.290067062151874 -0.0345453459203892 0.0642926911129492 1.4460508732627e-07 2.8287689440167e-05 0.575012151579095 0.146290905039141
EIF3E 0.534851396192364 0.400663037487435 0.0617012600065494 0.0121004578291858 2.30394972985964e-05 3.59249647882716e-09 0.324676613284815 0.785915681687057
PLVAP -0.00970528187888076 1.01652177787697 -0.0691025267076329 -0.0190170799105691 0.882099196646417 3.65744652244341e-180 0.18724528295362 0.653417935538461
FOXC1 0.354995502602937 0.204400374264859 0.00914129334396937 0.129753641724547 2.38159831885905e-07 0.00373915473411976 0.872439787513103 0.00292570218823045
NF1 -0.119053258074468 0.942005442210091 0.0516600657082539 0.0375110317579766 0.640914068669932 2.44274674223777e-90 0.476436411162972 0.366051103565544
MSR1 0.0134629165121573 0.838299466629573 -0.0402176139243786 0.0471675792422679 0.691320851738344 7.1402297457331e-81 0.466038255113035 0.285280870992336
LGALS1 0.161740076136243 0.767455832852147 -0.0251523541875004 0.0211723212614308 0.0593211128719815 3.21209361006294e-61 0.656444004652064 0.620033378015753
CCL2 0.0988194223847774 0.201208337110055 -0.0459798743411615 0.0957641609998394 9.09136290715538e-06 0.00914514400283132 0.420406858142651 0.0500329805651848
UBE2C 0.0497341840928384 0.796633017199591 -0.0363054853802523 0.0123831014781245 0.245860551145273 3.72110560954954e-67 0.532098604552057 0.783594937728663
KIF23 -0.216822587501073 1.11632384838367 0.0467874120886046 -0.0161307203534376 0.0014504393788761 0 0.320101609451716 0.625317639596086
TBX21 0.324631827067632 0.176057213855505 0.0414700369863679 0.0170927520420654 2.8812983773561e-08 0.0152226948043544 0.481458635991047 0.708868663790067
CD4 0.0661496627217436 0.69830587284741 -0.0389703434785267 0.0247813544500467 0.046715345739919 3.4469056370252e-48 0.520824743209349 0.567126024850602
APOC1 0.180574967712977 0.59793373682452 -0.0630483286562886 0.0175395319538329 0.00195869412726304 4.76847960987378e-25 0.308398950066223 0.708200633460302
MT2A 0.114049320547206 0.0125292201324254 -0.077064099375209 0.0447609711717533 3.58563273954527e-09 0.870158243508339 0.163076744879532 0.377723381807441
HLA.E -0.367748485469442 1.00749251321186 0.103620995628175 0.0655405442562155 4.10115562102999e-05 6.91342270610855e-251 0.0281110957283057 0.0820858104729668
CDH1 -0.12372747775553 1.00611412153884 0.0993377643195067 -0.0580620482856832 0.530943297841585 4.56405358826932e-201 0.105123081860575 0.142248336876326
COL3A1 -0.0780673859331517 1.05600789837104 -0.0549906989572194 0.0468710011741515 0.0344830983699502 0 0.0882922780599453 0.102411628831664
POU2AF1 0.203866174221901 0.20167769844064 -0.011230720954255 0.0293220177402205 1.93312438108166e-07 0.0101570252105629 0.841088129824515 0.514813408411205
FOXP3 0.26670328496287 0.254130696509401 0.0574543151121663 0.0630123642543457 4.67718310193571e-06 0.000414618068943206 0.335782647524117 0.148462847825196
SIAH2 0.0343399381761301 0.790311920223787 0.0389588836510923 0.120991301317936 0.849537275898386 3.49228182387428e-54 0.572348645673518 0.00404003222114633
LGALS2 0.253505485448233 0.156932952435669 -0.134705590713021 -0.0113142722042958 5.73570264410437e-12 0.0360518339811816 0.0175889342088405 0.796215123540528
ELF5 0.463406479402723 0.223818291607392 -0.153471702081804 0.144271916068985 1.88514192663051e-09 0.0013737976913432 0.013309227210974 0.0012704636962376
NFKBIA 0.518507825867183 0.518764971523468 -0.0233296774329815 0.0127317933464336 9.36897225270316e-05 2.60462594055357e-15 0.728180666886114 0.773648740324453
KIT 0.157896354165736 0.385258482514898 -0.0495191852147652 0.0159070494406564 7.50858218288714e-06 3.50414426850646e-09 0.374369371030084 0.731671929146872
UBE2T 0.0121644246144049 1.01411609544498 -0.166930722061457 0.0582524916364575 0.847955877654997 6.47021716861279e-198 0.00343598289685598 0.143505327324017
CD40 -0.0972819134450306 0.936008095439885 -0.029659405781481 0.168147319806188 0.015643506437216 4.22153964848836e-161 0.531398166931345 5.99968494686204e-05
CDH11 -0.0599265397256883 0.930794688393497 0.147055812163361 0.0595694108751248 0.0147022805315769 8.08182566769681e-104 0.00850935766384774 0.158051228993112
CCL3 0.323833212220562 0.0726336595679141 -0.0510673972863505 0.0137482835061558 9.192058937663e-13 0.293617618179898 0.392620941224597 0.768991576462102
APOE -0.0467754931379427 0.991094273249598 -0.0750860640654976 0.0617520767141232 0.26851610635562 1.77114218367417e-206 0.156084789213783 0.13503006087799
TCF4 0.292928475378262 0.6309917363812 -0.0856175939637397 0.0886608787330725 0.00289043539870529 7.85739006542594e-27 0.181765395149675 0.0484060539682995
HSPB1 -0.623145590273124 0.981063495339486 0.0540016567312335 0.174981915427443 0.010742076046575 1.71034441100652e-91 0.436878550992743 1.28457412874143e-05
SKAP1 0.0170619418041642 0.714118285346385 0.183258301375664 0.0155095179629968 0.870348340573681 8.1631743552718e-35 0.00335968108525669 0.709315727718347
NKG7 0.254204461830754 0.219300652134769 -0.0841558163360591 0.00763891349849003 1.33280464641157e-09 0.00145442099346988 0.183937601544198 0.863423298173308
CD40LG 0.215465278453461 0.116439464856186 0.0691471238987895 0.0339294020750852 3.87048624779331e-08 0.0936601990492144 0.219168448214334 0.455333890450445
COL4A1 -0.16076554524851 1.03941389978912 -0.0103607443681007 0.0420685249378739 0.000293112117712751 0 0.712345877114348 0.127835739453581
MUC1 -0.902900332588804 1.02893517231506 0.00748347606505909 0.0686148666161494 1.88994510074444e-08 0 0.730131648181165 0.00186927994539901
EPCAM -0.0595370187607808 0.98459461169037 -0.0905837695097767 0.131922530703592 0.770882267859513 1.49906449830281e-188 0.142277751963117 0.000591337188897488
CCL4 0.235098953505477 0.118133206433842 -0.0341925697156257 -0.0719539443846374 1.83706630914652e-11 0.0969588010446934 0.588446789629747 0.117366854962742
LGMN 0.0642552648168189 0.742780104237737 0.0186893181710167 0.164368603949884 0.718083664824756 5.36632300648079e-34 0.782499729086443 0.000122782514056265
TCL1A 0.0622669723063613 0.127174216356186 0.0329524870270349 0.0235179852328511 5.33437451071933e-05 0.102428972426145 0.633414155981178 0.642500135253976
PRLR -0.204518156456724 0.995389396260409 -0.0028983352810705 0.064623036288395 0.328345586213945 0 0.954480630625957 0.0703481994509711
FXYD3 0.121676470404747 1.02652186450357 -0.0308477765883749 -0.0204234194546485 0.562226378052952 3.49264499752972e-301 0.573074622886611 0.587519159643524
CDH3 0.222200936416236 0.252242688314429 -0.0986175509482501 0.0211276123572029 1.35064724706458e-08 0.000626042530530395 0.102612275483615 0.643803510401982
VIM -0.477759190299006 0.992595861556834 0.0410801132531537 0.1542510376979 1.80501835729152e-12 0 0.197293330182064 2.14329224802601e-07
KRAS 0.0831108061110336 0.874874141662169 -0.00496848007705457 0.0785213207806096 0.68487431577273 3.75104773184419e-68 0.944069838897247 0.0631446121047992
HSPG2 -0.0739631490407806 1.07200260563974 -0.0417942203900758 -0.00138206501812738 0.0695347459182601 0 0.322587861048689 0.971557382682546
AR -0.37076658626381 0.95367177143477 -0.0114471149678518 0.169561220043683 0.0643664044783621 1.7370279903879e-242 0.827862684820838 2.60639515579606e-06
TFEC -0.00994920685288711 1.01434522610743 -0.00480155018430274 0.0131810279309117 0.566038417429901 1.36313912110297e-154 0.927379974503821 0.778322083802564
LILRB1 0.0155295662911069 0.921022793305592 -0.11251408433865 0.00748018963256092 0.481920431729304 3.39267109083856e-127 0.0469756303988381 0.867859290479274
CCL5 0.180548782373221 0.379312669056473 -0.0411432776053669 0.0290512614598812 1.74351644995692e-05 5.23283321572361e-08 0.483436890179933 0.506499134421113
SLC2A1 0.237121696271582 0.390617848534427 0.0522022725013678 0.0899355371754243 0.00162936669975145 1.75182038056117e-08 0.435230266995365 0.0428778973118792
COL4A2 -0.127028611464574 1.02130529253804 -0.03650179456953 0.0698918128760999 0.00291550749290344 0 0.229347411027932 0.0180093678607512
NOTCH1 -0.147608669961128 0.978818004108803 -0.00651360711042227 0.0742863649156416 0.0519213212795469 1.67252262131765e-209 0.895821592110104 0.0587453311353992
KRT10 0.102534523789661 0.0825477814289584 0.00155869230558375 -0.0817309883194676 2.19162859824092e-08 0.298683116794631 0.979710489853101 0.119753733106431
MYB -0.373601942300095 1.03519153085096 -0.00393446427348894 0.0814957614885804 0.0470241640335917 0 0.93811715225618 0.0202106652042103
CD44 -0.0105171439047042 1.04064735290311 0.00710619127502158 -0.0393873460338805 0.960497839111132 0 0.875533804713992 0.264876774844128
ICAM1 0.186232039764341 0.166638923618455 0.0681398032471995 0.0892851164885026 3.41027672631106e-06 0.016053152997717 0.233955537979486 0.050876678325049
VSIR 0.289360946975156 0.404934991749122 -0.00460790548257548 0.0249143708304711 3.7770127610611e-05 4.55639117442368e-09 0.938802186820055 0.580933198003522
CDK4 0.144309963462302 0.795601177258581 0.0531910820658724 0.0582016906438197 0.477670813065478 1.00012113046782e-45 0.455204351278292 0.179787566629907
PTEN 0.261269222793772 0.593329663370373 0.00204449706232604 0.141011686278197 0.0522236242414917 3.34047859491212e-20 0.975127856404214 0.00126636203276577
ERBB2 -0.362762236497216 0.996293680240596 -0.0141219250591171 0.0976338874296082 0.0850783095426197 0 0.755510360175094 0.00560222078496615
GATA3 -0.690914353730798 1.00076539979502 0.00138351963393461 0.103241368348874 0.000138175748234457 0 0.964993914183582 0.000356002477336974
TFF1 0.455779684220412 -0.0716434873772417 -0.0962634706320595 -0.0311537785684936 1.09459211412589e-18 0.340519972016817 0.131622380555421 0.501746086150107
AURKA -0.0281261419078033 1.06692829953077 -0.0633102057270179 -0.0317735620885398 0.666708743791875 7.31217155845045e-322 0.236264397040751 0.399529595685171
ICOS 0.0522009505045534 -0.00536055088161421 0.187628590719075 0.0717325088373156 0.000201028200947993 0.93902461435382 0.00123907574430265 0.169701895250408
KRT14 0.241936459091881 0.098195056583889 -0.119983079504586 -0.0357565471790388 6.71907383514846e-13 0.199363250221754 0.0443773062533353 0.418968840949251
MYBL2 -0.177508804129215 1.191626819279 -0.0131703202116506 0.0114424248674465 0.000218152070006344 0 0.765523119186417 0.735007312428007
CCNB1 -0.294336645753008 1.07361138428953 -0.00522726862461767 0.0946833715229116 0.00327441568466914 3.30597550707316e-266 0.925574252091245 0.0130812484783905
CD5 0.165707544185364 0.409156355559185 -0.0233089565357261 -0.0101109174678986 3.99061204008832e-05 1.16262000004202e-09 0.696181367508253 0.821777906361548
SLC39A6 -0.041261131601198 0.957460986619063 -0.0372566695994236 0.0848215281698896 0.837630325440991 2.12399162529029e-116 0.572054941739379 0.0363466650329511
LRP2 -0.328691626053583 1.01341602421473 -0.0287205452395285 0.0818805743711856 0.0848711768363113 0 0.466822994792342 0.0132993065869656
CDK6 0.271767478036592 -0.0322858425590756 -0.0186133220144094 -0.0295210278562565 5.08283512179638e-14 0.658793236650024 0.771657128107875 0.518057008666277
NR3C1 0.0590407026916629 0.750437363765933 0.0558044027904001 0.0520128921854512 0.486887658808493 1.43657239399801e-48 0.335033598829395 0.2254293875516
COL4A5 0.288478966529717 0.66037107380018 -0.0288741448663804 0.0316918357621277 0.014378533271506 9.23076390415355e-28 0.669526567993798 0.477260817432774
GNG11 0.150827242934095 0.467968923421586 -0.0192973688064906 0.0120931781997868 0.000229401822250142 3.6742498933422e-14 0.738353700871756 0.798020139871808
TFF2 0.134586552435617 0.230484711437012 -0.0786603802908939 -0.0632446873188804 1.31447767189538e-07 0.00417328227091038 0.253914806018522 0.203434020899634
PTPRB -0.0420365733728463 1.075791495857 -0.0298509820379989 -0.00967460224611337 0.151363076562831 1.62910340829169e-283 0.496292243725228 0.811961282586549
IFITM3 0.0877946974512409 0.735945787940418 -0.0304893298654094 0.14797322761967 0.428556045732751 4.18418482704024e-34 0.614035241495128 0.000434537742847191
CR2 0.0641021108274809 -0.0323768750272988 -0.00889092404385817 0.0477913539272147 8.19170426832172e-07 0.67670234872041 0.882698423701757 0.376336382670225
XBP1 -1.27649528226106 1.01070532585795 0.0182900563602286 0.122864140172559 2.11490936488503e-08 0 0.529645437909296 1.92775426347613e-05
LST1 0.110828169740458 0.0380736897162556 0.152006658248521 0.0249987413763599 6.16208990945654e-06 0.607428366456509 0.019334119988408 0.578615929152883
SLPI 0.157225052358831 0.143914311841066 -0.0138882759464854 0.0232228766247617 3.78099050696653e-08 0.049561196013783 0.809031675819495 0.627410646651909
NUF2 -0.0286325083300786 1.04923587554177 0.0504938968927784 -0.0593729690655326 0.302237069463631 4.07557821795706e-278 0.335883161262042 0.154277821979976
MYC 0.214762549699439 0.730159644277408 -0.0201769436930454 0.0959588202731763 0.143715414129725 1.46944826867628e-35 0.776702543083667 0.0217661024094162
ERBB3 0.148274465821863 1.02835663028002 -0.0562076464090935 0.00338651696852945 0.445657933233671 0 0.193983468774919 0.920187637106851
KRT15 -0.075449389227503 0.791379509379184 0.0668213102615021 0.132243800829886 0.567411768663764 1.0146394775238e-50 0.310182495352153 0.00170576504637986
GNLY 0.216585318959225 0.152896981366737 -0.0249374632439115 0.0556256105921479 2.58539074124727e-09 0.0223838168896529 0.654145314740086 0.206579099071811
CD63 -0.279775930457481 0.971648395368483 0.027471200078855 0.101476448338113 0.206270089278005 4.39786236794536e-105 0.689189139211172 0.0152394747605412
CDK7 0.48500658925538 0.60700681343252 -0.109273547616007 0.0712627506735703 0.000287915125331441 3.73578441965687e-21 0.105628288584228 0.0969069042901963
AZGP1 -0.596161482356837 0.997313488281011 -0.0150408011604547 0.10852824594078 0.00130765791677039 0 0.636356072308426 0.0002208296142787
OBP2B 0.0697565059870472 0.0147273203474425 0.0329705132238874 -0.112849078631059 2.06954888512305e-07 0.864773248716299 0.58975468764184 0.0474624706087173
PTPRC 0.0341051776095214 0.815055303051768 0.00367025241663873 -0.0686733659722913 0.245350252794473 6.27643971193495e-60 0.946777313514789 0.152626683915887
CCND1 -0.975943539677513 0.987845242996774 0.053193632482676 0.114091745588849 0.000226729219290364 0 0.210826296564854 0.000896462406085871
KRT17 0.0808980145039128 0.0207393257985579 0.00271269044527311 -0.066659883909589 6.11398756903046e-08 0.791609178069828 0.969249743594675 0.177449760685856
LTF 0.2747426564211 0.085004076909035 0.0141769796386899 0.0205283113586399 2.56572569658696e-10 0.235322609967737 0.806269045093853 0.653437124249995
SNAI2 0.0193787664006125 0.912080210678887 -0.157443607879385 0.101684620440406 0.628393004875509 1.43593673383601e-115 0.00491787484037139 0.0206474307648764
TFF3 -0.534302178274025 0.939789857087386 0.152957645139521 0.142439950309398 0.0011809134239479 3.02910871963495e-95 0.0194089916011018 0.000428757983032711
XCL1 0.319369366819073 0.102760757428591 0.130563055344938 0.117373196661352 1.5706280463701e-06 0.159991445154371 0.0217420465549443 0.0054967241379891
IGF1R 0.206541894806245 0.452897586981028 -0.00870528984741505 0.057889417109251 0.000106027480100482 1.79039639811712e-13 0.875605680627307 0.186611149198743
GPNMB 0.0295640539507992 0.817581776595852 -0.0859672375509483 0.0407353414004231 0.321675499039878 2.25834384582577e-65 0.117113551221614 0.378775914392523
SOX10 0.0921138912725275 -0.0226435919129157 -0.0720947173341887 0.0219952206245737 8.6084542412229e-09 0.777546633706813 0.254928608624619 0.664019960274231
CRABP2 -0.267653056259578 0.973112065796909 0.0218884076975514 0.0898215075200086 0.252347144047235 5.62067351420726e-160 0.737007724878571 0.0215733855594739
PTTG1 -0.103597733869599 1.1123957079291 -0.00765880280782786 0.05172093677951 0.00773701023059334 0 0.874670424158558 0.144899058274928
B2M -1.1523788126903 1.02478181910013 0.197113957168155 0.214020887735584 1.95442860059066e-09 6.77364974653358e-121 0.00220930888620342 1.5415627953461e-08
ERBB4 -0.164139602392699 0.858457918881091 0.134386517852264 0.058906642973223 0.271355749850168 1.75803882767247e-69 0.0403488241368457 0.160877545902911
MYL6 -0.463302300222912 0.977128818435436 -0.0179661914528436 0.157864867896319 0.193601728159631 2.33367786716833e-109 0.788837664325839 7.60179342472733e-05
CDKN2A 0.0730893439661932 0.711712655986662 0.131015404918171 -0.0323582778516704 0.330831266558632 3.2860896223319e-43 0.0297443397659863 0.459161476361338
CCNE1 0.0297570146065215 0.917957923397934 -0.112842348174635 0.0373723876235814 0.543078215587337 4.40382047675033e-89 0.0501133551376983 0.386608418628804
ORC6 -0.125974001914963 1.02121496093045 -0.0111333197614938 0.0665264643222936 0.0571416076441849 1.73580630947019e-161 0.851875424786805 0.112950155829778
LUM 0.00391504652392963 0.867693954526506 -0.0575814398880981 0.0724576670394058 0.925618333135534 2.52742642572495e-106 0.282846995311289 0.0703966816408439
ZEB1 -0.272810646618073 0.949113450725406 0.0513669975436408 0.130119051392524 0.00124707797372974 1.94846729789967e-156 0.307100288001886 0.00116006169850969
CSRP2 0.0575249788160577 0.576578178425774 0.0691688875289039 -0.0318891329265761 0.0256580728777084 1.83784184880181e-25 0.201691616972076 0.482259303088499
TFRC -0.102256161482378 0.68732178771881 0.130459416504688 0.189967159015388 0.42029014349129 8.24798661429084e-35 0.0468565439960023 6.17241062892415e-06
GPR160 -0.154477916685892 0.798495282840769 0.0445471901799153 0.196877198992758 0.28928988097566 8.94361826040952e-53 0.500192169433151 1.92350408709479e-06
IGFBP5 -1.7926885984432 0.987984257688207 -0.0278499571241519 0.315991143042965 1.18325853873186e-13 0 0.483997736603681 1.15886649815612e-24
KRT18 -0.640051525048215 1.00574839114765 0.0257824156923309 0.0715738399273569 0.0143434458301825 0 0.549150360568111 0.0360960737998429
LYPD6B 0.193649068901718 0.424503569442327 -0.0120925382005787 0.0875926664006341 0.000321986286347481 1.61816750410376e-10 0.830102171210324 0.0429845376983576
CCNE2 0.116770189128353 0.658977267461504 0.0501552295835509 -0.0899810822177981 0.0175126792610621 1.43332868437083e-34 0.425902401793669 0.0469700442508811
RAMP2 0.201173420055692 0.619011824695019 0.0218221235620074 -0.0391021454374329 0.00274482247630174 1.79191191778815e-26 0.69755913194492 0.39762576751486
BAG1 0.956030700113871 0.574271735559523 -0.145020330612278 -0.0346122081576569 5.56748706207996e-08 1.65397290247025e-18 0.0373373989988886 0.425733068004524
THEMIS 0.242495212572467 -0.0786281628895487 -0.0417415085148243 -0.0232625529707128 2.91149044098036e-14 0.30338900107848 0.505837945454521 0.622035909168683
ESR1 -0.383745327687221 1.02184759712727 0.0585668071070788 0.0147118037515023 0.0414294230045874 0 0.183374669673957 0.671328013471281
ZNF571 0.100066391532407 0.813560430364174 0.00372025069774254 0.0799837174287104 0.575392121631647 8.50916432708532e-45 0.957659338276237 0.0678230023977304
PABPC1 0.203600442827203 0.943977197413357 -0.0664575566754821 0.0957309936662664 0.578296177511354 1.80741818411941e-140 0.26293801033463 0.0145523252800632
CST3 0.482913322557667 0.271343758688047 -0.0336996898927502 -0.00103440145146977 1.49880541443533e-09 9.15995243134363e-05 0.588138014475717 0.98147592625756
LYZ 0.0128261559097913 0.678449343641966 0.131683769420752 0.0759739021586766 0.880657220993886 3.33015146498585e-35 0.0218283381985767 0.0776018636430807
THY1 0.173416699546094 0.565405443465276 0.0384998333164029 0.104415493817827 0.0368060660632862 5.8356157944604e-20 0.500818705604961 0.0157069143430711
CSTB 0.250885127476435 0.220308711933583 -0.128822929606812 0.0653250586242094 6.95244002760312e-09 0.00330766878722317 0.0360486475544068 0.160692375404033
FABP7 0.478569232723163 0.639003210721829 -0.0349443903831144 -0.0429615925455746 0.0004226275310421 1.58304776530887e-22 0.59113571825329 0.330155708327283
TIMP1 -0.0878057138143403 0.860035384977902 0.0918331919862993 0.0445684578663944 0.5065628231616 3.08104250780803e-62 0.150300363647523 0.291076582350794
CTCF 0.310342042909468 0.894288719169056 -0.024376920865558 -0.0093035140215237 0.177862614978974 1.67451511505795e-67 0.735544919362074 0.828003828265725
FAP 0.208926770567998 0.521257101012151 -0.039738583135913 0.0820826710713728 0.00155473249311771 1.11750900736183e-17 0.503225633806057 0.0694812876084153
FASN -0.286500593571923 1.00590209948999 -0.0278354057905168 0.0817147252269925 0.201684900145455 0 0.528817130693228 0.0190114044564755
