target intra.RMSE intra.R2 multi.RMSE multi.R2 p.RMSE p.R2
TLR4 0.193117227558391 0 0.19494723804385 0.112833070678496 0.511106440919767 0.0915171934100461
FLT4 0.172460828821262 0 0.174346587447449 0.0462286833665959 0.516072249345932 0.151092513214459
ACKR3 0.133115171155533 0 0.133409418405728 0 0.502122108283469 NaN
EPHB1 0.159884299151338 0 0.159911275883654 0 0.500182169145124 NaN
IL1RAP 0.157653298245722 0.000106468101166435 0.157666416363316 0.000454362613375725 0.500107116956617 0.0992739159059842
PLXNA4 0.192427432817549 0 0.19245492376077 0 0.50022370466082 NaN
MCAM 0.241449364469964 0.000961929884067958 0.241486409494206 0.07052993945177 0.500413750329116 0.0567167164789179
PTPRO 0.191236145640912 0 0.191254985775651 0 0.500111653451451 NaN
FPR1 0.16414702386712 8.64163829650266e-05 0.164158278550444 0.000332203879699344 0.500102550211005 0.245007967700871
GRIN2B 0.219291548440816 0.000569606834104341 0.219320014857126 0.000636176846574577 0.500269623922532 0.46576594034306
TLR5 0.198006153633425 0.000155135380306426 0.198012669182889 0.000711741457412041 0.500065463643791 0.231358132587338
LMBR1L 0.253914550075353 0 0.253931341160104 0 0.500125858203503 NaN
CNTNAP2 0.456321252250427 0.007067665193079 0.456422682533114 0.00713204252695721 0.501150487390316 0.495671673828005
EPHB2 0.173282988817772 0.000174654933885465 0.173303488259798 0.000634773197285554 0.5001760753803 0.195013409762663
ITGAV 0.540180953574345 0 0.540231983738731 0.0514059788205623 0.500873414884076 0.0585541454732197
ACVR1 0.266270852669951 0.000234867441190056 0.266281931806294 0.00207115227074506 0.500099339374529 0.072707481818738
IL1RAPL1 0.222778241296588 0 0.222811586541275 0 0.500229420216593 NaN
SDC1 0.638176812271281 0.00693555501602883 0.638258822339595 0.0023400379763916 0.501018798101371 0.797756178958018
BAMBI 0.519756452722441 0 0.519809646473994 0 0.500659799473677 NaN
MERTK 0.269341685465218 0.0105563078879589 0.269345403036056 0.00893292665177681 0.500052495998202 0.559938318949267
FPR3 0.257084508483537 0 0.257151959929197 0 0.500446183212194 NaN
CD47 0.929436709134397 0.0495930256080646 0.929419642887816 0.062724090034636 0.499732345088392 0.346036873385449
GRM7 0.196848484955436 0 0.196878134687005 8.36424973471583e-05 0.500222888236756 0.171718198068957
EPHB3 0.167438183471332 0 0.167525877475542 0 0.500596305421515 NaN
ITGAX 0.131799160379066 0.000439473826051584 0.131809285153902 0.000808131812795043 0.500095331028659 0.238552467820112
LPAR1 0.117878796406219 0 0.117892681857916 5.25005108276133e-06 0.500095767234661 0.171718198068957
PLXNB1 0.557624648150957 0.00167736846187982 0.557679125684519 0.0296057127010008 0.500488246575289 0.103349585938649
COL13A1 0.209454996372502 0 0.209464937050062 0 0.500101703222852 NaN
PTPRS 0.463962732972795 0 0.463971879370679 0.00423877356313884 0.500110420849964 0.171718198068957
ACVR1B 0.221432187046407 0.00127983265964304 0.221471543708017 0 0.50033725690743 0.933030220910261
FXYD6 0.146276853656899 0 0.146317410294575 0 0.500258047942433 NaN
OGFR 1.57575745841045 0.278778591940921 1.57601817469026 0.297900508490871 0.50323408057751 0.429313961495508
MRC2 0.256138413786182 0.000375109780663685 0.256203903460813 0 0.500877484640346 0.879293018259831
CD53 0.224338385840716 8.74625627245162e-05 0.224391586697627 0.00139659687937943 0.500344494498093 0.18687294062285
TMEM67 0.43181119721111 0.000230727824759303 0.431848355803357 0.0370428892269303 0.500476978979622 0.0176449663283619
EPHB4 0.334038010794884 0.0009027009300977 0.334044068680691 0.00467082834303745 0.500056515952094 0.128155305569209
LPAR2 0.246895983401055 0 0.247108467004146 0.00135854195219887 0.501415901350049 0.171718198068957
BCAM 0.442379214273903 0 0.44243836133414 0 0.500696796511476 NaN
IL1RAPL2 0.3212243002714 0 0.321251234444932 0 0.500183000252043 NaN
COLEC12 0.382783612428155 0.0349927211350742 0.382837838672236 0.0263584745438161 0.501492023736271 0.618959461273386
ACVR2A 0.143965377492423 0 0.143998581452703 0 0.500221528377161 NaN
SDC2 0.674089054527545 0 0.673884078241372 0.0851940382567706 0.496102200048532 0.00993724002719174
LPAR4 0.11502139309293 1.2438993918229e-05 0.115045137259035 0.000407645723150551 0.500167240745674 0.0484504726505047
HAVCR2 0.31754744360721 0.00232467230959932 0.317551497253436 0 0.500075879031806 0.828281801931043
NCSTN 0.265743889823685 0 0.265813399271899 0.0153883685573475 0.500601704295438 0.0881950227457484
OPN3 0.195011195413319 0 0.195255246800399 0.00719605890911024 0.501822856836545 0.171718198068957
TNFRSF10B 0.213119618778824 0 0.213115526170054 0.000651745278363869 0.499950035204655 0.119294625794206
PLXNB2 0.50673341126054 0.0415354792871314 0.506757163761099 0.04465319867065 0.500377485842383 0.460099351430599
FZD3 0.406612008650539 0 0.406580844510205 0.0482706288872758 0.499639672104537 0.0513408447300094
ACVR2B 0.202021790291092 0 0.202046568121187 0 0.500169396234066 NaN
BDKRB2 0.224802345739592 0.00167108910065328 0.224859618736557 0.00237498873612796 0.500421742971935 0.405763525272031
IL20RB 0.149112585769795 0.000687852971698044 0.149308910691102 0 0.50162672371968 0.959366376384817
ITGB1 0.999924597008271 0.0643629605056217 0.99999747001936 0.0568525932670438 0.500678218682329 0.566164823926062
HFE 0.172539311590833 5.27929774241098e-05 0.172551313000667 0.000203312147788459 0.500108709766311 0.244853879576615
IL27RA 0.165288293719201 0.00732796375409128 0.165307145912491 0.00781655638069201 0.500147145347432 0.481854373436223
SDC3 0.428565414139915 0.00247917071667603 0.42861300608739 0 0.500462816226109 0.828281801931043
LPAR5 0.237302982828034 0.0225862022774059 0.237395991456268 0.0358165240223673 0.500768746771736 0.379473511219124
ERBB2 0.636931384245871 0.00467194932396109 0.636973009042652 0.00640437722747467 0.50039328591701 0.382397213418183
PLXNC1 0.235074127554297 0.000640220415842885 0.235122912398227 0.00240045629300023 0.500401569788829 0.107131077884869
CRLF1 0.343935559124157 0.00394445544981248 0.343947819105857 0.00250608034232602 0.500126073203538 0.667032906813041
NEO1 0.347773213826397 0 0.347770535111596 0.0021255496928374 0.49996911528731 0.171718198068957
PTPRT 1.0670121275172 0.0718399115839818 1.066597693717 0.179604556304738 0.494347946398521 0.0869269289119457
ACVRL1 0.165397237244991 1.55138117674536e-05 0.165692726291391 0.0293540927584013 0.502658132191637 0.0925546630668221
OPRL1 0.334766965451101 0.0253543353967689 0.334699824321846 0.109277924494782 0.498812272623582 0.0447840995200769
BMPR1A 0.377833061830476 0.00288779771390191 0.377795856936471 0.00825462858676573 0.499579241607845 0.203998328451894
CSF1R 0.212853198322381 0.00203297360289123 0.212865552243536 0 0.500118072462975 0.828281801931043
FZD6 0.499399483310956 0.0121272800887606 0.499432716058207 0.0138007464954604 0.500707894293625 0.430340718184542
IL4R 0.321229466113858 0.00061115690517477 0.321244832417251 0.00414559696604533 0.500097736274637 0.118673167769155
NLGN2 0.26157667947696 0.00296168668345365 0.261572560050049 0.00899201163737651 0.499928780036334 0.0505194421903271
HMMR 0.410536069440643 0 0.410570924035089 0.0249199705934611 0.500298619008022 0.057285055519525
TNFRSF12A 0.542903401177943 0.0110654963801349 0.542853341558992 0.0395005933255066 0.499460670440843 0.104033853012756
BMPR1B 0.145048427889168 0.000440194095882029 0.145078420723588 0.00135735512375668 0.500243858937358 0.118742372169508
ITGB2 0.294222353224181 0 0.294240836297772 0 0.50013563242968 NaN
OR2W3 0.258796230996224 0 0.258820319709297 0.000470897593610742 0.500177628015107 0.171718198068957
ERBB3 0.568591292063775 0 0.568519900108598 0.0591228479614747 0.499330690844299 0.0245073992140951
CSF2RA 0.209439034999648 0.00134206423166638 0.209468484516547 0.00308457357259595 0.500219138354171 0.197773545214097
CD63 2.93441437235059 4.6784877879663 2.92873806485981 5.04708936643445 0.274219249087984 0.193482868609119
PLXND1 0.486431758771157 0 0.486419388363099 0.00118824633865922 0.499753500298191 0.171718198068957
SDC4 0.456966841021528 0.00360082047316301 0.4568923229959 0.148475869105674 0.499292428123934 0.0635620587130395
GABBR1 0.300992497475825 0 0.300988376052098 0.0257962236493803 0.49995370932706 0.0756964615203879
PTPRU 0.500121936536609 0.00752432629356092 0.500089935309306 0.0186589221085509 0.499699505477212 0.155011712726604
LPAR6 0.501961615707324 0.124568567371117 0.502070555936671 0.113975176701123 0.501215899374282 0.537447418008938
OR9Q1 0.167042938764051 0 0.167063556381255 4.97507438235179e-05 0.500152974199788 0.171718198068957
HRH1 0.161911417964688 2.9983121940802e-06 0.162035702412862 0 0.500935184059894 0.828281801931043
CSPG4 0.148317761898944 0 0.148345227442122 0.000110726636576297 0.500229449683271 0.171718198068957
NOTCH2 0.341337488101911 0.000387546376897641 0.341372941059245 0.042228024792369 0.500264746179758 0.0665178328499981
GABBR2 0.118141632555057 0 0.118168887129179 0 0.500193249333245 NaN
TNFRSF14 0.400125959689072 0 0.400201575683054 0 0.500808374366237 NaN
PROCR 0.152911355412478 0.000136740431022631 0.153658545704319 0.067578016191816 0.507305006271103 0.116252344270542
CD68 0.331122416111613 0.00487056375529482 0.331157381907317 0.00101340119120885 0.500469495509618 0.890496598172599
BMPR2 0.469311440457084 0.0148302903391462 0.469344166822463 0.0208011616246395 0.500305425161246 0.329152794430597
ITGB4 0.348580384846234 0.00123990466392221 0.348627810056189 0 0.50044374567425 0.906384428747583
TNFRSF19 0.144844210325405 4.37005241715749e-05 0.144864154863644 0.000319565020268087 0.500143258027285 0.16679882386536
CXCR4 0.246911484377506 0 0.246918426797802 0.000880106803555769 0.500104112146778 0.0407649310005175
ADIPOR1 0.732358049805891 0.0458058620411494 0.732371735218319 0.0493019592954136 0.50015302220872 0.462228572292687
IL6ST 0.858810876072231 0.000366484230244213 0.858833487390106 0.0185240335572134 0.500194835735302 0.0333378676223563
NOTCH3 0.315968849718566 7.94913855017843e-05 0.315997339633105 0.000522166153950065 0.500382730278201 0.211365582109031
PVR 0.302023762805537 0.00857464790693374 0.302103316138424 0.201223481155217 0.501263369249878 0.069001467314417
OSMR 0.292488176025553 0.00201397809373782 0.292484981943159 0.00358628148784179 0.499969835752267 0.263925571796764
ICAM3 0.32173215050588 0.00395547627726645 0.321804524532503 0.00320084248051078 0.500654772577116 0.592675932777659
LRP1 0.399873839295749 0.0052551696449743 0.399906940722363 0.00180956562259804 0.500374443617268 0.849035124256633
PTCH1 0.189002137612382 0 0.189011590181808 0.000190919958409363 0.500106130320328 0.171718198068957
C3AR1 0.200928562761019 0.000206465284829926 0.203084402376272 0.22975455032018 0.517383717580299 0.0949825204502656
DCBLD2 0.280137065746424 0.000613644736056074 0.280175337687787 0.00265210654119663 0.500266149143534 0.235634420878774
ERBB4 0.753946110155281 0.0115329100325912 0.753973098419292 0.00390612320617434 0.500294438569797 0.828089139396331
TNFRSF1B 0.258990352212207 0 0.259002374868886 0.000658600042935387 0.50011476122568 0.171718198068957
SIGIRR 0.782533569279114 0.00388178765773239 0.782560799717267 0.0263156111733609 0.500218760979381 0.122571305064619
NOTCH4 0.34138308775914 0.000296110003322747 0.341394452594414 0.000848698639257517 0.500101708060641 0.269211261308702
PTGER2 0.18403596723765 0 0.184053774855946 0 0.500140916650457 NaN
OXTR 0.202552341407641 0 0.202625971224128 0 0.500687628602949 NaN
C5AR1 0.202358714304769 0.00197678586685957 0.20240701494021 0.00131056197203216 0.500461235588962 0.608763707340954
DCC 0.133458786959883 0.000116592616299371 0.133480356878798 0.000547534101883462 0.500156815828158 0.118236171729621
INSR 0.554951707955084 0.000299246529751329 0.555027693383745 0.00727839854663959 0.500541652883982 0.181485131473316
TNFRSF21 0.185410792159971 0 0.185423967734025 0 0.500103709033611 NaN
NPFFR2 0.148982476183917 0.000143560940719656 0.149011661031975 0.00106854895634445 0.500236715178916 0.0377693680657933
SIRPA 0.225938116045285 0 0.225966952214329 0.000383368800542794 0.500195824791143 0.0537353578958446
GFRA1 1.17951545052539 0.237318753199816 1.17950122501544 0.292031947217375 0.499767255404668 0.301680877047745
PTGIR 0.265360277702294 0.0019849530147964 0.265359466067589 0.00230341585682248 0.499989062591376 0.42464202004329
P2RY11 0.185653795301361 0 0.185698801274312 0 0.500391959368973 NaN
TNFRSF8 0.128261616711974 0.000268449120814918 0.128275136011893 0.000473253672562679 0.500097861423473 0.322387518754466
LRP10 0.526961357008908 0 0.526937431745861 0.00504009641730585 0.499756265839788 0.114450570440642
ADIPOR2 0.45754618145018 0.00233102791657891 0.457628631694246 0.00274506751967718 0.500879793128249 0.454887160266579
IFNAR1 0.799051849298389 0.119016622585284 0.799157166875693 0.104768605007356 0.501731047120162 0.603634527320731
ITGB5 0.655660916092273 0.00751866762382258 0.655671100442053 0.0212595989268394 0.50025332894984 0.0526149726347792
GFRA2 0.138643099364717 3.20545388055038e-05 0.138668357970741 0.000784460303404622 0.500205676803948 0.0494154718997226
RAMP1 0.744552175248889 0 0.744589692287514 0 0.500316699773185 NaN
DDR2 0.241275840211992 0.000267247487275579 0.241273269459674 0.00228993418145307 0.499968907916166 0.0600061055186663
SORCS2 0.146797893256073 6.48828926430589e-05 0.146818536544613 0.000490927318061996 0.500179317987632 0.137600856691919
NPR1 0.239685605801315 0.00073143576444501 0.239702613587277 0.00391793505618798 0.500148171524546 0.0512155124888592
CD74 1.21095553224049 0.175092925765251 1.20526951256268 1.0424601570324 0.428852528110821 0.00379759020914633
CALCRL 0.456195003544455 0.0125182778806165 0.454652536824531 0.803134764698512 0.484869037025251 0.0221968671228542
P2RY2 0.254465671604259 0.137257144969333 0.254500903645961 0.184583753856568 0.500329245541309 0.379644061805351
TRAF2 0.271732570668216 0.00180281351683687 0.271772179940073 0.00150383945062393 0.50028343321704 0.584053560081549
RAMP2 0.259810279202158 0.000118595042700731 0.260065068990496 0.0405852826463948 0.501897163252496 0.154973422205586
ADORA1 0.257601353808098 0.0137144512009391 0.25764233487574 0.00528696240848503 0.500811080218455 0.8511818580059
LRP11 0.388408163338638 0.00966241749276953 0.388431725073287 0.0243905069642891 0.500247436815969 0.178534829543212
ESR1 1.53173753654762 0.808057236875719 1.52977207745659 1.05409686837096 0.478439765472523 0.195802733859283
GPR153 0.265622726612796 0.00122275502208224 0.26630458155104 0.0840829652673303 0.50448729735803 0.0869797464515576
DYSF 0.177606209334316 0.000171493242516751 0.177663198283431 0 0.500500110962892 0.908623310079207
P2RY8 0.136766209728609 0 0.136782775061717 0 0.500145973122008 NaN
ITGB6 0.29765058124536 0.0104988358835978 0.297672389966771 0.0140540172618453 0.50026986041359 0.411243692510814
SORT1 0.333618657118095 0.000624971806202357 0.333674081127969 0.000859847133951597 0.500805666482331 0.413922994520106
RELT 0.177730076144573 0 0.177752741353482 6.19788592581827e-05 0.500176621684447 0.171718198068957
PTPRA 0.692751494407875 0.00448574666238155 0.692849957503536 0.0057929854492067 0.501084421029091 0.430254403362855
NPSR1 0.160173939444545 2.08272983237556e-05 0.160180536935923 0.000205710569710638 0.500049663110902 0.197026066887165
ITGA1 0.742807278885524 0.000501209811635261 0.742513922684126 0.200104098997886 0.497600912806921 0.0255549629465051
GPR173 0.177896334976786 0 0.177902669278176 0 0.500069898658411 NaN
IFNAR2 0.589645219339137 0.0154864491545836 0.589692920107886 0.0166737300166053 0.500361089770011 0.460317717601045
ITGB7 0.184455447713054 0 0.184466952871256 0 0.500121538580199 NaN
TREM2 0.335863469073604 0.0053830361978835 0.335893068230035 0.0661938198413958 0.500474096493185 0.0550942028711713
ADORA3 0.330220570100808 0.0249968545932044 0.330272327138431 0.0241524223434464 0.500641007123353 0.517346045534396
CAV1 0.363601812333332 0 0.363632471394083 0.000322316763510244 0.500328320175611 0.171718198068957
PTPRB 0.259253206623087 0 0.259366290600186 0.024047347526418 0.501287877248943 0.115441555567067
EDNRA 0.294474422933064 0.00134191565920427 0.294474948400017 0.00211345165409216 0.500005695885837 0.328658297108366
LRP12 0.235200399141069 0 0.23521281218591 0.000134951547544615 0.500130887978846 0.171718198068957
GPR176 0.179116974381627 0 0.17914481560267 0 0.500234941596145 NaN
ITGA10 0.26123341082186 0.000349894508696602 0.26127109919604 0.00334062741387919 0.500323971107021 0.0416298012163117
LRP3 0.194927091379173 0 0.194926002822308 0 0.499979767275624 NaN
F2R 0.569408842254868 0.0545055248938286 0.569473743944611 0.0529842265734259 0.50050843530659 0.513168379062385
PAQR7 0.501296597370563 0 0.501330140334316 0.0030811521259988 0.500216836737943 0.171718198068957
ITGB8 0.268822647204628 0 0.268838035970042 0.00101970384153272 0.500126314737658 0.171718198068957
CD81 1.40636902037765 0.162477307830065 1.40656837511119 0.141871213402196 0.501884704283821 0.615522898928249
ADRA2C 0.185692153705867 0.000494912057610319 0.187249613769747 0.0630688874759688 0.510900893208313 0.0950280175863992
EDNRB 0.241856472861539 0.000417081623406146 0.241877671084861 0.0017651782050998 0.50015624723168 0.101520499722799
PTPRC 0.279708943911726 0.00167844859481625 0.279726871578147 0.00265098778794437 0.500211866806724 0.380399220501218
CCR1 0.176458319304202 0 0.176501553822 0 0.500293748260601 NaN
F2RL1 0.143142073389251 0.000447573432283965 0.144853967736958 0.712636514295905 0.518703911895801 0.114637914805985
GPR183 0.239979469563613 0 0.240009886459232 0 0.500200819414738 NaN
NPTN 0.695397524118109 0.00104109234575267 0.695401658300249 0.00817114847620926 0.500031411065175 0.119051290192539
ST14 0.618136106392433 0.00752515731514358 0.618111641613647 0.0186783061351514 0.499734847669109 0.159260994245203
IFNGR1 0.560966002582011 0 0.560910396208371 0.0485935829406647 0.49947902963178 0.049220739154554
RET 0.46604076078775 0.00366980801762895 0.46606542810973 0.00566311882127524 0.500226728996555 0.369760746906311
ITGA11 0.307798290111083 0.000376468257287099 0.3077549685601 0.128587665727568 0.499376736738358 0.111170823706359
PDGFRA 0.188794945570617 0 0.188802211583383 0 0.500080490405179 NaN
GPR27 0.127490392876991 0.00159449452902583 0.127669914828459 0 0.501804938635488 0.828281801931043
LRP5 0.271534698507127 0.000325875645896812 0.271521072032046 0.00502079277560297 0.499842222286132 0.0515619108147677
EGFR 0.202142289616924 3.57256491456681e-05 0.2022285416626 0 0.500685245585243 0.828281801931043
F2RL3 0.180841712444251 0 0.180872181404332 0.00101886860636391 0.50021994774173 0.0852645249099792
ALK 0.193435016396841 0 0.193448657638113 0 0.500112688476758 NaN
PTPRD 0.334836056804241 0 0.33482931275119 0.00113221726282586 0.49992409874686 0.0900684030653415
STAB1 0.282821787460784 0 0.282805790179328 0.00277706780734466 0.499806938646384 0.0847520323741978
TSPAN1 1.00573751851807 0.0570464319161912 1.00595246904719 0.0544902219090593 0.501721319072537 0.519587453417761
PDGFRB 0.293899529030244 0.000709089858067502 0.293981358260269 0.0160769690162332 0.501022263204271 0.135003267259057
GPR34 0.239355260266484 3.05826750846006e-05 0.23935713653661 0.000854535503307385 0.50002145584582 0.0788203614751634
ITGA2 0.311750497392854 0 0.311860756815099 0 0.500777349117591 NaN
RHBDL2 0.320750016839599 0 0.320748096429413 0 0.49998364021932 NaN
LRP6 0.359544363433258 0.00406238256845604 0.359656689308392 0 0.501309322575627 0.959427325528351
JMJD6 0.545530479513674 0 0.545626743123449 0.000819485792582508 0.501091183631637 0.171718198068957
ENG 0.332514588784505 0 0.332521684798143 0.00105835654108821 0.500087313367953 0.171718198068957
FCGR2A 0.308883448555004 0.0023013934892846 0.308925197635943 0.00652902277633149 0.500551573697885 0.269488947128424
NRP1 0.577199750741356 0.00387145705873393 0.577216981015334 0 0.500223613885966 0.942962403791547
TFR2 0.176116607515731 0 0.176291707218876 0.0137487660531199 0.501464297785728 0.171718198068957
IFNGR2 0.890656534506547 0.0212637439299568 0.890859131760119 0.0168472428346278 0.503032228267387 0.605820458469411
ANTXR1 0.425177221966622 0 0.425306496781474 0.01484055779712 0.501226766424064 0.0767745623753962
KDR 0.170055502351504 0 0.170391505638371 0.0711895119860217 0.502881926616124 0.0669922770766904
GPR65 0.118621066289919 0.000180542295517006 0.118653917116849 0 0.500208951526889 0.879093554181087
LRRC4C 0.219424715113025 0.00145266681713996 0.219473521927524 0.00169173867589856 0.500438771606369 0.449593630158288
EPHA1 0.163632288345085 0.000301973762953933 0.163657334551477 0.00084896135892687 0.500217618758745 0.242429859405107
CD151 0.936120433833538 0.00626817773619837 0.936290923037727 0.00102187620480199 0.501469619402325 0.871226354288393
CD9 2.15611286928588 1.73419648443327 2.15340504717062 1.97156131998608 0.463736249463819 0.299775992615592
ITGA3 0.342426965635961 0.00281367118662001 0.34246397963322 0.00393811968374402 0.50069963584547 0.35182387407107
NRP2 0.343079335061829 0.000574722166616359 0.34312147256538 0.000100160949315642 0.500617419185657 0.871054765655728
TSPAN15 0.724918107982955 0.034287171864813 0.724957874092795 0.0450297807406463 0.500488463929598 0.372093560077013
CD93 0.158030121895626 0 0.158077108666375 0 0.500312916388292 NaN
EPHA10 0.146710250175251 0.000161047617736054 0.146732436547414 0.000390311143944055 0.500189172180859 0.250769839645199
TGFBR1 0.334816439293287 0.0454841939018924 0.33515298491482 0 0.50326753371967 0.83649525418923
PLAUR 0.485949405984716 0.0054034723591545 0.48600081924424 0.0074666798762224 0.500905583347771 0.314714395546217
IFNLR1 0.313925538660846 0.000660296574832575 0.313929277629645 0.0013689618091095 0.500033635036037 0.294069537105973
ROBO1 0.418449727754124 0.00542393718347634 0.418487200676945 0.010012341651856 0.500383779597632 0.266904019301256
APCDD1 0.236044316725871 0.000373923985292901 0.236142960741791 0.0608972902842841 0.501003351290872 0.0909873859686483
KISS1R 0.293456902018046 0.000386228108748554 0.293505576599492 0 0.500556083372135 0.828281801931043
FCGR2B 0.595978261118028 0.00201075396517481 0.596104124088146 0.00480828965658042 0.501986373516928 0.29833991056875
NRXN1 0.212282508418247 0.0166098063638376 0.212291926934539 0.0170932586413031 0.500095336433571 0.491142013165626
TYRO3 0.138854358451064 0 0.138859096133505 0 0.500055640138572 NaN
CD2 0.136191603526012 2.24192581155247e-05 0.136775441371149 0 0.505192295090764 0.828281801931043
ITGA4 0.242665936946581 0.000963499855898275 0.2426847808486 0.00195249328884706 0.500145159398665 0.203601145861844
PTPRF 1.15500888752194 0.113507133965803 1.15465625751663 0.205556964307206 0.495168657305058 0.0979969677927162
CD96 0.171462159989478 0.000156959145427571 0.171505236051761 0 0.500379944924049 0.828281801931043
NRXN2 0.152743034957805 0 0.152805823258579 0 0.500399979321637 NaN
CD33 0.122937085261534 0 0.12296901395755 0 0.500218238955567 NaN
ITGA5 0.249515964314115 0.000188892749711789 0.249527686341343 0 0.500178886141782 0.897386330564239
KREMEN1 0.130730364498844 0.000297622585015977 0.130747336318121 0.000650861289620552 0.500130856540104 0.190871328597463
TGFBR2 0.292971703916108 0 0.293008975963602 0 0.500266578302775 NaN
APLNR 0.19678287317995 0 0.196840479209799 0.000405710025889183 0.500383576615876 0.171718198068957
GPRC5A 0.771511231678427 0.000250629107642064 0.771312800309131 0.021501656328794 0.498586821254588 0.0225358934818066
EPHA3 0.3534420479585 0.00103923407614448 0.353338084386161 0.11400921884835 0.499377670587923 0.0434861930670281
ROBO2 0.397073976387725 0 0.397059324704379 0.000524849970713337 0.499834449917886 0.171718198068957
LSR 0.751936075800383 0.0865960321654446 0.752027213025951 0.0758517981304674 0.500820410568759 0.570425948318312
CDH2 0.205935201621221 0.000338367961445485 0.205991700959678 0.00103905904334511 0.500384897911554 0.267325779016875
PLD2 0.369916655281802 0 0.369914062254992 0.000390357053366985 0.499970736787288 0.171718198068957
NRXN3 0.325735053086834 0.00278127065354461 0.326078265632568 0.111847122996598 0.502476632703782 0.0880704777104238
TGFBR3 0.183889364649336 0 0.183894683833297 0 0.500065437320708 NaN
PTPRG 0.526555158641172 0.0205982745704525 0.526531805356427 0.0346969884663684 0.499734194888437 0.228448967684857
IGF1R 0.619815295232347 0 0.619923484340582 0 0.501010706416235 NaN
ITGA6 0.314333349416629 0 0.314422738760589 0.00101175151022037 0.500632526038964 0.171718198068957
THBD 0.140759976840771 0 0.140782070542246 0 0.500197463748716 NaN
LAIR1 0.397929199327341 0.0267804340495459 0.397928234852258 0.0230709888574177 0.499987438847292 0.569919662258678
CDH5 0.13641047461301 0.000351491793620928 0.136556785605148 0 0.50107720391197 0.916053721397488
CD36 0.386516086429782 0 0.386498515251978 0.00163036043455245 0.499854678214789 0.171718198068957
TYROBP 0.76820989175429 0 0.768049474041216 0.0820011407893273 0.498102345706146 0.0254852961827288
ROR2 0.254307099110036 0.000554571755756461 0.254376840625169 0 0.500594467880134 0.936919842780015
NT5E 0.218479959215014 0.000500839469761427 0.218551290652183 0.000612599356654142 0.500498455863631 0.444655232378727
GPRC5B 0.440657569823795 0.00984376420990363 0.440698004737995 0.0121576080049735 0.500518126507917 0.442062576001327
ITGA8 0.132985465121715 9.2053330529307e-05 0.133000631332797 0 0.500113384366613 0.911198400741123
FCGRT 0.639908180358229 0.00148010653702402 0.639972927684119 0 0.500929273126659 0.834870279334937
PTPRH 0.233171841783281 0.000637693205546297 0.233176725849246 0.000983068477192761 0.500069372662328 0.323101124174302
CD4 0.205303884824604 0 0.205335954654038 0 0.500297493457723 NaN
LTBR 0.821820143980599 0.0670925675410505 0.821771826732305 0.0580841914580998 0.49950825395966 0.567152146292298
APLP2 0.692204669841125 0 0.69227011332295 0 0.500923298870823 NaN
UNC5B 0.267710722449819 0 0.267734937290087 6.76185098891224e-05 0.500178217658455 0.171718198068957
NTRK2 0.267632920017275 0.0023662244475553 0.267630989469722 0.00394323016350007 0.499964296704764 0.231826687743923
CDON 0.248753454595484 0 0.248760501854444 3.08141628957426e-05 0.500057532170298 0.171718198068957
ITGA9 0.284698617019898 0 0.284708492141981 0 0.50013094907177 NaN
THY1 0.50352035103609 0.0128129998887827 0.503514054545635 0.0126424807476333 0.499955401292703 0.504065576607438
IGF2R 0.530614218800097 0.0174396316982395 0.530612880145617 0.0233565497113919 0.499980777509203 0.296300503399818
PLGRKT 1.06457267169497 0.00094200434292091 1.06488529027302 0 0.504242015022982 0.828281801931043
FFAR2 0.246861470798203 0 0.247203812503106 0.0168831073584375 0.502952262337333 0.171718198068957
GPRC5C 0.475860424443143 0.0066129265578585 0.475858531709967 0.0116875119399984 0.49998065486548 0.235779608143714
EPHA6 1.53340165721399 0.274998491546421 1.53284802904581 0.374812972164501 0.492518323114642 0.266200159639162
CD40 0.254090269783894 0 0.254101756793965 0.000108219072447735 0.500105820270275 0.171718198068957
PTPRJ 0.322694491901829 0.00152047389885723 0.322698600089893 0.00124096040081456 0.500030996497677 0.564291697363497
CELSR1 0.258128771167935 0 0.258171380084438 0 0.500481347636499 NaN
LY96 0.276963892177734 0.000875220834639645 0.276987223876454 0 0.500324340236111 0.965614704740501
TIE1 0.241667427162012 0 0.241676435725795 0 0.500119529794164 NaN
RPSA 1.15440376277581 0.034121129188418 1.15446937472531 0.0223828524944114 0.500489422234571 0.690073413196315
PLXNA1 0.373569522874275 0.000888787418452663 0.373566547005382 0.00878797063408432 0.499973076523609 0.0573618172150552
IL10RB 0.447653844161868 0.00347954738364797 0.447671955253739 0.00214087199795765 0.500245869508963 0.683164925423713
CELSR2 0.184557744573314 0 0.184586255180528 0 0.500233791405144 NaN
PTPRK 0.331106974984082 0 0.331118142172489 0.00769441908079149 0.500111482626886 0.0854431782294411
TLR1 0.148274475320248 0 0.148285264391924 0 0.50007986187736 NaN
CD44 0.487043878123808 0.0493061537563866 0.487096017602645 0.0520605955964659 0.500660513919137 0.48232166011802
ITGAE 0.654861504722515 0.0271520445821893 0.654911643321146 0.0561930478992489 0.500459268902822 0.242341771187894
LAMP1 0.949244886401975 0.00808119599251977 0.949374914566047 0.0337514975250475 0.503302017079471 0.0570376772920639
AR 0.783061778650238 0.0483305448903537 0.78313696292201 0.0428485234671572 0.500834851625806 0.567634571255237
IL11RA 0.150145944200484 0 0.150192824490716 0 0.500376432803833 NaN
CFTR 0.113384410724474 0.000670635618199578 0.113613728905547 0 0.501918181878486 0.9779409230167
RTN4RL1 0.325753530506092 0 0.325759020783206 0.000400147766204118 0.500059151110802 0.171718198068957
TLR2 0.175666683037164 0.000571768427785058 0.175705323540815 0.00121663962928564 0.500256080632164 0.319766460023451
PLXNA2 0.367984540757588 0 0.367978495746493 3.75033217236975e-05 0.499944495979812 0.171718198068957
ITGAM 0.201797784220055 0.000847108783418316 0.201912111626321 0.00952242568320272 0.500649702426546 0.132258853781376
ASGR2 0.1962836126922 0.000287053437596496 0.197334988418602 0.167054550369121 0.507679046075164 0.0874986508709876
MAGED1 0.754328830417286 0.00438873653424987 0.754357630743218 0.00221139212012611 0.500305340651046 0.728555912249818
PTPRM 0.539054877364903 0.000771200299892749 0.539062978669626 0.0590021241868099 0.500117852297165 0.0469629420681246
PLXNA3 0.230477963193889 0 0.230489918930277 0.000158706002215681 0.500077863765158 0.171718198068957
LDLR 0.336252195038392 0 0.336225321861364 0 0.499783144789022 NaN
RXFP1 0.179971961494978 4.58665359703847e-05 0.179996056456771 0 0.500196030640839 0.828281801931043
CLEC2B 0.406183960622723 0 0.406331318640261 0.0194300552858007 0.502376213649917 0.0482502090468566
FGFR1 1.75539553120229 0.908736275367933 1.75460500482047 0.998072470459312 0.491558278683385 0.356626028212949
UNC5C 1.44099114367425 0.226238251354236 1.44000708364743 0.371429558826993 0.493487955100617 0.178386383033688
CD46 0.782471964658834 0.0246761039778653 0.782555898901518 0.0144062418418778 0.500946325646474 0.743850425433244
MC1R 0.273856614768587 0.000490568108516554 0.273864478971796 0.000113562879811013 0.500063210866228 0.764329459858902
LGR4 0.263489351284784 0.00566061326856548 0.263520546973119 0.00504027754290481 0.500551632578658 0.532157505735732
CLEC2D 0.199629491349334 0.000306974546271377 0.199667812700097 0.000781652766779217 0.500236402064973 0.291285858035204
PTPRN2 0.432921933187044 0.000269159689636478 0.432948651962697 0.00280279679947704 0.500363095022656 0.153300493007867
FGFR2 0.122127235707857 0.000124901186591142 0.122161236823576 0.000297303020048156 0.500205453590931 0.274818866220018
UNC5D 0.155108408028685 0.000710059341112457 0.155131603383849 0.00134802273274226 0.500192333734069 0.219262544660377
IL13RA1 0.675435714686318 0.0528931911211317 0.675330339560206 0.0593803214131838 0.498711002993015 0.44372365800613
IL17RA 0.209863928283029 0 0.209859460449205 0.000184504049723921 0.49994160921186 0.171718198068957
LIFR 0.293479868097978 0 0.293465246230956 0.000479367362714589 0.499872485868732 0.171718198068957
IL17RC 0.129492042620117 0.00037634486524607 0.129513834635727 0.00115354091947184 0.500212120202319 0.0914939894180839
VIPR1 0.218884077957323 0.00158121303392766 0.218932000242362 0.00024756590726871 0.500450384516081 0.926223116841618
ATP6AP2 1.02911689210409 0.00795559489768394 1.02915930263809 0.0183111088793242 0.500629349942455 0.201556719146581
RYK 0.592857795505604 0.0107902412655014 0.592924218852463 0.0100131490850786 0.501103607565012 0.53219914562939
CLEC5A 0.339120084394589 0.00109796322072975 0.339154947668752 0.00962051585640555 0.500662417023412 0.119049548501749
FGFR3 0.35803092749625 0.000438602459520432 0.358044315566744 0.00122190551945511 0.500134178247129 0.279103234838131
LILRB4 0.190470072117934 0 0.190499274478232 0 0.500227672043683 NaN
CLEC7A 0.151143865534071 0.061500008060863 0.151150934361032 0.0619575760770319 0.500071342701794 0.49672654974301
AXL 0.184460265416171 0 0.184481072948909 0 0.500153659251631 NaN
S1PR1 0.167357952119144 0 0.167430151199854 0 0.500498868751917 NaN
CMKLR1 0.147966269503999 0.000591102058106197 0.147984442872944 0.00188048771643357 0.500192464376868 0.0472195092444067
LINGO1 0.322223907453929 0 0.322340411938869 0 0.500765309356289 NaN
FGFRL1 0.424468151671357 0.00238584262472141 0.424799959686222 0 0.502872467845632 0.828281801931043
S1PR3 0.313605406740184 0.0016645777271318 0.313639325397549 0.000131347494904954 0.500335507561884 0.930167621053446
SCARB1 0.2577932570521 0.000247120847758353 0.257802632041513 0.00070247538681012 0.500102223230836 0.276548379725688
