target intercept intra juxta.15 para.100 p.intercept p.intra p.juxta.15 p.para.100
CTLA4 0.0516166198349352 0.0833400141546232 0.0690204683517521 0.0530509773987105 1.43668886886326e-21 0.0104882260221647 0.00854728553980339 0.00994815547369549
SOX18 -0.0168161867079944 0.688483352782151 0.160226860909375 0.0703515916321035 0.181578820160843 9.01731869211857e-219 2.10240468272085e-11 9.5451106062783e-05
TMEM45B 0.114715669455857 0.0290155526181822 0.0940441079387252 0.00992342285883582 1.69046115842109e-36 0.357287171752022 0.000229128813839767 0.604011862051315
MAPK13 -0.428672055860444 0.836013531117877 0.186908317469297 0.152127884628596 6.44465930520191e-22 0 1.51131647345935e-16 4.58630741417645e-21
GRB7 0.130481383488166 0.194486571178245 0.115396310588356 0.0790811923427406 1.95676370279547e-22 3.65505805740647e-11 2.83046993428883e-06 2.91799669313641e-05
FAT1 -0.0723182390020837 0.6546070315531 0.135224780532813 0.196192259784599 0.0247496037801758 8.89948234420825e-158 3.6097898113158e-08 9.99667488332607e-31
BANK1 0.132215576359814 0.109921077856472 0.0760982038761752 0.0309723724668246 3.77941218189196e-34 0.000284349493207441 0.00290799090061865 0.109990100629941
PBK -0.209334730930831 0.756609473473341 0.256208170220676 0.160866190423156 5.55686475466745e-24 0 2.69110264055743e-32 5.35659912297727e-23
ACTA2 -0.956885124449889 0.931749258367657 0.138101860657976 0.264531703097836 5.10708735827084e-114 0 7.98300358028873e-14 7.41823964248594e-76
RB1 -0.301522371530858 0.824483746928214 0.182371611078872 0.0993155714580388 2.63456911224362e-06 5.48412866883784e-321 8.42499671530345e-13 4.20021884760156e-09
MYL9 -0.829109432681819 0.928212515245536 0.182363684933522 0.180074402957971 6.63516365566861e-77 0 9.09846152817569e-20 8.25547302645163e-33
KRT19 -1.0522560537673 0.880182040803807 0.0870515302056925 0.204932939253831 2.66857144126936e-52 0 3.60512319616031e-07 1.26684189976211e-47
CD68 0.13545673011207 0.265592246775498 0.137151582434508 0.0762985521660524 1.91758026397233e-17 1.54044019676124e-22 2.36126384130455e-08 3.88734043866011e-05
IL2RA -0.0529815937038272 0.602136184824041 0.252738431562253 0.114922918330212 9.75675427263092e-05 9.59640073013384e-173 7.27508301854123e-32 3.51048454855884e-12
CEACAM1 -0.231163002986772 0.737580558377127 0.19532553500234 0.1969837571736 1.26253836310155e-13 4.62670121313921e-284 6.76947628894993e-17 5.8719701308337e-33
CD14 0.0556158147284823 0.56539512521184 0.0539289890419743 0.116375508830625 0.00127313996519281 1.45443298482209e-117 0.0300833775797117 1.27419814742643e-10
SOX4 -0.591234734976007 0.816070640624909 0.119848108733975 0.291496992054369 1.39637072873669e-19 0 3.9276355347656e-06 3.73385799811908e-76
PDCD1 0.120056933998897 0.129789043885694 0.0513193177145447 0.0107596947843768 6.97426582810027e-34 2.76038275342971e-05 0.0391057625706964 0.57136401667484
ACTG2 -0.161759648245141 0.763401686101119 0.0959496144938243 0.271417776586142 6.18032853914947e-16 0 1.98095862430733e-05 1.19101837779993e-67
KRT5 0.101638072339733 0.0736253070770551 0.00189592164689301 -0.000430605612903708 6.3369175629006e-38 0.0241758383589439 0.943283933999682 0.982893371623895
CTSL 0.13536929291956 0.404926963834016 0.195893141621021 0.135358975432895 1.03965697363043e-05 5.0046408290339e-53 5.1839255897378e-16 8.41074862927279e-15
TMSB10 -0.944813889339897 0.903846720975736 0.0762307901322736 0.214299401491756 4.97355718008486e-28 0 0.000268255002043928 5.28479261642905e-45
MYLK -0.769756857475754 0.975734129582171 0.0929842575496247 0.178604157556961 3.15057277925724e-57 0 1.86790965265837e-06 9.8695943292272e-34
BCL2 -0.272487034960654 0.784034316865457 0.189382685864776 0.135892590272158 3.10128039130254e-09 0 1.91435842374141e-15 3.4918953628294e-16
RPL13 0.515973025888154 0.306044705499871 0.186081976841946 0.152675595730437 4.54111996333887e-15 4.51563394449592e-26 4.43046133596473e-11 4.55501104233737e-19
FCGR3A 0.0405331212588937 0.547215362880485 0.137137115175862 0.18489871681757 0.288277392490652 1.24171892626867e-110 5.56132095379043e-08 3.68496677703256e-28
CD69 0.11697045941855 0.426384510690742 0.132575451798225 0.0978542806634613 7.1309455938137e-08 1.91345155333203e-59 5.961669812851e-08 5.90936510859164e-08
GSN 0.0432932465234661 0.64033273298984 0.101912300185516 0.102632373079939 0.112687282282905 6.21500579736831e-172 2.30196530957802e-05 4.83551801104904e-09
CENPF -0.910253686559587 0.77597256690194 0.275440602181072 0.354363412477878 6.55054883339676e-170 0 4.35331129936355e-52 2.65703071062529e-140
MAPK3 0.332300229790708 0.19298144628581 0.110596050267386 0.0689939181529472 9.91656288404655e-33 3.45735089132083e-11 1.17899922762969e-05 0.000127420177439648
IL32 -0.0771018454595112 0.66636686492408 0.0943170090126641 0.231913268625352 0.0105887398694588 1.3997911699712e-212 0.000125638190129674 7.56354785894737e-43
PDPN 0.0668252105685726 0.0849662784265431 0.0797401816758447 0.0407822238810596 1.89018184351494e-24 0.00813466627808479 0.00162560517086925 0.0434090921259142
SPDEF -0.242895207315151 0.674482913590952 0.167140677289519 0.331342641334528 6.77970324700348e-19 2.47182240137963e-212 1.75172315720046e-12 3.11352055742496e-100
CD163 -0.697657145386342 1.04296379276504 0.0887549857619305 0.291233261626308 7.05260500624802e-91 0 2.11226978268585e-05 1.18856006561582e-83
TP53 -0.377643653072786 0.873634517397072 0.154710751690592 0.102285427115512 8.37685345371155e-08 0 2.46225096772362e-09 9.97347942728418e-10
KRT7 0.0731975104097351 0.138983233134994 0.105449265109951 0.125670102542228 2.85719396006564e-17 1.12449387196367e-05 6.0135497622474e-05 4.67909699552241e-11
ACTR3B -0.120620892393573 0.782276019273154 0.133444918791713 0.110891708650361 0.00617473840395179 7.89163804353205e-282 1.07905437406775e-07 8.85788123877444e-11
CXCR5 0.0845598495383074 0.0371698484372769 0.0185030080501563 0.0454387713007515 3.18955339952492e-33 0.250714298863919 0.480716281134796 0.0196983110712286
BGN -1.16847469538211 0.971373044805769 0.00626095314504048 0.27916727479371 3.83330605776819e-83 0 0.715919047816624 1.32916095172146e-89
MYO10 -0.212846666171106 0.851939314103592 0.0705346542762765 0.203751232915081 2.38491395578448e-12 0 0.00252921994738316 3.91543944837518e-35
CD7 0.145145095219538 0.143035406387506 0.0662185255450643 0.0343546525074504 5.18660515659887e-33 1.61353017257016e-06 0.00800802450231983 0.0741601472651408
FCN1 -0.102108643542443 0.54462289651151 0.170744162577679 0.473443059393958 5.35042121513824e-16 7.5944809238048e-111 6.32323309009866e-14 7.7968385455036e-178
GZMB -0.0785950977204707 0.851985807898197 0.129145495853155 0.212720031958355 3.78393905030442e-15 0 1.15928051057087e-08 4.33981594038183e-31
SPP1 0.0586887964442362 0.0813803880956025 0.0739654267243496 -0.00855655340220071 3.42616856857787e-25 0.014305020525266 0.00557555345418789 0.669303918363212
MDM2 -0.0674875827112693 0.617763029312053 0.123023049329495 0.233103559465184 0.0630695981971744 1.8629309584267e-137 6.82986207163146e-07 3.33774284816057e-43
IL3RA 0.0895248292394705 0.376023087941757 0.0913091897055227 0.0403082535796563 1.89342614831822e-13 3.1687099524108e-41 0.000234459359890061 0.0317628951126577
RPL18 0.376801203402487 0.0981080449809425 0.0931157825757002 0.0721052593310148 2.18188766980667e-43 0.00123511525326327 0.000263626933356121 6.38173688482197e-05
BICC1 0.0828490988644897 0.101767107408855 0.0382218143459911 0.013725586776381 7.9164534746383e-30 0.00158861570356285 0.146236602629313 0.499157859369281
TPM2 -0.752032203478319 0.890292060284541 0.186001561010777 0.213818615128405 1.28312859702641e-67 0 4.75945292061343e-19 1.92695711725377e-45
CEP55 -0.454203778334128 0.851024612844742 0.205606732073783 0.251253268908505 1.16777414296508e-64 0 1.2031754071607e-23 2.37762824378386e-57
KRT8 -0.568822484873425 0.806450612645661 0.192218494049735 0.174606793272042 1.96451541359851e-18 0 1.77662466998504e-16 1.16127291228431e-27
PDZK1IP1 0.200570543876888 0.204459394352433 0.162852146096699 0.0857568173729643 2.77017428679321e-21 7.85285796140175e-13 5.68768977367884e-11 2.34525372190182e-06
MYO5B 0.118788271396735 0.298849084403217 0.135661663030042 0.108315228985843 1.08865573671772e-13 1.57829859174077e-26 3.8405817430797e-08 1.00213994689476e-09
FCRL5 -0.0235033567043198 0.58266759648819 0.22371158641351 0.193678285416273 0.000196627104536852 4.58305958143282e-169 2.14666986881471e-26 3.60929959097431e-33
CD19 0.119047367345471 0.109997548015075 0.035083604395307 0.0485765753232431 7.80123579723948e-34 0.000258648528027265 0.17500481661523 0.0126980172177372
ADGRL4 -0.0592703001914197 0.671637677137292 0.196662278757751 0.11951159181249 0.00158140368752699 1.45150289340566e-218 7.69882468265466e-17 4.47208885997359e-12
HIF1A -0.360116936045032 0.767975249723883 0.162426108671793 0.185373398145455 2.08157953702547e-06 7.94463843106499e-275 7.98509974552471e-10 7.38370790301387e-30
CXXC5 -0.0955450099660375 0.679158957186879 0.173504605562944 0.155511605412997 0.00197251468409298 8.07980479143068e-201 8.36614079275343e-13 3.20248425605306e-20
STAT5A 0.141687869229944 0.229285392110984 0.147736988275063 0.120580963160998 3.62952737963684e-17 8.22205799141216e-16 1.27564258433716e-09 1.67782282807689e-11
MELK -0.274616329001321 0.965231371542186 0.101337745679671 0.180161293764737 3.28839299417834e-39 0 1.15485357858892e-06 5.77116401841019e-29
CD74 -1.88184554395266 0.774819628048376 0.0305857853279334 0.473397017897922 7.71979425011267e-112 0 0.0838542498157381 5.93719933851762e-310
BIRC5 0.0776762245547998 0.321436028865435 0.136378316397185 0.105283559318749 1.72484346242406e-10 5.7252018825431e-32 3.18529729080573e-08 1.44059419932731e-08
IL7R -0.0462385680748852 0.658648341474412 0.101919860158766 0.325516522976588 5.10922203036884e-07 5.91972045823835e-183 5.19397974159144e-06 2.28930234943245e-77
AGR2 0.0745778556335178 0.0638584028959989 0.0794201343527938 4.46634930400873e-05 8.15162427582072e-29 0.0515688330293853 0.00228921120460505 0.998194602311791
TRAC -0.0129737910101811 0.637375767440999 0.145014235427379 0.131479934549127 0.200477461865907 9.45039712255946e-168 4.02423503019282e-10 2.08835005846215e-12
MZB1 0.0578252700489579 0.262151961817782 0.130216871729026 0.159009563150266 1.25310993123852e-08 1.694790047069e-18 1.38474327039139e-07 2.24836376722814e-17
CLDN4 0.108059715004653 0.105994878344787 0.0854463620259166 0.0532226964032745 3.48108149194683e-29 0.0005041368651754 0.00067424216159431 0.00585642873914517
RPSA -0.666462703402015 0.809574895600577 0.127276709259818 0.225860181547358 3.93479135561179e-14 0 7.48476639757689e-08 1.05332159122092e-47
LAG3 0.115865167704557 0.385250208663666 0.138502457620994 0.123912859228304 1.4541719498029e-08 4.3084006541834e-48 1.50624567875724e-08 5.35291090162749e-12
PECAM1 -0.154837030976266 0.932423343568807 0.101958507393705 0.11037313600764 8.68096797685766e-16 0 3.36866150017e-06 1.23632875052551e-11
HLA.A -0.74911018964462 0.885644978973648 0.0859087778689485 0.259539109087066 1.3667129740538e-38 0 9.36081941822497e-05 2.36466224012787e-67
FGFR1 -1.10583469440887 1.01467289078581 -0.0308589682597392 0.186571394797256 9.95751901314354e-70 0 0.0425104564390602 7.50541466299076e-45
MIA 0.0795526682376602 0.0418437377547486 0.039878936413722 -0.0259240202814781 2.19848182675567e-34 0.200019441051408 0.127888310217446 0.19615590906683
STMN1 -1.0582623009206 0.817894512821909 0.228865589671315 0.241279299081069 4.61978614998786e-58 0 4.22118907010804e-26 5.6798293067319e-55
CD2 -0.223962742906231 1.00521115419616 0.178384533417913 0.242006149355922 9.58311847494569e-70 0 3.67759360196413e-20 9.64612021240912e-51
CD79A 0.0876008603397942 0.0601466118403253 0.0433590343247733 -0.00574005405569161 2.52486504278429e-34 0.0619410546419696 0.0856237924117297 0.779257474545956
BLVRA -0.0494355349847419 0.656414473902319 0.23884917378601 0.0889340150229418 0.351015639661729 5.50102555334281e-174 7.81321450826871e-21 2.9227500609609e-07
DCN 0.087079642160612 0.296572184509758 0.141924838573996 0.159554893796481 1.49494639684041e-08 1.44477067003067e-26 1.57159064203068e-08 9.10209083840671e-20
LAMA1 0.103817084156471 0.104690931727104 0.0680638598777742 0.0212890324749378 5.39221269152783e-31 0.000979814187139098 0.00727739452988792 0.269077195652547
TRDC -0.0138395028100121 0.578265226859234 0.131622182497969 0.193935027387517 0.266294175916087 1.06679814455756e-131 3.19582068593721e-08 2.3059183084065e-26
PGR 0.106581374859709 0.108555497883539 0.0482762293916294 -0.0111111512530879 1.68934949015893e-34 0.000503478701507347 0.0619337394544295 0.579724063963789
AHR 0.17507084416649 0.381695719380795 0.140365304794826 0.111564680115742 6.03809151454003e-11 3.42183484106791e-46 1.20829002440678e-08 2.72648041945412e-10
FGFR2 0.101561882194999 0.0514209206671279 0.0826024734315575 0.0380690943937775 3.4050236854799e-32 0.112763681350287 0.00117421615273566 0.0537795110978003
RRM2 -0.0914467138992802 0.889060447087018 0.126533992772476 0.0999589805397501 2.60029469172151e-12 0 1.11310316815504e-08 1.04880751318422e-08
ISG15 -0.775712696242369 0.753042056534027 0.0776315290696878 0.357188479531816 2.08650510526597e-15 0 0.00168654214575685 2.47808396221156e-127
NAT1 0.141031470348603 0.184918798907322 0.0404785101341369 0.0338713644669667 1.89129474366973e-31 6.64026066260199e-10 0.111889635444975 0.0823780699431331
MKI67 -0.399831857046393 0.993555082915291 0.122653840436721 0.250859799574688 1.28111373591404e-98 0 2.54351700650603e-11 4.59134504968292e-62
HLA.B -0.998256907944486 0.832131172642788 0.022858406672897 0.287328033586714 4.53107108233757e-40 0 0.19362882161506 4.95430251008856e-94
CD79B 0.0830912325964079 0.17236355953074 0.030360617502873 0.0571970794481685 1.37775296604419e-24 2.53179049993619e-08 0.233122059928456 0.00444263581133164
CLU -0.0584785357804984 0.528881398932169 0.150735764083913 0.286649857173872 0.112803954121484 4.99502040272913e-109 1.90484466848591e-09 1.02273233415886e-68
BRAF -0.0791536829319421 0.748826103469759 0.16704673894986 0.0823916482546704 0.0171255551453391 1.46124751918346e-271 3.74143742445025e-12 1.890821512425e-06
SULF1 0.0483247555719904 0.448660326734887 0.179078441194629 0.125749406567287 0.00566202204031638 2.47910125811544e-69 7.08989720423257e-14 8.91779110367555e-13
TSPAN1 0.0549524847253624 0.297186451282599 0.165978936188429 0.193263852546765 1.2967407095279e-05 4.45964159922274e-25 1.68260864757766e-11 1.5900949040529e-28
LAMC1 -0.676299320465365 0.930901454517085 0.114724655574616 0.180513523512526 4.49865961389732e-24 0 2.32960052128096e-06 1.79968264182061e-29
FGFR4 0.120914741361695 0.200671320446639 0.088255100090905 0.0565664038406088 2.81015797613203e-24 9.67106552245589e-12 0.000656878637576644 0.00275713284392862
AIF1 0.223249865590468 0.268004580699599 0.100864082301721 0.0525251873917866 8.83150376209508e-26 5.68915588154279e-23 6.27867088073331e-05 0.003992863573412
S100A14 0.0902336098451902 0.052124603490932 -0.0220827245321368 0.0472055855105222 4.4460076307952e-36 0.103570436186759 0.403151813937828 0.0175901674816814
PHGDH 0.111144885066672 0.424888074546552 0.108445161600757 0.109093148130043 2.1867741021508e-08 1.29906401849015e-62 7.39266443439188e-06 1.69187620061715e-09
CD24 -0.91672241093285 0.87085770050646 0.059813975880479 0.237189903163971 1.97856011257661e-33 0 0.00167372930896624 5.68412654757033e-60
DERL3 0.186633420702958 0.275934436239816 0.0874128467280673 0.0883478278801052 6.55668642165608e-22 4.26938098076457e-23 0.000385600653841583 1.47050988082767e-06
NCAM1 -0.382120685778231 0.923480396991445 0.0692721608178959 0.172023487864587 3.60456461201882e-20 0 0.00151030787426949 2.4732082424029e-27
HLA.C -0.525744417229536 0.902030323593566 0.137412720876931 0.12525327289914 5.49874176769537e-18 0 1.82427767225202e-09 4.29825550941246e-15
TTC6 -0.641504772363329 1.01990266357179 -0.0551289430833706 0.210707477967302 6.73557029316527e-33 0 0.00351553988363025 2.83871921330539e-49
C1QA -0.765480105125533 0.886511635337341 0.214792770492752 0.241738323296133 6.22790303705684e-53 0 3.73454810572093e-20 4.68480987251565e-53
COBL 0.0247989750805216 0.373615853197306 0.159534579231481 0.274633095930298 0.152222716217301 4.99126631756133e-43 3.74746744440138e-11 3.12991884382621e-63
ISG20 0.219582125362279 0.371100423784243 0.0997488279700015 0.0750710620892617 3.62282880258821e-17 7.58909876668718e-43 6.58913047361028e-05 2.83155535403187e-05
LDB2 -0.67346535624961 1.00700052772473 0.147752220296282 0.156669496454188 3.67069293240268e-72 0 1.52477011215021e-13 1.09769647482656e-25
MLPH 0.0372458413451647 0.609579448109206 0.155083202354688 0.0779829613555809 0.100272527124742 8.96373253934312e-165 6.36919703636699e-11 7.4294461369529e-06
CD8A 0.151378089692434 0.306520294083443 0.125729730182968 0.0803305033728781 2.69843673340793e-16 4.73412065744007e-28 1.9049030189123e-07 9.56845460700765e-06
TAGLN -0.571614932701229 0.891110099932095 0.153560547980561 0.252552546859017 2.64794154330826e-68 0 6.82436528544841e-14 4.98818080081454e-64
FN1 -0.942356865524616 1.06730842670768 -0.0824989918820506 0.264679665027042 2.4872577978405e-90 0 4.30006876539952e-07 2.31104251859187e-92
PI3 0.0806148793991299 0.0315322491829003 0.0072594896734969 0.0694237201979028 2.00708541390547e-32 0.336026725535077 0.782665910773055 0.000449088204990586
AKT1 0.25368518481121 0.415924862119884 0.192490780492578 0.0857467849073354 1.78384778348103e-09 8.7973120497237e-55 8.90441369737769e-14 1.32288363380084e-06
TTYH1 0.109823940083672 0.0519149974804973 0.0404493040915182 0.0407099593921275 1.35856869034484e-36 0.105363831041998 0.126058385239405 0.036300619118909
CD274 0.152172531472423 0.0454189797038737 0.128492114809312 0.0628793236587423 7.27092205426447e-34 0.136804297697722 1.74539019013567e-07 0.000703441586979962
HLA.DPA1 -0.338552484253381 0.832062495548579 0.141288373997772 0.171221537950149 8.97696186892344e-12 0 1.73497715118548e-08 6.01451945720908e-26
EFNA5 0.0701056412690291 0.25797327539444 0.104058227706365 0.0861204804086491 9.67586417670792e-15 5.62535206947806e-18 2.21918855241231e-05 6.14137051162456e-06
S100A4 0.187391936627551 0.204910932415777 0.0972217510782989 0.0579625262891011 9.21038321369447e-28 2.15250649193981e-12 9.76140272586656e-05 0.00127299080132895
NDC80 -0.179082102740327 0.85953468404572 0.188605838328495 0.102357698453384 3.58626234575398e-19 0 1.37158221212119e-18 1.21629057240636e-09
ITGA6 -0.77137072388187 1.03985158983416 0.0730594589431707 0.261203709925083 1.14967897725337e-89 0 0.000413444115560982 1.78659258674892e-70
LGALS1 -0.671121723880852 0.831048891189033 0.155725349782161 0.213376893140958 1.16641087808026e-17 0 6.44569073778578e-10 7.02240116699396e-40
C1QB -0.626871396308973 0.913449777403408 0.173174181824688 0.202764585869373 6.54116674088141e-38 0 4.72972547325693e-13 1.00112021813687e-37
COL1A1 -0.422347112646953 0.956271773519699 0.136684222538533 0.207655641975555 2.05149548978006e-44 0 1.15385681814503e-09 1.97321301420004e-39
CD9 0.217057431469673 0.270891936927992 0.0786050620346893 0.0700850537468618 3.6103320073321e-25 1.55805480457973e-22 0.00176801900459645 0.000114468788168523
PIK3CA -0.0700650744862595 0.694382286274655 0.240036465310467 0.0629964024850526 0.236235731338734 2.17054277963248e-183 1.90856322454169e-19 0.000268413292729582
FOS -0.0451007027492937 0.352490441885163 0.104776378363991 0.488302073901 0.13627685069227 3.63554578048866e-39 2.68296931330277e-05 2.92471340515078e-215
ALDH1A3 -0.537046968022306 0.594727840082895 0.116880949571502 0.572136096612759 6.09907979130442e-39 2.98725714674167e-177 1.00590381271892e-06 0
TBX21 0.105501402289968 0.394502864447703 0.0987162544804984 0.0849628178868897 1.1320484712738e-10 1.54358465220307e-46 6.06921693938017e-05 2.28938624111059e-06
S100A8 0.0368987504488162 0.0331266360700834 0.0412261219928645 0.00315701916449233 4.61555680571709e-22 0.334861027858783 0.113019059474943 0.884074682069273
MMP11 0.0574886273666176 0.429290860863164 0.109822478828847 0.208808523156305 0.00337424267468034 7.11649340778854e-66 8.55562533215941e-06 1.40505590243694e-32
TYMS -0.58776172876324 0.96715217651584 0.0996492518438223 0.289384429412248 8.73877889817796e-86 0 9.49793640091663e-07 1.8781949478846e-79
LGALS2 0.096876028968083 0.117947874188056 0.0798754675947131 0.075905311252811 3.62214961566488e-25 0.000153303510541702 0.00143905038054181 8.30547585238203e-05
HLA.DRA -1.54957155595395 0.89720646289016 0.122714090766171 0.349999912685757 4.53613738608567e-88 0 1.91718338721855e-08 7.47162837272019e-137
EGFR -0.464885435995338 0.894967763635247 0.0491489536327534 0.242781319969085 8.48636594785071e-35 0 0.0193363483381144 4.98859106910347e-58
ITGAX -0.122308436235711 1.02623872200893 0.0745688784419374 0.138831733852853 1.34422697863177e-21 0 0.000592886976302514 3.38363146233933e-16
CD34 -0.61311216043495 1.03859913293153 0.0796943448093009 0.17065904757855 1.03122152475328e-53 0 0.000191395378161141 3.67089339091554e-28
CD96 -0.0855945425545904 1.05531369147477 0.0514053350750681 0.137310557067738 6.29218036706965e-21 0 0.0109986651972686 4.45338190998673e-15
COL1A2 -0.629736224938386 1.10761441675054 -0.00280660165326936 0.1562438017915 4.24085312843708e-68 0 0.873843965353112 4.3275466347521e-29
NDRG2 -0.60950438943867 0.975285877175442 0.0805872269498636 0.161209031333091 5.43152578859347e-24 0 0.000597718020440765 6.51420112381359e-24
MMP12 0.0564661220027759 -0.000802381276572393 0.0245295594897778 0.0135743307948633 1.58825409357984e-30 0.980747821525212 0.342184824166205 0.518415662121395
PLEK -0.344064033238546 0.909303510148353 0.121609731374292 0.206756378955673 7.91185636268173e-28 0 1.06087095167178e-07 2.37229072417652e-36
CALCRL -0.241994399864996 0.781388599669719 0.178909580463464 0.222299657828513 1.74320514856446e-21 0 7.52894612028432e-15 4.60901894577339e-43
S100A9 0.0810912070389962 0.0134932618073899 0.0892292611908272 0.0305651014715027 9.46598368639817e-31 0.676840826517061 0.000421519357721792 0.121457577849025
FOXA1 -1.01803866725403 0.931076771750354 0.107967547232567 0.135277255929773 4.57883320332325e-58 0 8.80134155101279e-11 9.3742573379561e-22
ANLN -0.339694540742336 0.907041237964799 0.204375838024033 0.150936820002994 1.19397018365259e-50 0 5.11693839826961e-24 1.38349659425517e-20
TCF4 -0.106302113292486 0.810316549951635 0.0946989084427442 0.111306402705672 0.0059932855315867 0 0.000122430404244161 9.34830959929034e-11
UBE2C 0.106443455268758 0.402772401557235 0.0943107466277332 0.126911744490144 2.83448076540854e-09 7.06411149692354e-51 9.60889645484497e-05 2.10940526690065e-12
LGMN -0.700518805079669 0.92123953539635 0.11588595892004 0.219573001539879 1.20983899352137e-25 0 4.1892152757082e-06 3.6254778306921e-42
HLA.DRB1 0.00591950588024861 0.658767313346829 0.0939708278370744 0.14535230195446 0.841013893621408 1.41141978577912e-170 0.000114557557986524 5.07104842211512e-17
MMP9 0.0407796933180557 0.0831309264448144 0.100958757786977 0.190249890170068 6.07812706855321e-13 0.0101009474248955 0.00015974603180155 9.27105531154681e-22
JUN -0.781695920447474 0.883495433733667 -0.00237989126509919 0.272225102460775 1.24182537013796e-25 0 0.902415688988954 1.22494976957336e-78
CD36 -1.01892548477521 0.766459696176709 0.114311790349444 0.529231988642287 6.44252165840894e-104 0 7.66308103429171e-08 0
PLVAP -0.381043184728361 0.860989515643777 0.161152259585867 0.219931945367538 9.45006014584217e-29 0 2.15921145538862e-12 5.04899466950474e-41
EIF3E 0.2029075524024 0.301108563482415 0.236767779120822 0.188857668563058 1.16419330849863e-06 1.21624093669944e-26 3.81120337543627e-20 3.92281265376927e-29
CDC20 -0.149998465736939 0.73388212100189 0.167002383425143 0.197858553564558 6.87320812246255e-20 0 1.87468005604171e-16 3.60297412932206e-36
CAPN13 0.160453233390739 0.391900162008277 0.0440742104544697 0.10222761219974 1.15752457453005e-15 1.85170299022084e-51 0.0821080093371486 1.18306532389895e-08
FOXC1 -0.0290673566420542 0.601640458022242 0.181627815716488 0.153523803327394 0.375217286798878 2.3134613616293e-157 2.1279123214862e-13 4.7341756596287e-20
COL3A1 -0.552859046336519 1.029884845245 0.0193509842350975 0.230087475417523 2.48249461584974e-56 0 0.336118908106199 4.27849818107923e-55
TCL1A 0.0866358158978874 0.098327542573949 0.0564150914808208 0.0371516597627785 2.31571721140219e-28 0.00222536820075765 0.0251100851662791 0.0640577801097714
NF1 -0.47491965844966 0.950451010776861 0.109469250948248 0.0998885040569739 4.75426063654626e-15 0 2.44115952703203e-06 7.20835448237605e-10
SDC1 -0.305051861719655 0.719847821326523 0.155700044067773 0.283852156778899 2.53415457917662e-17 7.02357679366024e-272 4.75472330669637e-11 3.89074146056701e-72
UBE2T -0.229261128749495 0.729077496331376 0.198217392638857 0.168759815802001 9.17166460979738e-09 1.53524276107022e-247 8.98101419663854e-17 2.48278992207284e-24
MS4A1 0.0997538686605984 0.122525306626811 0.111345318044347 0.0889824942477318 6.17717273746004e-23 7.33264772233937e-05 7.33438526371518e-06 2.98731670339189e-06
HLA.DRB5 0.132274136448519 0.255195366697017 0.0772077083675939 0.0792576009087561 8.66627312537167e-21 1.96014414841395e-18 0.00196369784961171 2.52577029268152e-05
LILRB1 -0.189900332063279 0.997501628978978 0.0743847305530842 0.141307852819235 1.59192397263901e-23 0 0.000548524838581087 2.89887589314281e-17
AP1M2 0.0786396141646304 0.464986925365129 0.21504495910625 0.0841700362464189 0.000979127698006064 4.7192571166552e-77 4.4233185717584e-19 2.42121452424258e-06
POU2AF1 0.0497060923083618 0.108483071016729 0.140559858891668 0.129480086182773 1.30321618708474e-14 0.000318033079033176 1.15036277054338e-08 1.56233331413968e-11
SFRP1 0.0584597450881132 0.0795190326054466 0.0497795113730034 0.0872476888032326 1.13311426669132e-22 0.0162097286602016 0.0626638166831011 9.80422709180728e-06
JUNB -0.330846821831259 0.674359534418694 0.168947617858825 0.285494200667463 1.23654686084353e-07 2.81846004146306e-175 1.12309088243707e-10 9.37940808333377e-69
CCL2 0.0605330934087459 0.134754527479246 0.0948523837010055 0.163167341133196 6.68635186782211e-16 5.59243955820794e-06 0.000166080486036227 1.22657980585618e-17
COL4A1 -1.09856622078776 1.06358796808447 0.0517928346767713 0.174643864130119 3.93846000079985e-109 0 0.0017582224505041 2.65516218946768e-38
TFEC -0.0618130917646653 0.887899019137058 0.0954437216515932 0.0897067968284974 2.06507644196262e-06 0 1.9922253310456e-05 4.22658321115397e-07
CD38 0.0718925619651145 0.336929855676187 0.102767517818256 0.0616470701770094 2.15298896929099e-12 6.03363495327717e-37 1.45794242033357e-05 0.0018311707911861
NFKBIA 0.157498617737304 0.413023313322167 0.193999414842443 0.179512320526547 0.000333153323598807 3.22853438475005e-52 9.77918867948603e-14 6.32699459272487e-26
FOXP3 -0.0703909550494769 0.611727252498833 0.2154668532216 0.167343084421079 1.0249869370302e-07 1.79202422610175e-196 1.04702518740184e-24 4.20568248844688e-24
VIM -2.01436692120966 0.955249852900565 0.0526712247829751 0.276092099574921 2.41023477477277e-239 0 0.000127637112410143 1.49093349953599e-113
ELF5 0.195565383648952 0.234695819912084 0.0823873172798865 0.109483461049824 1.4790893756151e-23 4.26010172613321e-17 0.000922971314198572 1.62094891574392e-09
CDC6 -0.00738150320678403 0.688468560716582 0.0771630855389358 0.132614359485238 0.703166079871177 2.94054310098286e-192 0.00133094335313875 4.54044261255767e-14
MSR1 0.0558020291369538 0.521366203535745 0.141016954012366 0.0865027221152477 0.0019492688643323 1.72331740470166e-108 4.80496850450242e-09 1.75865455199375e-06
HLA.E -1.14019594891245 0.903804694088014 0.0672064460923677 0.25127652956914 3.16455818613442e-40 0 0.0011142525181076 1.6378187508088e-66
PRLR -0.315247468902528 0.847338990845278 0.144300221146815 0.131693380999634 1.73366835706323e-12 0 6.42412930177198e-10 5.67937828897446e-16
LRP2 -0.459047385684943 1.00738575454308 -0.0613789076448729 0.211355795626137 2.96525052026199e-34 0 0.000646201317867333 1.11198710405265e-49
SIAH2 0.100709865597656 0.524386671992587 0.214250122015947 0.120872988069525 0.0276461838384928 4.8620183648548e-91 2.58490373489148e-17 3.719661408099e-12
KIF23 -0.332833099357126 0.903761024009261 0.220514176657635 0.120095128482386 7.01993672103941e-45 0 4.01205854888542e-27 9.7006887854477e-14
COL4A2 -0.768721792674559 1.09581837276697 -0.00535000255254021 0.123614977710478 5.78006753523771e-54 0 0.756213524491062 2.71360257500667e-19
CCL3 -0.0779879825164664 0.659638054439761 0.184965596415212 0.143367036294552 0.0430630119760379 3.00206226565145e-173 7.19072529236694e-14 4.31494385455405e-17
APOC1 0.167814066698317 0.333335933494463 0.139143939388293 0.155256106087091 1.39310053379592e-10 1.85844729821691e-37 2.23432563566491e-08 8.19836783103597e-19
TFF1 0.158237904070692 0.355569395284646 0.16186124968104 0.0929840622923575 2.9619110564913e-11 8.09462667624215e-38 4.57653795117262e-11 1.17871670887751e-07
CD3D -0.0375657329146349 0.789951798434227 0.117007213993085 0.128913465330248 9.47394669592188e-05 7.72617122281852e-306 1.55261211626444e-07 6.68956561247209e-13
NKG7 -0.163432204640802 0.900390674168726 0.135890871657164 0.222497676732475 1.11231693676127e-29 0 9.85326390426767e-11 3.0060617879717e-39
FXYD3 0.0347432762670157 0.580107087824486 0.143175553106091 0.137449151981052 0.226537061559246 9.35486548281402e-133 8.39619896302023e-09 6.21148178794796e-16
VSIR 0.150873266072418 0.424771954416868 0.0999813206839332 0.0605825530472883 4.83975237492025e-12 9.32650811308118e-63 4.51248033526698e-05 0.000902001217956243
MT2A 0.276379768637315 0.0450987402332536 0.0793429404873718 0.0817321431872559 2.16101836859294e-44 0.135160241932606 0.00173082588730874 1.02647947688793e-05
EPCAM -0.466150726134467 0.902542890405522 0.0946981107834506 0.143078733166892 1.0122560427074e-13 0 2.54574532273927e-05 2.721014451621e-19
PTEN 0.118995844874868 0.581342508763595 0.119292482807544 0.148050567625065 0.0146211175178166 6.0650113082158e-116 8.98677237822344e-06 2.63348095360663e-18
CDH1 -0.597579187461445 0.923267081673527 0.000704887795372702 0.315031782965481 1.21178689582768e-53 0 0.971456351513552 1.20670683800731e-106
KIT -0.298164767636842 0.719074895365926 0.172384812716833 0.314795972751747 1.52464859994451e-26 8.74573194648121e-253 5.8102265707352e-14 2.13936071943378e-95
SKAP1 -0.380315481457576 0.881617020636962 0.191925285429532 0.0650038348764149 6.26666612316661e-14 0 2.02152082645099e-16 6.76473955444252e-05
TFF2 0.0575780860500191 0.0656745572473133 0.0485090500984567 -0.0412484548487388 1.70072807516817e-28 0.0495548924928104 0.0688783358593469 0.0555968565661962
COL4A5 0.196790474885188 0.170058691901841 0.126909213223863 0.118639228420181 1.66877593706827e-24 5.18891578882833e-09 2.84713794452941e-07 5.9847496857475e-11
APOE -0.31083751869225 0.792525311968086 0.127566536628334 0.264487266793053 4.15625740760028e-17 0 1.76131830364474e-07 9.83159395746097e-58
HSPB1 -0.8288605506558 0.82186533918451 0.0815519660283676 0.243224373759742 1.23637207256555e-21 0 4.27481395846902e-05 3.0040203341088e-60
LST1 0.299371955048332 0.0485171363678104 0.0650744972923577 0.00321653602427519 5.34181308404213e-56 0.106042706736614 0.0100635161723028 0.861744931966691
CCL4 -0.0580126603856517 0.550479398308346 0.159316307913085 0.33926824828092 4.18234953604824e-06 1.46128250509202e-124 7.83907872035719e-12 9.16219231887e-87
NOTCH1 -0.36247047238839 0.987578661158552 0.0861841636938382 0.139580538973254 3.97463087621211e-28 0 8.5414182845182e-05 5.54739269380786e-18
MUC1 0.0424870959830986 0.402062325503095 0.110731143496208 0.218473427486007 0.0041478741367436 1.68515328655628e-51 1.42280089273613e-05 2.83575021962471e-35
XBP1 -0.682349537328708 0.864752617162075 0.0611592402185061 0.238605936208336 4.60956859470309e-17 0 0.00616360295975461 1.50474221987024e-54
CD3E -0.163281740956442 0.985249913924434 0.163312555138431 0.159146405991244 1.19738354919594e-39 0 9.90438935823366e-16 1.21581164262205e-20
GATA3 -1.38264825972042 0.96133709193262 0.0711552522440788 0.177502721528509 4.68012582881618e-83 0 9.745332277727e-06 1.33269612036742e-38
SLC2A1 0.217556982151064 0.109730762296415 0.0469317065022866 -0.0141901057916427 1.70192929897273e-47 0.000339931905171803 0.0667412765844877 0.455752084671999
PTPRB -0.174357449498191 0.930973530660308 0.145659811742965 0.162060639389016 3.03110119513479e-28 0 3.23582830523261e-11 1.93206219878956e-22
CDH11 -0.127423935902775 0.889055477727398 0.0800260918483812 0.135652491161565 1.93682222279077e-10 0 0.000417555027780528 4.54581147560115e-16
KRAS 0.0690281087211631 0.587803065528613 0.160750049481673 0.124434490133343 0.113301197070003 1.81704069657264e-117 7.1291202034968e-10 3.64523051620784e-13
TFF3 0.171517146950623 0.15567282145315 0.101220967061641 0.0523502408164587 1.15204664702582e-29 3.50943415140418e-07 3.67016595818664e-05 0.00482255344345677
CR2 0.0582009216963951 0.0633689224367452 0.0820362423478703 0.0461846261891006 3.48630457512091e-23 0.0525397408995482 0.00149797789264171 0.0253347453717619
HSPG2 -0.169128974503511 0.983678231788583 0.0920091203286277 0.0833911237007273 3.59671003900198e-17 0 2.90027272287164e-05 5.33142128057802e-07
LTF 0.105223862646507 0.300630987466757 0.108228381382588 0.165472913513655 4.47553375612888e-11 6.27179189156055e-27 8.46083093229061e-06 1.06788837497849e-20
ERBB2 0.166752834820301 0.345862412617266 0.119588116732089 0.0977615151999903 2.19346642604476e-13 1.68753416429499e-37 3.05273112811134e-06 3.71038270283537e-08
AR -0.558913784955636 0.692691958292561 0.158250715564583 0.465643448686251 4.26767377562121e-60 1.04474063636505e-312 5.10985169956369e-13 1.72174932220045e-249
NR3C1 -0.334863796798059 0.788251606940589 0.192043163026948 0.142446623358376 1.27480004826191e-07 1.62016983460037e-279 1.98197422639602e-13 9.4224136612555e-18
MYB 0.085352897089731 0.454322398758341 0.0904139965678884 0.0836325309572474 4.6321061030305e-08 1.09301855209904e-71 0.000292424728930402 3.74231761722819e-06
CDH3 0.0840450231786943 0.0838782953713781 0.0404855074832814 0.0480977315754984 1.79609756710307e-30 0.00728731727966731 0.118872785664548 0.0132253079652538
SLC39A6 -0.615646897708008 0.813330594266471 0.206934494996529 0.184238385061553 2.4017341169224e-28 0 1.06621548981528e-19 1.99213077211536e-31
CCL5 -0.0973698307941249 0.731056407616713 0.166941159584594 0.211587947489177 1.55339633655398e-10 4.42369850301543e-261 2.07685144324971e-13 5.09251619407718e-35
XCL1 0.158227134616408 0.119469239931921 0.0598702742255471 0.0714619678310258 3.75408627303335e-33 8.89507716758714e-05 0.0173756999252315 0.000147614657074198
GNG11 0.12324348602494 0.47353958050496 0.102787253622452 0.0665322438283481 3.97419213063229e-09 5.0222095250515e-84 4.2467329847919e-05 0.000221235750023274
PTPRC -0.15033267845787 1.00476302505809 0.0906992741596533 0.113986144055637 7.51187273555775e-22 0 1.92497869195158e-05 2.33614345905192e-11
KRT10 0.215402236445551 0.0472631570520481 0.11396871845092 0.0689776510333122 1.9077874074302e-38 0.129206343076686 3.70502145058622e-06 0.000191965643390826
LUM -0.00487321034969656 0.159246610828419 0.240662781331525 0.498425540638601 0.55806270746556 7.37852801558483e-11 2.19130976870632e-23 3.89926052527561e-262
TFRC -0.132531300121962 0.759990306544723 0.160967855419953 0.121300657979658 0.00025651178712843 1.09300799361834e-275 1.35585197894796e-11 5.49284061271541e-13
ERBB3 0.0537142898856135 0.056519876083669 0.0374106437356926 0.031598102814856 6.80948347303826e-25 0.0876460375777945 0.162748838506047 0.136258450315998
CD3G 0.219288335779583 0.256574713208302 0.105027294899435 0.0220832932176811 4.08180069083631e-28 9.41226709230993e-20 1.71147680168986e-05 0.23201387320167
ICAM1 0.0073905957473153 0.39605926253437 0.214643505750083 0.232863916861783 0.633590746294 1.08247509531356e-53 2.87368118584446e-20 2.05874664994782e-42
CRABP2 0.109771491222067 -0.00742180182726631 0.0462813282104191 0.0807521600931914 2.94688823064618e-37 0.81338113752479 0.0755049228465736 3.34556616382711e-05
AURKA -0.352467909699998 0.770042475815333 0.265028058538192 0.158268685888313 7.80220548945171e-27 0 1.16060265005465e-32 5.76814385040674e-22
MYBL2 -0.453622414902829 0.904519868708747 0.138209371275882 0.316076448195186 4.55175936968729e-78 0 1.72943293009427e-11 9.17513469342002e-96
NUF2 -0.0651050744776992 0.693357956268921 0.206536180427976 0.0975497440437604 0.000379003713816501 7.88035299762791e-237 1.86036553040758e-19 2.30560206968829e-08
KRT14 0.0475331664580069 -0.00611362996304712 -0.0234111389246741 -0.00387700874415728 7.93010056443496e-30 0.856846884879808 0.398672486899844 0.857591763159115
SLPI -0.0332533287574102 0.618642978702213 0.167641168952281 0.211706454464436 1.4131571910497e-05 1.68174028098959e-188 1.91187457488282e-15 7.92973326323396e-38
ZEB1 -0.592989074628721 0.963336608338913 0.0902381653332936 0.13777395733482 4.24804779257817e-19 0 0.000137424815579597 5.340554626137e-18
CDK4 -0.0919822870599595 0.659874968036068 0.202403985759717 0.142316059603887 0.0970425476111151 2.36663396629311e-161 8.55775493387257e-15 6.97015904945689e-17
ICOS 0.00538080346622291 0.607654643787125 0.0826565761720253 0.115916746660118 0.298462977133828 2.55242982904666e-135 0.000548733295325429 8.12696084145875e-09
THEMIS -0.000957215814763937 0.612155336726187 0.141151160676908 0.113888745770113 0.921653327504411 4.19892783332671e-130 2.61481039219732e-09 5.92387055913519e-10
PTTG1 -0.323162971504377 0.747745136684055 0.252289327383151 0.254475244953842 3.02237957124208e-42 0 2.80830806798652e-32 1.5679218094991e-57
CCNB1 -0.729253848891102 0.798896513169073 0.290243291599098 0.264312757371144 4.03505237383189e-98 0 5.03480990943257e-47 1.30280191188515e-71
LYPD6B 0.159624610463613 0.247074779357476 0.0710780751065059 0.117982505467934 2.76980908629751e-21 1.89551258738912e-18 0.00454833688159949 8.81858516289469e-11
GNLY -0.234532453549562 0.883712250266729 0.152415039027344 0.469797566554235 3.32161018809948e-75 0 3.42180882297454e-13 8.83384442236921e-181
AZGP1 -0.0350280761077534 0.336724691725033 0.20580759199374 0.459812290604833 0.000733255253444921 3.58436988624251e-36 1.46389496224143e-18 3.66045359116927e-206
OBP2B 0.0845190428508511 0.144409049063662 0.144082588940356 0.0977470232292327 2.30160805787598e-18 2.693064536579e-06 6.25204345644791e-09 1.97460994567819e-07
ERBB4 -0.0592742121237528 0.52813420698649 0.180992474272487 0.267136327442645 0.0010919610043083 2.12739382546265e-125 1.04230287691396e-15 1.29076887246131e-62
MYC -0.222783830906128 0.756907505312333 0.141048819360552 0.185206783671204 3.09856983141227e-06 9.40732374926703e-290 1.44527836585085e-08 1.49301639138837e-28
CSRP2 -0.486494493050101 0.831912097242294 0.17544580454519 0.275124137749188 2.88319118845307e-55 0 1.03879021628614e-16 4.67877686361971e-74
CD4 -0.0128751411323959 0.682601413775295 0.0713672695851847 0.16455163182229 0.639264501174066 6.92210281499866e-220 0.00352266986668432 2.90737389487695e-21
KRT15 0.135123009778717 0.264251570174343 0.130359795004571 0.0309918296927539 7.27579415328379e-21 6.58789822072067e-21 1.76804350341505e-07 0.0991882919291377
IFITM3 -0.316489243951359 0.762927251318337 0.16963652586507 0.196811116417579 2.60168455935297e-10 3.76575056623873e-317 7.69260260032548e-12 1.20507133337502e-33
ZNF571 0.2196016313096 0.332063135811482 0.174267570970534 0.0908109533882066 3.43660693583763e-13 2.61323322232749e-33 3.24015717207139e-12 2.66076091264552e-07
CDK6 0.0163519064768185 0.407325972878896 0.266897092571805 0.135060387173177 0.145718329486069 1.16110567149581e-59 4.51365021649638e-30 6.86945442707175e-15
THY1 -0.159735406443755 0.739796358616038 0.168600078793967 0.182014132114868 1.75389330203778e-09 4.28533211085805e-276 1.0496258547005e-12 8.11197203485717e-28
GPNMB 0.0693185294364543 0.390882028734795 0.13467164690137 0.184696454387772 0.000180861980380067 3.44790288197732e-44 4.05597059055652e-08 1.84750621051335e-26
LYZ -0.271604837416749 0.62670685308614 0.206267198746914 0.355545282292185 1.05398327286319e-18 6.02486249935292e-187 2.60492606809786e-18 9.4539097186433e-113
RAMP2 0.0346364733854891 0.581607375487717 0.125829903264979 0.11909371277136 0.117568462603486 5.09320470935834e-142 2.1301864844548e-07 1.90795674115873e-11
SNAI2 -0.302682006906686 0.68884641652626 0.243009339976084 0.260904734151015 3.05764676162496e-21 2.22875000819498e-247 4.05114477748347e-26 7.21313403253213e-60
ORC6 -0.0517840101644774 0.698945309971747 0.144704682450765 0.122823477400191 0.0329102004473677 5.90831241904612e-206 9.55314782505459e-10 8.06758635605318e-13
CCND1 -1.00692289280423 0.822182369910683 0.0397963277296339 0.27801647813929 5.92424615455201e-39 0 0.0238339557497968 1.41493974374124e-86
B2M -0.329403733372192 0.721045623532849 -0.0154836107636462 0.334270971030111 4.15086729135346e-11 0 0.384500614695032 3.22253041392456e-127
ESR1 0.0818257294857265 0.0663565014319371 0.0323694148454183 0.0691015997945019 1.31325749700225e-29 0.0367397358642095 0.20765572490631 0.000448551504674943
KRT17 0.0558241501126071 0.0253720893645417 0.029679669749703 0.0099413497414406 8.92842445630151e-29 0.438351876690045 0.279164368450059 0.641478627165052
IGF1R -0.326897581286321 0.902458650324852 0.123967114319337 0.123975567796622 5.16446560236685e-15 0 1.47062503308082e-07 4.41797443591548e-14
SOX10 0.0851675355095209 0.121064771987043 0.113891685846676 -0.00122347492821831 1.04167394988431e-25 0.000129275589430563 9.32717204648332e-06 0.949926125854638
CDK7 0.261046861354644 0.414858223140893 0.174630170059391 0.0764169862220378 3.34890278863343e-11 6.70440558028563e-53 9.23759906551435e-12 1.77586207695414e-05
CST3 -0.217294534866009 0.715877171525204 0.156742667677896 0.210094829792287 1.65023489318579e-06 4.605103586293e-257 1.9083484197784e-10 7.31206637744294e-37
MYL6 -0.316019383324788 0.791154777385932 0.143657106489157 0.139686086893793 0.0019320562969232 0 3.82859241841522e-10 5.95582003757571e-18
TIMP1 -0.0416481841085176 0.546957209215676 0.129872552591729 0.274433176733046 0.287425372292271 1.75523133344453e-124 3.99562758544071e-07 1.02420005124513e-62
CD40 -0.124993738577303 0.908016178270599 0.0648828981268151 0.115574456072908 1.52333101617174e-09 0 0.00399164182179444 4.44420769242617e-12
GPR160 0.0626095328840183 0.382286371941949 0.265705886876961 0.148736615096326 0.00237162310008115 8.34942546229601e-55 9.49370851772281e-30 2.20691396501794e-18
BAG1 -0.194992936873268 0.754742194890571 0.1601498272086 0.144873802121987 0.00918188772142921 8.6563581131485e-245 2.55060563898287e-09 1.05117665890619e-17
KRT18 -0.455941628399398 0.851608436746826 0.140930530760486 0.138037433266805 3.89132797886804e-10 0 3.15894950891902e-09 1.98317836034068e-17
CCNE1 0.0452794221315975 0.434313788568567 0.16098632147172 0.142546776407144 0.00473750390854738 3.26513347629642e-62 1.72898903585284e-11 1.16715953423443e-15
PABPC1 -0.606962740617967 0.789639244505512 0.0690602472426082 0.222650435153292 3.98797035881983e-16 0 0.000241426330032879 1.38754532674488e-49
FABP7 0.222016031253166 0.221760698218028 0.0808841736933661 0.082595786648611 8.9710378078141e-27 1.52731517271266e-14 0.00115093468632992 6.44061069868105e-06
IGFBP5 -0.753075695159655 0.672039046678738 0.047193710632327 0.562085663553907 7.5978293884108e-36 1.02261250716317e-254 0.0554419730431469 0
CDKN2A 0.136957265746553 0.556107795966803 0.13145211624906 0.0908044874051967 8.66065272047584e-05 2.41202606246869e-111 1.5611542296151e-07 2.45437569341358e-07
CD40LG 0.0822063696127227 0.281808408943723 0.0827762706408886 0.0757549738773999 2.36602162293835e-16 6.85101194407958e-24 0.000917433194279112 6.18226367797149e-05
CSTB 0.281436051809388 0.0491047599296399 0.0348213624336858 0.0806693232294182 1.14152328370316e-47 0.114363056710628 0.16612753489559 8.885947065513e-06
CCNE2 0.0363300688596546 0.527565690164878 0.135947765194364 0.0879438707087813 0.0100707667387032 1.9904197379084e-93 3.17776514323726e-08 1.91981816566574e-06
FAP 0.0871688993549296 0.305200433030684 0.0844969673326869 0.0616455247547216 1.1872446387073e-15 2.53251405704774e-28 0.000667378725029715 0.00117556656006249
CD44 -0.0555343533665437 0.502337363021399 0.184812823982065 0.317189746360781 2.37438091903196e-05 5.08681437603695e-102 5.86417402355763e-17 9.84470115372505e-88
CTCF -0.358257055964493 0.862456446330407 0.155091388190197 0.102965338273073 4.35166413820041e-08 0 1.23391673816314e-10 5.86246623419461e-10
FASN -1.16422679877976 0.8677372800182 0.0861785710564628 0.305476491130128 6.88424139335552e-94 0 7.44733159256193e-07 4.58126097133943e-113
CD5 0.0598152337915392 0.360953503915873 0.0752625304333384 0.0539703579354895 3.7388942535826e-11 1.71117273643303e-36 0.00288932762957236 0.00513908145697492
CD63 0.0424198855205076 0.665359053444721 0.211144791416371 0.0978752044091457 0.619932641271926 5.07378869890287e-164 8.89434301010923e-14 8.3102465501473e-09
