target intercept intra juxta.15 para.100 p.intercept p.intra p.juxta.15 p.para.100
SOX18 0.00662949765819831 0.722093893838818 0.0064555088861827 0.0174117235757641 0.00111053698407398 2.40111320630126e-223 0.838580557957291 0.453638979901933
CD14 0.00127518200290104 0.899318925125922 0.0210099371392416 0.0265496394065487 0.679528593264237 0 0.473864185601094 0.202447991786425
IL2RA 0.0183159380421523 0.564207974203001 0.00552288176812979 0.0470760113578448 2.50421852608788e-10 5.55167527396733e-121 0.856317661174645 0.0370634068055037
CEACAM1 -0.0301050952999664 0.870200073321317 0.10904610973092 0.148775308211097 1.24036794358851e-05 0 3.19097449428561e-05 5.83492208156953e-13
ACTA2 -0.0481071290138936 1.01525516095145 0.0571239614219495 0.223061974104312 3.56940558810212e-15 0 0.0324127954342696 1.7316760131073e-30
PBK 0.00640050021149574 0.905044360409789 -0.028681806866499 0.0351684606478991 0.135510739558121 0 0.282439558514987 0.090574582057624
FAT1 0.0105084619868076 0.779251691930048 0.0229104499858691 0.0908400139996636 0.0637297254613325 0 0.413077168279997 1.59979981024948e-05
MAPK13 0.0111605303661102 0.903604302379963 -0.00740568103970375 0.070916427143448 0.356428310718323 0 0.774523659013166 0.000292671093287007
PDCD1 0.0081026242271777 0.256556906930727 -0.0265575522252201 0.0491961605263632 9.3441914697809e-16 2.20358088957037e-16 0.383451927734238 0.0361504453664193
SOX4 -0.215548815960561 1.04999219712717 0.00791529007569379 0.0797593968905277 1.09599117778934e-11 0 0.652053327474049 5.40301614968059e-07
CD163 -0.0796646149227161 1.14372262403151 -0.0784395198005605 0.0545521039528542 1.85348398108213e-05 0 6.27863139117371e-06 8.57562524033419e-05
ACTG2 -0.307754008130562 1.06516947631601 -0.0219357328280119 0.298479072236565 1.35265068129079e-38 0 0.312114823257938 7.05636250556109e-78
CENPF -0.227059820331295 1.12726678870683 0.000466073947701933 0.100731357971082 8.18057618332281e-23 0 0.979995575187535 5.00161461114057e-11
IL32 -0.109795550236636 0.92955574058793 0.0788617871747117 0.278392259911759 1.59607081067247e-15 0 0.0047926949040958 1.61692060546235e-45
MAPK3 0.0306483861274109 0.644977421498172 -0.0118656044593868 0.0251567413884071 5.63520800944558e-12 2.97459738208188e-208 0.674980155029054 0.251813425248659
FCGR3A 0.00120792214349723 0.967496486373538 -0.0153667525031774 0.0460138779145551 0.874467734714844 0 0.579521163527244 0.0231343928172866
PDPN 0.0163083703121958 0.465949100227791 0.00804644937586743 0.0375313226313379 4.18190177255706e-13 1.07889062403513e-68 0.7927806558453 0.108213886723938
CD19 0.0071366847899945 0.421758220324666 -0.0415582856206571 0.0762706702922394 7.67791082385369e-10 1.99564074809968e-45 0.1829533895518 0.00122061532704695
SPDEF 0.00282932461759581 0.633093732529832 0.0846845271942067 0.153276379921672 0.296178264794766 5.17964705784088e-180 0.00259881035517161 8.72644141919764e-13
FCN1 -0.0147031076008379 1.20329853437996 -0.0566048423681605 0.0938374501839716 0.00139303796838979 0 0.0776542531287317 0.000124584892669401
IL3RA 0.00539078859526386 0.731274742667578 0.0719303005602546 0.00802364200988218 0.0130509196634529 1.07416525241781e-219 0.0106642359325306 0.730891276018552
CEP55 -0.011617915959948 1.04753550678772 0.00600977938779469 -0.00279102982845051 0.0622771998453365 0 0.78848829134875 0.879104727434147
ACTR3B 0.0205231085132579 0.679993659432515 0.0191002006850276 0.0926153773956219 6.07190031129997e-05 3.72239906924366e-249 0.494125911780467 1.68056494033192e-05
CD2 -0.0268188815210478 1.19579343878641 0.0458801141991754 -0.0168326212424199 9.23678709817205e-10 0 0.0152907409450397 0.279454649787296
MDM2 0.0237232129056825 0.635812436547092 -0.0435080480315812 0.165355628216057 0.000105617096927156 1.81933598991804e-165 0.159045530589549 2.15590150085368e-14
PDZK1IP1 0.0113273308786734 0.738033488397314 0.0472090767880582 0.0860283429048862 0.013646822709401 3.30144743490296e-317 0.078030410416176 4.00207367267823e-05
FCRL5 -0.024161007851268 1.239062216475 -0.079654743848023 0.0677629136543188 8.50260293150403e-07 0 1.80259094719651e-06 7.24396561615035e-08
SPP1 -0.0278753794255923 1.03301955541217 -0.0447172904693177 0.221096085883691 4.09839194707889e-06 0 0.136596012268976 3.45205231371874e-24
IL7R -0.0413860050074135 1.09778056670443 0.0323612631270468 0.293187997876164 8.09622862748314e-11 0 0.247613132371586 1.92184156882204e-53
ADGRL4 0.00560938909539479 0.705703661258219 0.0410710745748601 0.0179315209628182 0.00303241595428905 8.00865269278199e-195 0.178272608871321 0.424897996798156
CLDN4 0.0121266941543138 0.640102319106703 0.0290988596929584 0.0317418837214583 1.29842367800678e-06 1.66998198891679e-177 0.289008241885739 0.171224772532143
PECAM1 -0.00713531507431864 1.07283427199416 0.042742644912264 -0.0104413071227653 0.0075397175224762 0 0.0659033931426955 0.592253698953166
CD24 -1.05518830921141 1.08278417718573 -0.0903810300766808 0.148091692682334 1.48512301066875e-30 0 1.04493669278868e-16 7.48787175269553e-50
MELK -0.0172439708005084 1.06582468034445 -0.0445971021220654 0.0421674425928568 0.033557585805765 0 0.0486432013173718 0.0139635309264486
AGR2 0.010280563050004 0.153913260627529 -0.0189447996425455 0.0353771064525539 2.21533748850327e-20 4.88367660884844e-06 0.550295096117927 0.161873010093295
STAT5A 0.0171628098914679 0.570662288357047 0.0383383354407611 0.0760369501206505 1.35650168587927e-07 5.41932759667837e-130 0.202730682982856 0.000783891981018143
FGFR1 0.0296148894130403 0.572000423813286 -0.0208618882476283 0.0706185152390537 6.53851940931061e-12 7.54879733515417e-130 0.486250505893872 0.00128704972751705
PGR 0.00714950844552393 0.256718152095559 0.0210472294243088 -0.0104202226031398 9.64041999652527e-15 1.10716913178281e-15 0.505236224625951 0.689217697059457
CD274 0.00824279791467894 0.24778429427774 0.0301132365926451 -0.038776434449933 2.11189792305432e-16 5.3204666373341e-16 0.377779591957453 0.133766577058198
ISG15 -0.168159590239354 0.830926394207818 0.0722263656277524 0.394594261777759 3.92162252814464e-18 0 0.00857157987995021 1.54624283344725e-104
CLU -0.0380379900100312 0.853639179412812 0.119949484737012 0.30390746649758 2.10422619956231e-20 0 9.19712499219231e-07 2.80425279443572e-79
MIA 0.0136547664171638 0.549611138343085 0.0522313778463266 0.0522333456528938 5.23088567783975e-08 2.59643317507759e-120 0.0707598475490286 0.020260001209189
AHR 0.00744522569466634 0.677766512868654 0.0988908675459551 0.101418221513235 0.0874882675749323 1.65254580815908e-188 0.000695785422324437 1.76010173139168e-06
STMN1 -0.111305372195528 1.06190201620669 -0.0046419778139633 0.061785691931077 2.46874140346477e-09 0 0.783041026223574 2.0997325255249e-05
FGFR2 -0.164297029226376 1.0026470117273 0.0313826537598351 0.299747654205585 4.13494917154233e-40 0 0.126448010871569 6.0370999413935e-75
CD34 -0.0528333976048383 1.20659948550815 -0.030372647943849 0.123761857512445 1.89218064718362e-15 0 0.152463894894301 6.26460417813671e-13
PHGDH -0.0547011479147426 0.91574759961713 0.0748149088559476 0.135013172524848 8.70345814817889e-07 0 0.000972960526976743 1.06007106836451e-12
COBL -0.0365593675593588 0.929787240807818 0.0873696217693835 0.066114085807837 0.000118033395260496 0 2.23561118710523e-05 0.00018146981801593
ISG20 -0.00146402627735751 0.826371095560313 0.0178025169628805 0.148474712941047 0.852170604843399 0 0.536212667911502 1.07156889257725e-12
AIF1 0.0120456612565647 0.316697124954153 -0.0240353755636019 -0.0335950850122016 1.43844981235685e-19 1.21497503056307e-25 0.469222858445579 0.192346237364876
MKI67 -0.0507611471138676 1.11098281549886 -0.0103467911927588 -0.0195875620157809 0.00032552802979207 0 0.514637660565739 0.142549148346317
PI3 0.0113427165382183 0.235452428852239 0.00864089681633761 -0.0180524402073077 1.73972898907071e-19 7.7567208536117e-13 0.772241217782555 0.483050560190973
FGFR4 0.0101778785291523 0.721073919837229 0.0530139384596505 0.066953705781245 0.00741039355672459 2.79399166328078e-286 0.0494123608113625 0.00206378595341061
CD36 -0.0158715894677131 0.923336654420731 0.00888487862664743 0.314405570031785 1.61168645685876e-06 9.34633422755868e-310 0.768508049618388 8.43253434617552e-52
SULF1 -0.0237518724160257 1.08567296572 -0.0132295395739006 0.0465667764810371 0.00189021021309664 0 0.570596769004841 0.0123447369750916
MLPH 0.0118491741305261 0.617086514685444 0.0271758777524773 0.0975695731380604 3.98691447621571e-05 2.57201268091889e-174 0.349829532709258 8.33901755213899e-06
COL1A1 -0.471067210258141 1.13938101342875 -0.0796347827005965 0.172951039540753 3.91839575435399e-42 0 1.69576859306126e-08 5.07591254782062e-60
ITGA6 -0.282382970040543 1.00620141334489 0.0166652342950102 0.287629842594482 1.06802053603442e-35 0 0.43694556584368 1.0654437322425e-70
AKT1 0.0170010421154697 0.836236806877546 0.0546783469060559 0.0219070139142099 0.022427385306684 0 0.0376752774278015 0.279744303876122
CD38 0.00151876476768901 0.778668868653215 0.0112267979597136 0.109641439885893 0.37888532402249 6.66991264757859e-274 0.689904178862983 7.58888684844583e-07
PIK3CA 0.006407914669058 0.790074231603549 0.0522702740271522 0.101794452644768 0.366358547878256 0 0.0482283385390007 3.56358977873019e-07
TAGLN -0.0298109459304453 0.967577577892961 0.134921840499188 0.13990153963819 4.11120789155491e-10 0 4.00964316856448e-06 4.44933851492277e-13
FN1 -0.765920171589665 1.08935729343716 -0.14582474894374 0.320886305540584 1.51818937530407e-29 0 8.07223392011985e-14 2.75187402755447e-115
MMP11 -0.126816373797133 1.13992988500772 -0.0368151805545908 0.212649901635626 2.26729753796104e-16 0 0.106437598025221 1.07053867170633e-29
CD3D 0.000230193597152087 0.988636708749881 -0.0785657925843948 0.0686314336750792 0.930203074058813 0 0.00304519709338179 0.00117774318694681
ALDH1A3 0.0148677669577647 0.733013005964813 0.00185360919320068 0.0863510217570752 0.00116135730127613 1.26271564676499e-295 0.947083009802074 6.83819190327095e-05
ITGAX -0.0467915298309801 1.16613967285125 0.00551396062879168 0.00718135231760475 3.32889863459232e-05 0 0.803382753278979 0.689050805610999
COL1A2 -0.379074357835949 1.11635707520844 -0.0814797927743088 0.135248518935303 1.76616895733618e-31 0 8.56148611706332e-12 4.08642291017597e-44
TBX21 0.00918390928337879 0.410318751675313 0.111779261966789 -0.00499387807792194 5.3126942129304e-10 1.10044672971016e-48 0.000173675928434381 0.83701995009707
PLEK -0.0333115346353404 1.04915095086451 0.0685523127317284 0.0976967859004706 3.69837790211729e-09 0 0.00177391790231233 9.82750297557341e-08
MMP12 0.0065594884531919 0.31963894480182 0.0278883666096907 0.105091111465754 1.02955971970335e-07 2.34811017814306e-22 0.468641698598308 5.20074937061895e-05
CD3E -0.0112679667402977 1.17654379531535 -0.0184679145009861 -0.00383774945164226 0.00016803460754433 0 0.377626946081128 0.81441227194954
FOS -1.0009862243172 0.941604439140388 -0.00295571139310325 0.518772593587464 1.72469876094168e-123 0 0.869952900676878 0
ANLN -0.0322944788430258 1.11013243924485 -0.0324628301982775 0.010177896937213 0.00219313438670059 0 0.0774655025997192 0.492393156302329
TCF4 0.00983044550523825 0.677552495561604 0.0440873743426535 0.0728659810009916 0.00104263719728521 1.6003256831975e-201 0.129229543531092 0.00128689226483676
MMP9 -0.0070690995017351 1.03213423566633 -0.0339022579359278 0.0943491844839922 0.390211745033703 5.88538750294936e-254 0.292153366324562 0.000208586021908113
JUN -0.41787981348691 0.993200391578146 0.0503075747728908 0.267794102441394 2.8483734732824e-14 0 0.162785254458816 1.60955426504731e-31
COL3A1 -0.286506701155788 1.11334819715955 -0.0380339552013322 0.114031041830235 4.01207695634396e-25 0 0.00650289950783958 2.21307147967102e-22
PLVAP -0.0134702884820387 1.0140450413019 0.0118569474356238 0.0370540349027373 0.0422093095784831 0 0.64574998532629 0.0654682627851526
FOXA1 0.0160110570740291 0.297757584267658 -0.0168828665428472 0.0400795820147134 4.48540337917202e-20 3.96799011406832e-23 0.568283337432252 0.112067422463989
TCL1A 0.00389645238562522 0.0638776624965164 0.0530601780819922 0.0551222269841809 9.61684759350114e-11 0.0723271623085964 0.0868720539634999 0.0463118435719173
CD3G 0.02170452040903 0.47076646720794 -0.00384047840014796 0.0410556023977636 2.31411848165604e-15 7.61342128501041e-71 0.898537549516515 0.0768876635343279
AP1M2 0.00843186826877511 0.643582455650534 0.0536670772848864 0.0819694904537425 0.000907648607024219 2.66488478660207e-201 0.0590712747468134 0.000197098558883823
MS4A1 -0.0116524700828707 1.12880995288276 0.150680720528819 0.0375173280770739 2.7521521403715e-12 0 8.63884209611343e-10 0.0308452017009285
POU2AF1 -0.0310028566152519 1.16395895693842 0.0356120207231186 0.0758643438750005 4.54791015725891e-13 0 0.0427720845048336 7.37799709922312e-08
TFEC -0.00248515403876346 0.993339867406219 0.0131253793554724 0.074575996414398 0.206441437452814 0 0.63787387739027 0.000977572889612131
JUNB -0.435289997913856 1.07342614421866 -0.0158749634638308 0.2888042927634 7.89372197947071e-62 0 0.426132215522304 2.38740978184717e-103
COL4A1 -0.327169633645975 1.19665927135795 -0.0179505215452385 0.130062274218577 1.92221251164704e-65 0 0.191109950640973 1.72897245321606e-24
FOXC1 -0.160876025705667 1.04240941886453 0.0433827721009609 0.0613361773793902 1.2984001066932e-13 0 0.0117098046303607 8.41952587945131e-05
CD4 -0.00461462178822881 0.947166693006484 0.0635516955997377 0.0289708843980367 0.227892522718545 0 0.0152740831761367 0.175215613562205
MSR1 -0.00325377157398152 0.986723661476835 0.0185540301100006 0.0383942928089821 0.197565799674791 0 0.489332231243526 0.078003130500543
APOC1 -0.0222693578700332 1.03045887065396 0.0358112539464602 0.117367602045626 4.30571974355324e-07 0 0.168295127264197 2.2922751912532e-09
TFF1 0.023988761118773 0.313916085907177 -0.0356160420573459 0.0085060429657689 1.9803175758227e-27 5.17751033081718e-29 0.251640883974211 0.718877210898741
PRLR 0.00915403515092858 0.804464524667237 0.0453378374840349 0.0408523416103287 0.0476402689419791 0 0.0826589806550074 0.0514433532322144
MT2A 0.0095022476110799 0.234896853137511 0.0571643799226161 0.0353654886687387 1.0424313972011e-14 2.50857778915482e-13 0.062951405763653 0.152534230681344
FOXP3 0.000134103056276632 0.911831442408784 -0.0137206445347652 0.0668046683201452 0.968332070385913 2.36549631892958e-265 0.658310162861778 0.00547523885568652
KIF23 -0.0945415596387139 1.16605367519234 -0.0777756371994813 0.0326141613624389 7.76145048989994e-09 0 9.56879686025121e-08 0.00527477443641694
TFF2 0.00540468257591994 0.27656910717792 0.0155076125964838 0.0548531915610775 1.99300775524164e-10 7.00707292005096e-17 0.62813492003296 0.030976113362666
CD40 -0.018456648795817 0.967837971034866 0.0760825211571074 0.123186173962365 2.55691629388355e-06 0 0.00103529663033514 2.32353785354393e-10
COL4A2 -0.287358984533951 1.17292488940235 -0.028691905504552 0.142049983992636 9.14491876146906e-49 0 0.0782899879604352 2.78901609987688e-24
APOE -0.0507321538661568 1.11207229128637 -0.019295149541594 0.1098373700623 1.15087522504442e-10 0 0.364211984981404 4.6782092637393e-11
PTEN 0.00770344100960431 0.718523830650165 0.12167966341932 0.0758928048089107 0.176660268237717 1.24314652990784e-296 1.02755382503648e-05 0.000214630501446134
KIT 0.00449621279140589 0.663355095722756 0.0578480263321993 0.0602815616029687 0.0346402329966729 4.48755329910022e-102 0.0869625673544181 0.00828593701427961
TFF3 0.0127877184302719 0.304397730445057 0.0485630152188461 0.0596768702463108 3.40093319258409e-14 8.44068295663039e-25 0.151548601634456 0.0116164835497753
MUC1 -0.322907375918121 1.05559613373387 -0.0228138810045349 0.0982849420440636 8.18323194479056e-13 0 0.13344668741413 3.93185221188599e-12
CD40LG 0.00732821792350456 0.750211386722266 0.0242485994602027 0.00628370142022869 0.00232387398250485 4.14839531195523e-221 0.415628290767294 0.79143143125183
FXYD3 -0.07114418617171 0.96199917871047 0.0368323124664998 0.126654098551459 2.43496137172582e-08 0 0.068498076922142 1.07985096405396e-13
COL4A5 -0.0225956646405546 1.10655482532298 -0.011848702933774 0.0770246168323425 2.83685659874558e-05 0 0.644841167886657 5.14137940054261e-05
AR 0.0127726790064327 0.618598922664401 0.100567653410867 0.0481645665838018 0.000413267347607956 7.18867689467734e-150 0.00039665498487283 0.0327075039448068
PTPRB -0.00729423698261168 0.96146347627416 0.0325415165581924 0.1028950139448 0.00330821808557046 0 0.235411719705809 1.15097431070387e-06
MYB 0.010787456541559 0.529109741361215 0.0470228117745024 0.0593526120465455 2.29446048860878e-07 3.53501758676192e-105 0.0917132976554496 0.0107836280658966
CR2 0.00428673603183727 0.517250900611559 0.0515723013712186 0.0306211964331043 7.86042257020624e-05 6.26787988165194e-71 0.0981148119361784 0.203669100264927
KRAS -0.0102477329890431 0.80041340103124 0.116264060922891 0.110009803403145 0.166555461656522 0 3.0161065919741e-06 2.29311660966498e-08
TFRC -0.158340581872757 1.0015075502171 -0.000757911350511564 0.189044250216721 1.90877553125989e-19 0 0.966754502504874 7.34735962740036e-36
GATA3 0.00625906124562217 0.773149595376869 0.0661245035081067 0.0835151981243242 0.282768248555424 0 0.0102760303541541 3.31042773014411e-05
CD44 -0.039144686294022 0.914268657157872 0.0178137204337961 0.164322318757773 0.000182663072543828 0 0.420468043380214 3.49878129746016e-19
PTPRC -0.00441947387748465 0.843488737540492 0.0335269644805858 0.167660572798333 0.0943633540004454 0 0.216023178865315 7.70191412757283e-16
KRT10 0.00736304046579613 0.427530894806913 0.0197316926007413 0.00450201295347322 2.92338869885459e-10 1.58199263833253e-50 0.558092212703148 0.855773621322843
AURKA -0.0484929654900475 1.14069632288605 -0.0692752050030744 0.0332453325275392 7.38524616938772e-06 0 6.15371146796007e-05 0.0184001829987893
THEMIS 0.00725879833962961 0.577990745196282 -0.003156938401716 0.0424912184927441 4.62271445593252e-07 3.48693838179093e-114 0.914343413324079 0.0740360331982555
CD5 -0.00341399598466599 0.914396213346241 0.130405319183877 0.0500181849572704 0.0190414292951131 0 6.37507766025229e-06 0.0250249088205216
MYBL2 -0.0792994811590588 1.15269715435669 -0.0361958889543664 0.0619478738538864 1.80888888130839e-10 0 0.0883015498124158 0.000131965239554592
GNG11 0.0131388088269423 0.332040582938746 0.0171642653365407 0.0603364514056698 3.07974380914187e-15 1.41588585765996e-29 0.604568148795919 0.0116551273753214
CRABP2 0.00178108015573628 0.738197770659671 0.0372095036019059 0.168370605777665 0.752808932301841 2.71749826473682e-269 0.208051532405224 8.99765920592559e-15
KRT14 0.000874125064114064 0.727763315479096 -0.000897298081647953 0.185937825951093 0.772293732347829 1.50775377321607e-249 0.975485120258223 1.37571783533774e-16
PTTG1 -0.00219687199600669 0.994363871047725 -0.0382771204322121 0.0462155849727503 0.546741219300961 0 0.15788262670708 0.0225178983768017
GNLY -0.0345092179822379 1.24856445113068 0.0527440022009113 -0.03209659132345 0.00307034262890884 0 0.145586573120083 0.213344846318722
AZGP1 -0.313638420512825 1.00036838326133 -0.00136276890097186 0.220643462828534 8.57856454033979e-39 0 0.930278957297838 7.74363703239377e-59
THY1 0.00143937389407809 0.871601367345022 0.025799333145332 0.0475698042949091 0.680558308945763 0 0.331711829737506 0.025714404488101
MYC -0.0546719293206447 0.945652093931837 0.03210256293531 0.129242182446 2.59194408460842e-05 0 0.145607972665784 1.14717493712764e-12
CD63 -0.0255503206842741 0.850307871224413 0.0596253624235457 0.158627580189515 0.0328020126772303 0 0.0299117587029052 1.81851464901515e-15
CSRP2 0.0277782484174321 0.605519813638442 -0.0101652228601856 0.109036823179661 3.53580012179708e-08 6.38197194779554e-154 0.732586679306372 5.12065124694869e-07
KRT15 -0.000844746704231707 0.829186171531262 0.0678023059616379 0.0746412147057455 0.868709079637915 0 0.00608656019047775 0.00017238156589414
RAMP2 0.012000929551881 0.585888757539174 0.00619955640376503 0.0638101475477637 3.61137596563695e-07 3.53682179930868e-129 0.834803785953666 0.00586476904532298
TIMP1 -0.0505664724608819 0.926295256673021 0.159084629991782 0.129515013870778 6.32414209207185e-09 0 3.94319624607336e-10 2.881433595799e-10
B2M -0.346690436314886 1.12395029610947 0.0254994324824485 0.180373146356233 1.98474784808827e-57 0 0.167169223358469 2.89463524058516e-33
GPNMB -0.0227262403493932 1.01990292065058 -0.0283394368525803 0.0993025849770414 0.0125581993551806 0 0.324331391156258 1.00221672640505e-06
CD68 -0.00180112340749545 0.939620359566448 0.048434698701441 0.0339461721452295 0.483678075022742 0 0.0848481910009507 0.131855677475405
CST3 0.0200621925422424 0.483531723291495 0.0589706077643 0.0559902889230868 4.11349892989943e-11 3.12908316547197e-75 0.0461812420174331 0.0130922364124936
MYL6 -0.411382055929188 1.02277312158501 -0.0378596861150576 0.23445366161175 4.21411328660204e-18 0 0.0841412509596331 1.43884630791168e-48
TMEM45B 0.0082877957091824 0.123313303727117 -0.0400630676601084 0.0738619601821968 3.21623186000229e-18 0.000225863186997265 0.228086652387318 0.00292542967996008
GPR160 0.00765451640054324 0.166831176397779 0.0575871025280527 -0.0268582403840748 3.1715970261682e-16 9.0510355891755e-07 0.078805113905566 0.288089869314197
KRT17 -0.377374665354875 1.09729719783151 -0.0418895877016637 0.231791504799981 3.54719149710713e-28 0 0.0453116626387258 2.88482765959087e-47
RB1 0.0174974962795616 0.679434850262673 0.0617942882650374 0.0896553213637754 0.00118246931526487 8.56460574631885e-201 0.0265606394474526 4.96302873941664e-05
CD69 -0.00224327455546243 0.884077981777238 0.0564474441537333 0.083975073943183 0.400906567053628 4.98220475303445e-306 0.0745233686898588 0.000209897330758236
CSTB 0.0189982518195801 0.379704545599808 0.0447413171130679 -0.000492859272676645 1.73615675709969e-17 6.36448516087051e-41 0.149772654575416 0.983530733637378
BAG1 0.0417060095656653 0.624903726897846 0.0298561371899063 0.0819715741951409 2.54849820475683e-08 1.27761122588427e-184 0.304688745991255 0.000170671459995415
GRB7 0.0113174722506127 0.46650801002956 0.0702092525692435 0.0320094843962404 6.10477744693158e-10 1.39018145975222e-73 0.013858670635303 0.161778662696165
MYL9 -0.136316671598772 1.08782282218251 0.0349498014961824 0.152642365814011 5.39745013997594e-19 0 0.164750280927381 2.21971994865264e-18
TMSB10 -0.260874381872647 1.06410665180487 -0.0975114971890403 0.177772605803798 5.67045042645886e-09 0 1.44926348859816e-06 1.31850263687126e-30
CD7 0.0110282089364206 0.421276567220111 0.0415447151770306 0.0205516216231343 1.1650229838301e-11 7.05034449157054e-52 0.21083024611302 0.37543694897888
KRT18 0.0114940217197165 0.868626280691471 -0.0101946518693859 0.0909427403884499 0.204721322024816 0 0.69762318818289 9.83285260354357e-06
BANK1 -0.0131448557925954 1.37612304087816 -0.0661614257667828 0.0571483756210418 2.99779597948303e-13 0 0.0022179294034688 5.70665703600128e-05
RPL13 0.00670082204902936 0.866781012602681 0.0302702127339728 0.0611647091047397 0.381549278672238 0 0.24098805669218 0.00295017754876821
CTCF 0.0578008020050009 0.842175887256129 -0.00276372285687262 0.00246771109399534 1.89667556626486e-05 0 0.923474072584992 0.907377293123275
GSN 0.036937749074135 0.596568310447224 0.00401599194601128 0.0124092050169232 2.89796827128097e-13 1.82753677703958e-138 0.894061434210435 0.582764942911488
MYLK -0.0559942549182092 1.07949072728949 -0.00577732491237701 0.0915593920151744 8.07622661082483e-09 0 0.789546972761407 9.46688887681713e-08
TP53 -0.0484353274807885 0.97280608646054 0.044638924379489 0.0579576672124791 0.0154830260712574 0 0.0455935184793609 0.0012608649664173
CTLA4 0.002067203996884 0.75224679666753 -0.0110558298853286 -0.0133351309147069 0.0266181809001326 2.74282980912196e-169 0.724610118489306 0.628764756543826
KRT19 -0.600772215315615 1.04948312667538 -0.118883981282672 0.27830048617375 9.82684705008684e-42 0 5.27397040894957e-16 1.45741785729655e-113
BCL2 -0.00361387892394385 0.891666942710461 0.0918811941694752 0.0343092670115486 0.310037544763775 0 0.00025164898768424 0.100175116177142
RPL18 0.0247596058961937 0.455940401952915 0.0373796208018472 0.00641736754106264 5.77059636382909e-16 9.72562709998284e-74 0.222955717219145 0.78415672196311
CD74 -0.505666260406505 1.19716402354147 -0.0555130125545529 0.18413769314684 2.39968065280151e-75 0 3.56504703752291e-05 2.23821461984142e-63
GZMB -0.0141434825378095 1.28240700291882 -0.0810537614936214 0.0596947326038388 0.000228157102822501 0 0.00809845804469994 0.00641470215610182
MYO10 -0.0770856599749859 0.951915007243826 0.0606447840549977 0.120534751644762 1.84025010071435e-07 0 0.00494862505403374 1.02590936976627e-11
CD79A 0.0109318482772775 0.509331838914229 0.0549853381632907 0.0101155030671655 1.2381380422733e-09 7.97795322764802e-87 0.0735497812682567 0.661663958933338
CTSL -0.00299100724660198 0.845305038584112 0.0829880499356635 0.0676938795880405 0.7126372868731 0 0.000952986140764594 0.000563690527963188
TPM2 -0.054708589764508 0.98647387869494 -0.0204448543653107 0.133857725953525 0.00287559892014246 0 0.464862886437733 3.90351870872791e-12
KRT5 -0.167524957766635 0.987786950676999 0.00401000277530534 0.200034687743356 2.52103727555813e-14 0 0.851385392163598 5.48145542623346e-30
RPSA 0.0128714871552459 0.961349764986645 0.0459679691131648 -0.0229800929869689 0.327109813963208 0 0.0412774799760456 0.219099506850938
BGN -0.279878283530778 1.09521545974366 -0.0115684706869154 0.158433448535701 1.05018670674779e-24 0 0.542553786988911 3.3794004873402e-26
HIF1A -0.0721584621134575 0.908860097032703 0.0424322763523268 0.18569650153546 6.617344357491e-05 0 0.118612243317134 1.56081000727315e-22
CXCR5 0.00155262499651392 0.618494385871647 0.120054950098524 0.105831042770295 0.212735423788115 3.07130477455882e-111 1.10026605175444e-05 2.070950916557e-06
CD79B 0.00100786849300917 0.717858318826944 0.110726818232139 0.0786899521837671 0.532721737359781 6.70936685666059e-224 9.07516099309055e-05 0.000151445333178034
MYO5B -0.00339242608233988 0.790540458963737 0.131044435177922 0.0760945602380367 0.464119888737025 0 7.528727526046e-07 0.000319732125304695
TRAC 0.000546982559849881 0.949948568340862 -0.00841195053685071 0.0141122048196399 0.787476919058636 0 0.773680729531196 0.526416457308214
RRM2 -0.0117837543562059 1.04470836423847 -0.0315466267984605 0.0491558538569415 0.040660463910318 0 0.175754497146729 0.00931007207736469
BICC1 0.0136894892150792 0.625608067969987 0.0219828655424907 0.0409275673315107 1.15321912773707e-06 3.66641824954046e-166 0.46187534398768 0.0708376337069569
KRT7 -0.0790177803737564 1.06168485882929 -0.0454127420845018 0.0743912850416609 1.65281471378564e-05 0 0.00843666538203784 1.29380369141538e-06
CD8A 0.0130201953429016 0.443415605870088 -0.00177327441059365 -0.0237830911838685 2.96239854538353e-15 3.51155356550805e-61 0.954566154822476 0.33683056438234
HLA.A 0.0176363372593311 0.451490952540314 0.0425741212666945 0.0519133013852422 1.76103756450695e-13 3.617064277384e-67 0.14692624413793 0.0256815324433603
CXXC5 0.0192204300599945 0.394146622910271 0.00636553170016363 0.0463348169186517 7.67465136929253e-16 1.21032962459372e-50 0.849018064048945 0.0434023444356983
MZB1 -0.0647507027406752 1.20900961017637 -0.0458803031168447 0.211351065992199 9.15061130590252e-27 0 0.0024194854204206 6.13272140100899e-84
TRDC -0.0054283091127449 0.891298738658455 0.0733617818726192 0.128036672462924 0.0375544526809493 2.2874515734533e-285 0.022927801130114 9.3264082706774e-08
BIRC5 0.00322367335351641 0.820981698330905 0.0332859461187927 0.0275188197520669 0.180731210613201 0 0.239309854349418 0.217375685676014
S100A14 0.00285406004355587 0.735583862949726 0.0460263175683466 0.138188950491817 0.462353255758842 4.22920192840107e-321 0.0863648380310654 2.19690742123074e-11
TSPAN1 0.00690717544576448 0.17233005620473 0.0250150254118285 -0.0316926781943485 3.48159976830129e-16 1.68960192238281e-07 0.416686340914309 0.217738164586197
DCN -0.000588563554252652 0.736024639653083 0.0161695287005353 0.222598790118478 0.749177018781588 5.07733270733465e-196 0.630330583409942 5.59237758865707e-29
KRT8 -0.128637282066684 1.04553336933049 -0.0705658138371157 0.166362407547549 3.72356960314878e-10 0 0.000178660414766304 6.96335109419695e-27
NAT1 0.0152589194786825 0.166493939800965 -0.0429624308586129 -0.00825407516359564 1.10707899653289e-29 1.19531955517039e-07 0.13449235400859 0.737391901166135
CD9 -0.00922871012441937 0.818709654401396 0.133898701848837 0.0751078308065743 0.148413553808175 0 1.97531110457606e-07 0.000199005207742775
HLA.B -0.10976321642217 1.06059212284863 0.0249209703001812 0.12071670489403 6.50366419182777e-17 0 0.225460377957631 1.21111413017164e-12
TTC6 0.0103582267772462 0.483756800556515 0.00233224977566378 0.0502932511322694 1.45985662771474e-09 2.80996772924895e-79 0.940887445384141 0.0362449532436224
BLVRA 0.0208112677389154 0.39308148494491 0.0553377452700012 0.0373134025661085 1.72246095941776e-15 6.15176948861529e-48 0.0686139498111919 0.11687837437496
NCAM1 -0.0136484066994728 1.03624551400425 -0.0885410624102886 0.249165277728847 1.7413300026997e-07 0 0.000924206628823852 5.77625168551877e-53
S100A4 0.0253752333558148 0.682734142518248 0.0427831629467744 0.0139971813044105 1.3496002903618e-07 7.49504628198036e-231 0.142600532640548 0.516843930785389
LAG3 0.00823850225941455 0.721744636505062 -0.0148079020527508 0.0695909913862292 0.00112176597998697 2.13345861831336e-212 0.633409713306272 0.00181392583995895
DERL3 -0.0160521032067632 0.964783836877183 0.0248522677795084 0.116327919036637 0.00493123338581303 0 0.372772396029519 2.44463237750162e-08
CD96 -0.0116581422647091 1.14049615369003 0.0083109116413949 0.024170470054869 7.61243586466971e-05 0 0.720037679991248 0.170652040158886
TTYH1 -0.0343331000425412 0.974747389413991 0.0215023449179313 0.200062635685388 9.23331647314489e-12 0 0.384285995241748 1.00399070126585e-28
HLA.C 0.00423201614740886 0.736222901840368 0.111105750861364 0.0824497236102487 0.339077219273438 2.44222298341385e-285 8.04095912525049e-05 8.48886092100633e-05
BRAF 0.0155014296334495 0.526848360768587 0.101270311448887 0.0328006283726498 1.58419613321118e-08 1.01893189872546e-103 0.0007492912792171 0.148493826372057
S100A8 0.010900973700202 0.616545562389916 0.0800854730696739 0.026309513320785 4.17898460906224e-05 2.65493733909944e-137 0.00844947617000831 0.255096463888692
LAMA1 0.00229990552539125 0.885697671440362 -0.002571645200261 0.0595248746133032 0.467077523739075 0 0.931644457248195 0.00900170772145285
NDC80 -0.0341808038478854 1.10587038511342 -0.0224835515664683 0.0124624235902989 8.94899336973404e-05 0 0.217166865161754 0.390752374918878
EFNA5 -0.0573635711989106 0.8872299996759 0.0863465288691933 0.151040032570664 2.04954268737633e-09 0 2.49551848533621e-05 8.55356810737483e-18
CDC20 -0.0195825004194993 1.03706097278488 0.0507737713272101 0.00387464882815723 0.000465635183689796 0 0.0259812203018442 0.831351281309193
HLA.DPA1 -0.0189808426480639 1.04585838663519 -0.0113796497604126 0.124930627381408 5.33393302170576e-07 0 0.62311144354735 6.11096059396298e-12
TYMS -0.141923199545379 1.12755976271575 -0.0208422416327973 0.0436345823022179 1.88488713102886e-13 0 0.194753789918626 0.00217585212872485
C1QA -0.0622402458668238 1.11906575677789 -0.035038394206183 0.216545383781341 8.6583048255868e-25 0 0.0713342377933409 2.90483003001234e-46
S100A9 -0.0470144141741945 0.932682634071552 0.0502896218195038 0.170027586084549 1.56050692272027e-07 0 0.0336334952328857 1.60920026187271e-19
LAMC1 -0.0463031960836648 0.948705649825028 0.0121160702134084 0.13046292510725 0.00223339463594462 0 0.622295150861034 6.11264798446286e-13
NDRG2 -0.102765480744113 1.02364239634404 0.113165686958345 0.205951388324354 5.41176732037546e-51 0 2.21687884820291e-08 2.70956512515967e-49
EGFR 0.00114175396573372 0.808361160207566 0.0636088556429779 0.0995869112996206 0.877497553909907 0 0.0175762041161656 9.77162256837268e-07
CDC6 -0.0252519355624058 0.973961648784605 0.0609668678001943 0.0473344110892824 0.00227237984087245 0 0.0093875914647479 0.0147332267592868
UBE2C 0.00576355046750186 0.846635820097335 -0.0326324626948578 0.0254522959355722 0.0124975345679387 0 0.275890034340773 0.244595895959678
C1QB -0.0367883967787302 1.14307490433384 -0.0424388984896291 0.127685473794936 6.66100977953935e-13 0 0.0393245178294003 2.02924775128049e-15
HLA.DRA -0.097627102863452 1.16876281657786 0.0148384645561155 0.118082335165968 2.24530306285882e-34 0 0.428459330973512 2.82322130977071e-14
SDC1 -0.0582495234635286 1.00327306865383 -0.0158502716476755 0.0900861252314802 0.000787101916993104 0 0.400992834520971 1.62699265671377e-08
LDB2 -0.0602825171795448 1.04258950622498 0.049439962137129 0.296396936016946 1.1563288261079e-34 0 0.0213781858035169 1.08769717750913e-67
CDH1 -0.0585541442633791 1.01638239171919 0.0109855198158384 0.0748933501244765 4.4467475128254e-06 0 0.542230761721617 4.79993047970361e-06
NF1 -0.00344146466812219 0.862116317942524 0.0335774044347364 0.113944433334902 0.763092732168587 0 0.192166724168165 1.6304696658821e-08
EIF3E 0.00158815767689786 0.897282372535961 0.0478010766617613 0.0477829201409223 0.869071930241414 0 0.0422727982728302 0.0128876309693552
UBE2T -0.00755498589059633 0.963419047432976 0.054755279149614 0.00935374174237206 0.26505860087705 0 0.0198879008409763 0.622096505086608
CALCRL 0.00485402529950941 0.681725340321147 0.138933871212189 0.0163741066520513 0.0490046853294515 3.45613271086556e-198 4.10719247971106e-06 0.466518781361983
HLA.DRB1 0.0048813403934313 0.769850179871934 -0.0126840772513064 0.0992771836357059 0.0411543729014681 1.47509421944735e-283 0.660299710160841 5.54377532763388e-06
SFRP1 -0.0385009189028014 0.893722511667739 0.112382206686332 0.12914910236993 1.05981732763955e-07 0 3.59123771002114e-07 1.64907387219135e-12
CDH11 -0.0109231468159133 1.02621248596987 0.0337254548111665 0.0506916017262863 0.00627328662513484 0 0.146088726142827 0.00890860758705091
LGALS1 -0.0525385397465799 0.93503926300726 0.00788634950458143 0.151230984190698 0.0048433124627058 0 0.774705172983761 2.41734445924423e-15
ELF5 0.00486505796369545 0.657621353557193 0.117460652150812 0.116320544307657 0.23342006136483 1.04343713627164e-205 3.1010795230245e-05 3.73799756523648e-08
HLA.DRB5 0.0126593354803287 0.297288178300759 0.00157899912499015 0.0148680006608657 1.53281800648161e-18 8.98399331780924e-23 0.960795166473334 0.543143214620626
CAPN13 -0.0142562703711611 0.823579353346479 0.126426998606516 0.140775991440606 0.00243792026803513 0 8.49844291621749e-06 7.32278913331776e-11
NFKBIA -0.0367543134122947 0.799029397710113 0.0304364133120694 0.28419453739533 0.000573692088366455 0 0.291196262117653 1.78037027630906e-46
VIM -1.30778691000041 1.17224546445101 -0.0538575952543194 0.210413628378097 8.83687631003568e-99 0 0.000195743064689626 3.23225229111876e-75
LGALS2 0.0110299738249634 0.347858035539853 0.0302416029223443 -0.0257262045318804 9.13096751824757e-16 1.70072849858356e-34 0.287651634981149 0.293190465492018
CDH3 0.0104323972626727 0.647187131595637 0.0455384166806709 0.0608144245206949 0.00019773924246774 2.16005560328464e-184 0.124505488935897 0.00702442164416134
CCL2 0.00391758294387232 0.605197466838414 0.0762480259248061 0.0955591881908393 0.0101510385424953 1.14554238733827e-106 0.0150294575473476 7.1851209336722e-05
SIAH2 0.0454979051379751 0.644569468207232 0.0141866306646664 0.0721849319729665 1.63016907270532e-09 4.42602137835073e-209 0.619009354426745 0.000963401006971218
NKG7 -0.0117415905077004 1.21763076259169 -0.0598029937731457 0.0390463982160576 0.000140874799194664 0 0.0273109523653389 0.0488384575250093
EPCAM -0.118915514142651 1.0718441222024 -0.0632007818979696 0.0698504417075699 2.21261184053215e-05 0 1.32105256060668e-05 8.13028263277116e-08
HLA.E -0.257471825147108 1.1030319376509 0.0253706089023684 0.154145362859758 1.68235608207661e-27 0 0.242162531711248 1.63802204075114e-21
VSIR 0.0153925559741773 0.579250937525889 0.0668714664198615 0.0157139136988355 6.88449775735067e-08 1.91206501508018e-111 0.0294098871253387 0.480724342119243
CCL3 -0.0380615525882278 1.24756271938552 -0.021323127511133 0.0579930184851941 1.76503881974881e-07 0 0.487753143367104 0.00333421987989283
SKAP1 -0.00171923409998858 1.02544201927702 0.0314900182240222 -0.0235922160504227 0.42216417013697 0 0.231239196111894 0.259600560543966
LGMN -0.174548959590266 1.13916337803871 0.0166630499578172 0.143474427683215 4.4481049323676e-21 0 0.464095313255589 1.12412606392004e-17
CDK4 -0.0293337962731883 0.851524249708106 0.0625877567172042 0.162938894148069 0.00297160200089293 0 0.0115063008871734 3.26259356953152e-18
ERBB2 -0.00515980588605394 0.833803657809355 0.0707721922299994 0.0988364061575403 0.405136966127042 0 0.00464517354236667 7.06233135919792e-07
NOTCH1 -0.0602954604760606 0.98033904890447 -0.00495144364813907 0.104592584734359 0.00394604940378702 0 0.832648062815307 3.09765749126483e-09
HSPB1 -0.0591470917899861 0.92476912082429 -0.0373979121979367 0.227847120869088 0.00135402695495552 0 0.194330925608859 4.11133469387409e-28
CCL4 -0.0131037716627087 1.04624827117954 0.0246252081109407 0.118426483247289 0.00109161815944996 0 0.368090716780616 5.89888917078691e-07
CDK6 0.014232278604086 0.214341642906137 0.0146213055666609 0.014081486932138 1.98465363250106e-21 3.39885112706452e-12 0.651748469235784 0.56863083494236
XBP1 -0.465619241632097 1.1363895559864 0.0313451450236191 0.17175083249644 2.83903573741444e-58 0 0.0647753555215991 9.32248152487415e-38
SLC2A1 -0.0312595013756374 0.846675132275258 0.112485577591283 0.340514145558947 4.33226920008769e-16 0 6.81370109106234e-05 6.44930056565877e-78
LILRB1 -0.0311886624725551 1.08128974702502 0.0204338889390328 0.0632997513940769 1.44739585455384e-05 0 0.36618187850007 0.000506516695112489
ERBB3 -0.0477307508795015 0.939972520587889 0.0457484163602197 0.189674314102123 3.8962319553242e-13 0 0.041729207576794 7.2052006012501e-32
NR3C1 0.0215324864730331 0.669425870118555 0.0532310487181539 0.0780808619704909 0.000135502519995346 8.05712936297368e-200 0.0711581781718153 0.000385587241425427
CCL5 -0.00296052984267782 0.895533221008597 0.00253426427239848 0.111895280925836 0.481245265424885 0 0.935842359354701 4.39149202796216e-07
XCL1 0.0160475415076016 0.366797136761027 0.0580744897460987 0.0613760900889951 4.86495878393017e-15 3.59064310701555e-40 0.0515449491232094 0.00698312549491514
LRP2 -0.00137508519603875 0.647560915965086 -0.00166320640648761 0.303239757017888 0.721212213698715 8.36947998284793e-152 0.955712846810819 5.39366752041062e-42
HSPG2 -0.0405010421972042 1.06535400486726 0.0421734350036036 0.117003934486481 2.60664655375815e-13 0 0.0718330752529995 4.15809831323507e-11
CDK7 0.0431354923326744 0.53716294284584 0.00487698223298432 0.00442696535714761 1.046692186377e-17 7.14622569085753e-106 0.872912861453509 0.846568727403634
SLC39A6 0.00920110949632084 0.854263125916179 0.0187949430965022 0.076025603828528 0.247108486825771 0 0.452471404280527 9.63652566093287e-05
ERBB4 0.0146642046352466 0.322745584931834 0.00532728161109798 0.000929031945259157 1.02915250943155e-18 6.184142176354e-26 0.867073054578259 0.969026863212921
NUF2 0.00153056234469099 0.867762060254321 0.0578431500056419 0.00560084746245069 0.582047178559272 0 0.0429292638532198 0.797998790875704
LST1 0.0111933106668761 0.36640239075229 -0.0469085244375642 0.0626497935746856 1.08404657864259e-14 5.27375633414501e-33 0.143297728814493 0.00709322443384072
ESR1 0.0114272979408823 0.249783487724901 -0.0462676213155517 0.000712183112870642 9.18337543209905e-21 6.73861903866239e-15 0.175944917884527 0.976694562213288
CCNB1 -0.0320048274994131 1.12627980248202 -0.0663444933241358 0.0322019262265013 0.000517795606951141 0 0.000976056920486925 0.0422757879040142
CDKN2A 0.0202330325303152 0.662669004447214 0.0283016867489719 0.0206870758654515 1.70416167636463e-08 1.98816555293356e-221 0.314693512530509 0.34117940155754
ICAM1 -0.0137778892561667 0.781659290750001 0.0607006594122225 0.222569213447154 0.0229058540943339 4.98850322514967e-265 0.0277652340976009 5.36803832261474e-26
ZEB1 -0.0326024564002629 1.00651352050799 0.00521860189090126 0.112096058794302 4.1671365404681e-05 0 0.820592330838452 6.96922503242574e-09
OBP2B 0.00865446577964426 0.416092417259985 -0.0126519237719559 0.0823293967870398 8.65300107281038e-10 5.34306397289271e-55 0.716299046543781 0.00122107681457724
SLPI -0.00966362275459514 0.840430572404095 0.0342038366070468 0.136802212017392 0.165343672067973 0 0.165121480243935 1.12253549239528e-12
ICOS -0.00274241506863418 1.12751496160073 0.0377178324137527 0.0455937313492343 0.00629924919925868 0 0.227860155334543 0.0542112181439758
LTF -0.0487623039026686 0.878643869650811 -0.0113868505418108 0.277369007442576 6.05538092485713e-06 0 0.682001100480466 8.11158675385501e-41
FABP7 0.0223114026170672 0.704637165632191 -0.00624189408718322 0.0421069646685365 9.86138858857481e-07 4.24008106229293e-243 0.831522707081142 0.0578750952493543
CCND1 -0.029422483715571 0.959272840214226 0.0709463490988736 0.0824574716961908 0.000455819439006927 0 0.00492450295857858 6.82591680897806e-05
ZNF571 -0.0350426917230011 1.00669597929559 0.0265624112176574 0.0951047737043247 0.000127868441364917 0 0.285299077559648 4.5826835663902e-07
ORC6 -0.00983199212713464 0.970987180033841 0.0193864461389791 0.0520733257660777 0.114304306635922 0 0.414866725089592 0.00703561528916764
SNAI2 -0.0343952814484116 0.898722024907872 0.175854844370988 0.0718784405775594 1.185775365654e-05 0 3.35358046794783e-12 0.000533006454086721
LUM -0.0551684768216462 0.97221825582413 0.0216904462057724 0.202016040228702 1.38231510386902e-10 0 0.369502824928956 4.37650556145326e-28
IFITM3 -0.0312927278112173 0.894578083678341 0.0405055017077488 0.146057838775789 0.0051370676566832 0 0.119043053039748 7.45485709189638e-14
FAP -0.00266996407027352 0.928257197044818 0.0801471637278222 0.0228569784564327 0.410049982983292 0 0.00299270347222804 0.293390918577354
CCNE1 -0.0284587349330444 0.986477080906641 0.0280613446326837 0.0691881607089493 0.000816971018772752 0 0.189974472664373 0.000148507636226456
SOX10 -0.000685091569855177 0.797203238354937 0.050032011596158 0.113586357164876 0.886251996798446 0 0.0566683659276923 1.89961567173202e-08
PABPC1 -0.188788049934575 1.06218644138134 -0.0722855979814976 0.121500949579366 1.19080939206963e-08 0 2.89996343775929e-06 1.64858691707e-19
LYPD6B 0.00963765159788472 0.518195301737667 0.0779585538378135 0.118321051502067 6.00466610989841e-05 3.06685107002575e-102 0.00831900284760974 3.80772577543021e-07
IGF1R -0.069504695971605 1.00987205252993 0.00954356728235065 0.104881955325863 2.48807145196376e-08 0 0.6065483507114 1.14033207908612e-10
CCNE2 0.0107239467762138 0.596022251648347 0.0218166455025578 0.0511371456984847 1.16958970269262e-06 1.82778854692974e-132 0.460185277517764 0.0240566449062796
FASN -0.0960849339493028 0.940536706126134 0.0606909634581879 0.139382412945145 2.38480869755822e-10 0 0.00259856365736934 1.62204614877675e-16
LYZ -0.0590721481241491 1.06759098381301 0.00883001842978919 0.197816233199655 6.77661218823631e-11 0 0.708733832412874 1.12501586994457e-19
IGFBP5 -0.103592633680952 0.884780687966914 -0.0727022175216116 0.382029805112578 4.06827357808285e-08 0 0.0180244545233605 1.32508318049754e-104
