target intercept intra para.100 p.intercept p.intra p.para.100
MC1R 0.00110317816559402 -0.0145303446142519 -0.0128698372962195 0.313461072913176 0.937311354935101 0.909520426726876
EPHB1 0.00110088248929042 -0.0116770187253268 -0.0133053809835986 0.313965380392021 0.943511396210488 0.911803418074072
TNFRSF19 0.00112150631636102 -0.0665829165342832 -0.00915573609918533 0.30947240188535 0.878110962784574 0.911322021431085
CCR3 0.00111420333657165 -0.0192232141147264 -0.0113372255196004 0.311053753943508 0.888110539419994 0.92028015927572
EDNRA 0.00272531957050852 -0.225870819101056 -0.0123919559865977 0.112976583021681 0.484283810147204 0.852928441054184
TNFRSF10A 0.00350044064013955 -0.0523473140119374 -0.0261650115380231 0.164176832042255 0.754566137673632 0.832617130155917
FGFR1 0.0115201239254642 0.224257169785554 -0.112345841041787 0.00868664167498665 0.115170952447571 0.324452448870822
CCR5 0.0011288454151955 -0.0133931601189369 -0.023615841586386 0.307893732846414 0.89301801047603 0.872567310291784
PTPRG 0.00230846022143791 -0.0419861722595891 -0.0225549244150541 0.144686500428365 0.771746913426326 0.822432565801419
CSF1R 0.00378391287504252 -0.140964653849401 -0.0296719638077132 0.0752266093910646 0.62376267872776 0.80362988992903
ADRA2B 0.00112167383643662 -0.0519815613610005 -0.00869504346868641 0.309436250617034 0.877714749798418 0.915844676406042
ROR2 0.00110565370519254 -0.0132080682102333 -0.0113115032995757 0.312918437039896 0.918160288090675 0.915573247577725
DDR2 0.00335080694476452 -0.0891929218252657 0.0602439170903372 0.35406085471361 0.912144869508764 0.611938782719307
SDC3 0.00110989336540613 -0.00161118206769833 -0.0245700422224916 0.311991948609559 0.972703780293144 0.875982426199432
ERBB4 0.0156705843755616 0.0954768926962108 -0.126325958855219 0.00625622817101893 0.539685155575031 0.361378580865766
NGFR 0.00236715217415399 -1.02095676796388 -0.0119820692552046 0.139673987706486 0.279104746122792 0.917579783329215
RAMP1 0.00165803775185327 0.351619837010928 -0.0432683540400277 0.303095993373595 0.0610579682307587 0.751208282231076
PTCH1 0.00111223813696725 -0.0293290416863484 -0.0159905896121437 0.311481082490757 0.899658108788704 0.912919128741224
TNFRSF10B 0.0011271201487698 -0.0202260219581558 -0.0330010258714953 0.308263903173981 0.885817919243372 0.885509687473636
IL20RA 0.0236009767580343 -0.0516690043697763 -0.101673491101494 0.00094355110584148 0.791967608823479 0.394619588156714
HTR2C 0.00243794497318597 -1.01782673237744 -0.0289355542136478 0.133885062447889 0.266617073557069 0.847420968273317
OXTR 0.00109946353126855 -0.0083522218670741 -0.00754433875721612 0.314277622566801 0.923944672901286 0.933943749729355
CD27 0.00112597144242079 -0.0202153769149767 -0.0204751198211028 0.308510687920841 0.891987670162627 0.881642654310741
VLDLR 0.0011135475917988 -0.0172066803862568 -0.0122159274114717 0.311196259409427 0.898387504931924 0.91018433637678
F2R 0.00799475986728805 0.00815938928831851 -0.0627133996355159 0.0103899581226349 0.960153765114277 0.508043799886148
RAMP3 0.00110561886833389 -0.0086570431904835 -0.0205410164073164 0.312926064744431 0.920912554643095 0.913117847503915
CCRL2 0.00353105989402977 -0.0535817148104857 -0.0308323931892492 0.0711925836825992 0.678563515275232 0.765516979293296
CSF2RA 0.00222566364196202 -0.0147574997789027 -0.0179041551276981 0.3113519066423 0.902492030030567 0.907403998062125
PLXNB2 0.0391148475300275 0.301967334821649 0.0720168471454688 0.00171052245788096 0.0106213184087955 0.440292282093307
ITGB4 0.00252598943823065 -0.111924618941859 -0.0288441966807214 0.270648168082278 0.856418537721512 0.815314298709235
LGR4 0.00850688051198662 -0.108735545859606 0.113099642170355 0.0186369464078116 0.605440991765699 0.232848223358502
ROBO2 0.00658566563864552 -0.120820326495737 -0.0664040847499619 0.014799314104574 0.457695377015949 0.522936318872286
CD47 0.0168196277104769 0.0357114412711437 0.311594525109965 0.0215618164789931 0.772416718580724 0.00163928958460323
LDLR 0.0138499494445527 -0.00628006560246915 -0.0567451342147651 0.00689586325799024 0.954032939021392 0.505386883386434
IL18R1 0.00113857754130247 -0.0279460652339864 -0.0168586685483459 0.3058163783578 0.851105376752124 0.900821201205567
ITGB8 0.00110827723031642 -0.00722641994351824 -0.0200483014636434 0.312344698769675 0.922988077710774 0.902858926654327
UNC5D 0.00118034576232471 -0.0642330526156602 -0.0146552408992906 0.297103490377709 0.785404553703311 0.898213915766363
IL6ST 0.00882809422723633 -0.0876716741789308 -0.0909170671369781 0.00431632015553618 0.47023755052391 0.422817326274033
GPR39 0.00251871169152472 -0.105703665914411 -0.0403975093992717 0.127605180695087 0.612985175367083 0.77772809163001
NOTCH2 0.00392930581057095 -0.149951456560449 -0.0495071612844985 0.0713853234666426 0.608386829808354 0.693949745549846
IFNAR1 0.0179693320215984 0.238374179059951 -0.0151872192317576 0.00314769024030509 0.0445138844287924 0.882788027665051
ATP6AP2 0.059723369337144 -0.0456693234762575 0.0354852588500661 1.01323571673081e-06 0.703887485703437 0.64686505392406
EPHA4 0.00111314867591477 -0.0100075709453269 -0.0237527187044831 0.311282992772205 0.911769091856172 0.897537239083235
LIFR 0.00243948030393545 -1.23951313095184 -0.0235247351304766 0.133762520753325 0.266540360252687 0.887382682039356
ERBB2 0.00265623023177131 0.565854044906525 0.193028906612713 0.585685856345372 4.50023974565261e-05 0.0815549281045796
ITGB5 0.0296044962974762 0.253747901152037 -0.114086729615929 0.000188806799986645 0.0404024918409298 0.199555737348965
IL13RA1 0.0114788301923843 -0.167149920395727 -0.015622405779478 0.00361440744330169 0.432489659138527 0.871384889607718
ITGB7 0.0023904550055519 -1.00527133051856 -0.0458976105064138 0.137738095698245 0.27449228366594 0.852468331764254
ACVR1B 0.00680930530967753 0.0038254857647759 -0.0609334228435297 0.0581158569382894 0.97496028942273 0.665278379463715
PTPRU 0.00784732692471325 -0.0176774235204836 -0.0192654597924056 0.0389340016936675 0.94537368433493 0.84484934776307
ACVRL1 0.00231385635244507 -0.0374036801350958 -0.0331357333663824 0.144217314169833 0.780011873944754 0.800386278607301
IFNGR1 0.0224023095174595 0.321876639836582 0.025826096358428 0.00438799847258188 0.00845524163223228 0.786139233303645
PLXNA3 0.00112508930882057 -0.019475100412931 -0.021665981383429 0.308700376998218 0.897657993871831 0.879235302470248
FLT4 0.00225158056054482 -0.0154029883789616 -0.0263287121562805 0.15328470359201 0.899342090236468 0.827872239202702
TYRO3 0.00230541933448769 -0.0480902086362755 -0.030517274384736 0.144951657600868 0.783990011599651 0.809407235335172
PTPRF 0.0348000201001073 -0.258704263174386 -0.0743830553303109 1.9430576839131e-06 0.115751198626153 0.442619663133344
CNTFR 0.0023001806365014 -0.0314992674171014 -0.0255522298842403 0.145409741161931 0.789414447614679 0.81261321229777
ASGR2 0.00232946819988445 -0.0538950139862623 -0.0143411341187675 0.144811044198426 0.748469463356474 0.854982134732755
CELSR1 0.0118439907704516 -0.248533084730229 -0.104845380717504 0.00205792320118027 0.274576666552802 0.375480299834266
MST1R 0.00238169679802112 -1.1792061443587 -0.015140662596011 0.138462140724613 0.277238489898416 0.917344159804482
IL27RA 0.00110033543626303 -0.00847965983916341 -0.0113447766459754 0.314085711600828 0.927141892943994 0.9267954085119
ITGA11 0.00471100432792304 -0.0176461827710815 -0.0606124437448686 0.0378146983245371 0.86114805024211 0.581569083778969
EGFR 0.0226500057172781 -0.143164724580287 -0.154340681154934 3.62550195289397e-05 0.298227449153297 0.121409516353482
TGFBR2 0.00539374956354985 0.0414982912608237 -0.0350670268556869 0.046125746364424 0.865159299527335 0.688641383074953
CD46 0.0126888952059832 -0.121292388287813 -0.0611365055094384 0.00118547090542646 0.393131353559761 0.596612666638067
PDGFRB 0.00194463447880219 -0.0421431480592374 0.14964973993993 0.217088143638147 0.716667224706706 0.22066469852455
ACVR2A 0.0069911574120302 -0.0453973719949689 -0.0321034519530248 0.0172427390752877 0.76827270083781 0.789784670282654
LPAR4 0.00241158313159777 -0.964561181196746 -0.0104596476613792 0.136008796967846 0.270739392541655 0.917773161629863
FZD6 0.0265376662399234 -0.0887313032372489 0.00632844267554824 5.12866624913952e-05 0.502284130413747 0.945767378211148
IFNAR2 0.00691819545520183 -0.0530038082095215 -0.005306668220399 0.0325204810634646 0.616025525073955 0.959587676290147
BDKRB2 0.0167377414939997 -0.26367545049817 0.0518363732928188 0.000916564836607951 0.134472098692806 0.59469922318281
BOC 0.00461447125164175 -0.0313453109909937 -0.0455045280609781 0.0393253406956319 0.751340436174916 0.692010892895853
DCC 0.00240109707889444 -0.991076493282084 -0.0193223834601948 0.136864006855138 0.273553728047804 0.909262265217138
LRP2 0.129832917085687 -0.126916934342642 -0.128013441202285 1.5815729267777e-09 0.363943991886904 0.176925133575991
IL17RA 0.00344863375431907 -0.0210792565586136 -0.0466711813967655 0.0745648424539854 0.81437903638091 0.713045628111283
ITGAL 0.00219173341831725 -0.00763691798679137 -0.0073548943848657 0.315070923206764 0.951589976222259 0.924787746805803
ACVR2B 0.00111062556698872 -0.0208338325035349 -0.0160016973013347 0.311832303421434 0.904438646516691 0.912859744596123
EPHA2 0.00750903529092425 -0.351555955066363 -0.0545692830945226 0.0213122756273444 0.396726370824724 0.598103900630175
IFNGR2 0.0102024986307981 -0.111195672973114 -0.0935979849634784 0.00221721871251298 0.408567162589809 0.416545319597734
SELL 0.00193112430304314 -0.0227814813991406 0.15696994299551 0.218193021022915 0.829582451590121 0.17998138475839
TLR4 0.00116198857678702 -0.0558815228635748 -0.00306594653689197 0.300892908701006 0.79187919940153 0.95056689356959
IGF2R 0.0318695237822885 -0.0407607183087279 -0.0984733662036249 2.95321897012863e-06 0.715572864593497 0.333856420697096
PTPRM 0.00590732970203328 -0.0548442258080119 -0.0331835180759381 0.0291781321879 0.75667397380464 0.785136424013316
IGF1R 0.00731880427289135 -0.142248668447023 0.0117983203922306 0.0325984526517579 0.487632124273132 0.907991302007025
C5AR1 0.00112380189766046 -0.0168658841701156 -0.0217724696737291 0.308977486458473 0.886813736948319 0.893354910883867
NRP1 0.00744024592775582 -0.085250771682706 -0.0867908536683962 0.0104998831092191 0.695195170799167 0.472246277082201
ITGB2 0.00216982390598053 -0.0725629496588739 0.467294633598161 0.262472549345498 0.633072798923788 4.38770098552188e-06
ALK 0.00111073638793629 -0.00516223868787909 -0.0230571055221966 0.311808149904114 0.94656838601636 0.884430607373086
IL1RL2 0.00226384807019764 -0.054216675818812 -0.0228086134290833 0.148631973570876 0.810248264453717 0.849698982959777
FZD1 0.00110311776639848 -0.0134069371393907 -0.0133323967766697 0.313474327689443 0.932940170859178 0.911626056768183
APLNR 0.00377841444567184 -0.117502097934586 -0.0459851560356814 0.0630529918139411 0.555444570581313 0.734891688839781
IFNLR1 0.00112714878496261 -0.0207293917684508 -0.0147791540058683 0.308257754329701 0.865333587174482 0.909950457997568
TGFBR1 0.0254534543632167 0.203919551009693 0.311339801521157 0.032183966545524 0.112576939883932 0.000264294384179032
NRP2 0.00238115851423305 -0.985764226843411 -0.0244919833468928 0.138506779692476 0.275920007614696 0.857084523147985
LRP1 0.00372337220161937 -0.135480832850899 -0.0267011008965445 0.0772347338248724 0.660381751428694 0.788559578886172
GPR37 0.00228181712057551 -0.0327058540643362 -0.0202533585018233 0.305321510176747 0.867804499456336 0.872392330686054
THBD 0.00113352904804248 -0.0266673945549818 -0.0184180376226802 0.306891721870795 0.868938628604114 0.886976484538967
ADIPOR1 0.00910000718466296 -0.133056733191655 0.0684558246460562 0.00743372112208238 0.349870734263332 0.425551302259826
PLXNB1 0.00223084135623195 -0.016033894999113 -0.0155782354626936 0.151629200028111 0.884459354485011 0.843507807565931
ITGAV 0.0137071688083215 -0.0911836073805851 -0.0618574077276265 0.00124480574985719 0.426047082174558 0.473210486547244
NPR1 0.00241862685598958 -1.15844862826176 -0.00269011739818095 0.135437687168629 0.268231636269731 0.95775251642635
ITGAE 0.0101801769645792 0.0175340990616648 -0.067739827223622 0.0203799332424167 0.927176409402828 0.600471717682962
ADORA1 0.00490253120680367 -0.0871649533722596 -0.0363570560139454 0.0340638593284761 0.559465067336301 0.682217323221926
LRP6 0.0101044520187581 -0.157057100785594 -0.00313844988249889 0.00561914229889957 0.423666741843637 0.972847088911716
LRP11 0.00228048934130848 0.517277124018744 -0.0479239411997003 0.24055713120034 0.009648803781175 0.744143797755937
IL10RB 0.00505191909641679 -0.113383767144555 -0.0527261517759578 0.0370986165766643 0.610801722367673 0.639470613042831
NOTCH1 0.00111513281082186 -0.0179554539707366 -0.0187362861798371 0.31085190743251 0.906234026007676 0.896792249933081
F2RL1 0.00112823774441165 -0.0240740305436635 -0.022504065121074 0.308024047887693 0.879302603517075 0.891703594071501
IL1RAPL1 0.00224144441583751 -0.0141374569117028 -0.0247332109702232 0.150658993936916 0.867984353653372 0.834650145869566
PLXNA4 0.00236406992879695 -0.903736267566493 -0.0104566286940617 0.139932321375498 0.27952241722575 0.929449503213062
LTBR 0.0189065954034252 0.0107421205465774 0.136638551583078 0.00449000223852748 0.94220363101791 0.141252468172324
IL4R 0.0135720980165792 -0.171457139963319 -0.0751069995608453 0.000706626375430994 0.290903862052879 0.414314700358746
NOTCH4 0.00111777631916232 -0.0232131327110696 -0.0120499621792019 0.310278768313675 0.883391687604494 0.916621863889003
IL12RB1 0.00240257016193369 -1.00642763760713 -0.0132500765777481 0.136743504541369 0.272514313655424 0.918622222068137
GRIN2D 0.00111097356318506 -0.00864426370134012 -0.0171861039643411 0.311756465547679 0.929465709089723 0.890608177566259
IL7R 0.00110223614606462 -0.0076128203367443 -0.0152674497620694 0.313667885051923 0.926901764847571 0.919693085280583
NTRK2 0.00613962270803664 -0.091212415385733 -0.0594442228211868 0.0194684125519627 0.648721677913654 0.55990625796556
AXL 0.00228111817327622 -0.0265645436566182 -0.0333808653436027 0.147090412800316 0.817984425471653 0.811749824106716
CD93 0.00229206892247769 -0.0249426790995464 -0.0236569824333367 0.146577905088234 0.810028305705038 0.811081701995028
EPHB3 0.0022250809025179 -0.112816955969896 0.0878481534891478 0.179800415033069 0.596884214521089 0.38177220698869
RAMP2 0.00235994471983584 -1.10784506178439 -0.0191381203210541 0.140278907952762 0.28178447532415 0.877246190304525
FZD7 0.00123623276312586 0.696012538600789 -0.0190884208417226 0.520063881819379 2.66599600885277e-07 0.839932284786681
NRXN1 0.0011006728171734 -0.00293722094686694 -0.0278082124742915 0.314011493303955 0.971940221651437 0.900050467876031
ITGA10 0.00721735886856393 -1.32971314146943 -0.0039086631618255 0.136480828403323 0.270641659196173 0.958772399703712
BMPR1B 0.00223449963788947 -0.00835875840486948 -0.0360744008813111 0.151293662677443 0.909369477852414 0.81916949198163
EPHB6 0.0024180600322398 -1.01055446875807 -0.00792531926197806 0.135483546320273 0.269655199340657 0.959078556538188
TNFRSF14 0.0036842573800431 -0.112283894021672 -0.0488482111803329 0.065290454006937 0.596185787105088 0.7172317000415
CD36 0.00256019901361167 -0.158042627800174 -0.0122397727126178 0.124507269287165 0.561242158678066 0.860263910121372
SCARB1 0.00470405381638307 -0.0342667314262567 -0.0530152391054872 0.039549654065657 0.761187638774114 0.660364365656954
TACR1 0.00110062106470857 -0.00619566056011305 -0.012466016266445 0.314022876515474 0.930475499711214 0.922530481474279
TIE1 0.00347310644589298 -0.0269604229413113 -0.0341714102757362 0.0735230957106623 0.757695097131159 0.732779588064275
BMPR2 0.0116920335096004 -0.025923614824681 0.0447649758352814 0.0149457208731775 0.893682566832039 0.670760618391417
ITGA1 0.00460905113696764 -0.0271683949447978 -0.0432806544975561 0.0396408984790005 0.765909762907218 0.6929069862184
CALCRL 0.00351377048066517 -0.0447132227338026 -0.047131674062583 0.0718552618010302 0.748543710519942 0.699512559579072
TSHR 0.00110278620641939 -0.00296818053193482 -0.0171188164734217 0.313547102500478 0.962587587095087 0.901160491836885
CD74 0.0634697563245716 -0.216713397458227 -0.112762891838829 1.01491324570434e-06 0.175507397844331 0.275904467026098
ADIPOR2 0.00890911859404545 -0.17578428585532 0.216356764540913 0.0350392555098282 0.560977751658663 0.0458757971085768
KLRD1 0.00115245052589561 -0.0708303147364192 -0.0312302076648534 0.302886376231032 0.8495981390081 0.867153464304372
CD44 0.0209829135661407 0.0648481584472491 -0.13202366585256 0.000187137013122924 0.528693768671564 0.250597551191234
CD4 0.00111060287189362 -0.0187923675766728 -0.0111173438748585 0.311837250136775 0.897310335551525 0.921600609749481
LPAR2 0.00110186618128134 -0.00763956016016597 -0.0181194169707687 0.313749156268186 0.958049233438886 0.90126522113926
SMO 0.00239784769499016 -0.913632687459427 -0.0135310875549819 0.137130235745464 0.273944350670327 0.893074347303403
CSF2RB 0.00240400909669833 -0.974220711098357 -0.0235722137716023 0.136625910204821 0.273250991107165 0.867395154950644
TNFRSF12A 0.0247996485334263 0.0325008670039073 -0.159814940546318 0.000182676016800863 0.776630417165815 0.135681534302623
INSR 0.0200270298890016 -0.0400538416736345 0.00932163763327577 0.00247650452912403 0.764531363441615 0.934370379431562
ERBB3 0.0140477276893383 -0.124913808259972 -0.0518817210704307 0.00414770153154748 0.34025049426277 0.595354602941382
BMPR1A 0.00362063851557008 -0.0713696769451233 -0.041050863094447 0.0676620139212336 0.658631265295043 0.699814638565455
ITGA6 0.00109011580376556 -0.0037550302561843 -0.00237445144824268 0.316344766041676 0.945899919394541 0.958816580458432
F2RL2 0.00111454121036367 -0.0189706508107272 -0.0172286634717178 0.31098036086566 0.904459473834455 0.900137083236464
IL15RA 0.00111104244050019 -0.0171678114380336 -0.0174574522820403 0.311741458147132 0.912983475029901 0.902735874414076
ITGAX 0.00110671239231039 -0.0159074062830507 -0.0198406062755923 0.312686747759934 0.922822785362848 0.908882868380182
RYK 0.0132819997574266 0.0786891555162686 -0.086304321582892 0.00504379578766952 0.620003954322975 0.429978955676917
EPHB2 0.00113364678664206 -0.0289285820256859 -0.0180414026792651 0.30686658749831 0.860117389422622 0.897605508108423
LRP5 0.00537570103419011 0.719412295958034 -0.0366197105357623 0.267410960439852 2.69970971019805e-06 0.70354304124439
ITGA2 0.00412166520498004 0.393425638314516 -0.0502702963343941 0.229832207111241 0.0545044483439549 0.661582246153114
UNC5B 0.00623104532643996 0.0576850342522135 -0.024145650288898 0.037615710775193 0.706032636011717 0.83894236088078
EPHB4 0.00736566514922218 -0.0426514943088141 -0.0742946700144824 0.0121051049005311 0.738217977258895 0.498908660439532
TLR2 0.00110622219754144 -0.00666663157250081 -0.0159078239349806 0.312793997040148 0.935413866211854 0.900212603525315
ITGB1 0.0132599442493305 0.0366007500679335 0.133213431170935 0.00815662904141748 0.770238128940846 0.122788011612418
ROBO1 0.0057390587277502 -0.0158836487711056 -0.0525882964428047 0.0215688574089973 0.835906296191917 0.624728989421522
ITGA3 0.00170850377072054 0.251431657629526 -0.0217986172773656 0.275601528219791 0.03658637552163 0.827666811157633
C3AR1 0.00354470294427465 -0.0698853661384413 -0.0330363843282169 0.070613698613061 0.683220865264753 0.750839027812621
CXCR4 0.00546703093519707 -0.617180839082399 -0.0102160607834742 0.0820203934947966 0.273382228722764 0.877698179147054
PLXNC1 0.00347266072977799 -0.0352824156263995 -0.038354022382145 0.0743896557552921 0.769567497834387 0.739888178151414
ITGA4 0.00112157991758644 -0.0143655970512577 -0.0315240773979696 0.309456517873721 0.91108598855116 0.876447890470715
PTH2R 0.00241749251594402 -1.00432637457326 -0.00392970035234975 0.135529478885988 0.270019001738136 0.973776527989436
ITGA2B 0.00226345024342144 -0.0175651443065203 -0.0305042886838351 0.152205440852643 0.907163541030473 0.803746716757949
SCARF1 0.00110597630270659 -0.00784046393833313 -0.0126433010228262 0.31284781421375 0.9249242471627 0.908493256368946
RET 0.00460414466106802 -0.0287814625618779 -0.037075496700351 0.0395907598521047 0.764030179366382 0.69440318654294
SDC2 0.00500233106222023 -0.128229321516166 -0.0684100354511344 0.032516254778079 0.554543914859271 0.62307955523097
FZD3 0.0046951032142965 -0.0408685005770765 -0.0515173257403646 0.0416352073180654 0.812485435822173 0.655275960407823
VIPR1 0.00262417221058215 -0.184810385067735 -0.0368963563272289 0.119892390460863 0.55364757853169 0.804178473443067
TNFRSF11A 0.00110603211766354 -0.0135354995679754 -0.0108342032867156 0.31283559735035 0.918887322133962 0.913607034330085
PLXND1 0.0109818696993791 -0.0798003659635304 -0.0565754196698661 0.00164835684115066 0.462459354166442 0.51277151281375
PLXNA2 0.00392680860098046 -0.156814515605594 -0.0256649160943688 0.0570290576927134 0.468153859554876 0.761699492785549
PLXNA1 0.00673941962767352 0.339256418824953 -0.0565805463186522 0.0938225090924888 0.0118165504580022 0.589294376969068
