target intercept intra juxta.15 para.100 p.intercept p.intra p.juxta.15 p.para.100
SOX18 0.00114344879974519 0.838702148097163 0.0957890081960608 0.0121310224767713 0.657503974007113 9.53683627514442e-228 0.0150678765799812 0.658766329869406
CD14 0.0075933557275659 0.777877405105911 -0.0309968105287238 0.0233472252809105 0.0100847514736582 8.43742242192955e-190 0.436105961166746 0.451207417405116
PBK -0.00859378078008661 1.09913563100143 -0.0246866382917908 0.0701577277264288 0.0197526523740487 0 0.433001043165052 0.00396014717230161
ACTA2 -0.138684183183285 1.10733006610914 0.0505419696711314 0.151691530812279 2.3922386489494e-19 0 0.0808466497758991 9.27288088179681e-17
CEACAM1 -0.0078619217995044 0.879436290226907 0.0209870761250655 0.123238336238246 0.490359274165499 0 0.551414868734289 4.78066866950037e-07
FAT1 0.0136328335591662 0.826664694968438 -0.0514748908429426 0.129495560732973 0.151810856232166 5.93365223308824e-221 0.178067860759806 5.38594184082519e-07
IL2RA -0.0160338527363042 0.831048285379009 0.0782066114580752 0.190386222211962 0.000261706287717634 0 0.00178055949380158 2.26933841795355e-20
MAPK13 -0.0385832701570041 0.925640389693212 0.0549723420889556 0.128383165369742 0.00973907348964687 0 0.0977773625443444 5.87735234180775e-08
PDCD1 0.00954491910365596 0.152325327298965 0.0616177839389516 -0.0199939216088066 4.09126686995424e-12 0.000385223907161893 0.139361855936446 0.519463934632324
CD163 -0.0625373094526964 1.187433478687 -0.0293782487930468 0.0188923669539224 0.00112791462870242 0 0.295081446713119 0.38742384878522
ACTG2 -0.00154573965732036 0.861323465901739 -0.0218091271607843 0.151767283617769 0.720094593656678 3.23424093041994e-219 0.593157028228188 1.97816945658216e-08
PDPN 0.00917638308246797 0.31756805937838 -0.0849464411436505 0.0657959880591381 9.29099338189128e-11 6.97685759660582e-15 0.0375322150253082 0.0285582777871862
SOX4 -0.0293598296197838 0.860460731526312 0.0753699241331498 0.138845875931625 0.112181015877676 4.67667138528815e-278 0.0367858041943782 7.41381754029972e-08
IL32 -0.00498103855251477 0.954737524568789 0.0117934539287433 0.0800333756041305 0.307784528350936 0 0.741566118296363 0.00314392370824125
MAPK3 0.0217888026631038 0.463175006529607 0.117612248309587 -0.00653184403723003 2.48209384129866e-08 4.45890110016506e-46 0.00284679668073125 0.813401378666283
FCGR3A 0.0159436472245075 0.801529342909479 -0.0375835757145143 0.0670115914680449 0.0122948035254352 1.3307305542025e-223 0.327401275975168 0.0140401989436778
CENPF -0.162724969014274 1.20179994120535 0.016940076371169 0.158769910084838 2.77801440697627e-14 0 0.522901574370125 4.44623016930685e-14
CD19 0.00824692830972355 0.216702452659364 0.0202843940022941 0.0622446147080584 5.12298963756386e-10 1.81033507027125e-07 0.595215216573716 0.0409492365879311
PDZK1IP1 0.027479653706293 0.304623392454406 -0.0494119726875616 0.0550380734439469 4.84144880445837e-18 1.6192030542331e-17 0.213763557870381 0.0595074870130098
FCN1 -0.0257268105840024 1.57805737466216 0.0267721270737902 0.0248985515226523 5.46546202114793e-05 0 0.470756826426016 0.453326862729249
SPDEF -0.0274666490193538 0.877498327827145 0.132936447425311 0.170535123020483 0.00011780154672207 7.94704591335645e-319 0.000265677242060873 4.5135498764301e-12
IL3RA 0.0125740523026662 0.476868078887748 0.0465736105941557 0.0426767735168172 1.12656026418096e-06 6.8866721562794e-48 0.222258940191812 0.130603096742228
ACTR3B 0.0144761702419958 0.852988999639678 0.0657284738509643 0.0112176613510378 0.229682123436225 0 0.0762844838175769 0.663566720990569
CD2 -0.0176898517753533 1.27037213225131 0.00142109270337999 -0.0230374445543949 0.00012178547508042 0 0.958901774483315 0.252395339400873
CEP55 -0.0307168136471563 1.13131691395966 0.0281617289188339 0.0732434152087335 3.35894800467605e-07 0 0.294390673914587 0.000495120384102399
SPP1 0.00624936809325769 0.231000849236853 -0.0384294622120481 -0.00110206549777012 3.632330797767e-10 1.28449230550953e-07 0.328151327671008 0.973942319220558
MDM2 0.0385583830889478 0.786581415028391 -0.0111807405427319 0.0408061755953139 0.00261887112130406 9.24354043344593e-178 0.768707770323816 0.149729397603727
FCRL5 -0.0071217094349621 0.953941627781547 0.330381088500836 -0.0865165759178098 0.000315222433662303 0 4.7106862304797e-41 4.69454167300561e-05
IL7R -0.0058506932239908 1.072960225679 0.0229670308323766 0.0600226655401728 0.175471494370637 0 0.464349300138658 0.037881956127772
PECAM1 -0.00441339609031458 1.0567788403265 -0.0447992492450253 0.0462096537040823 0.430667951683766 0 0.166635093228662 0.064124581793916
CLDN4 0.0128492921912708 0.255623447653582 -0.0359569849407867 0.0628021885799899 3.95176724877405e-13 1.09223106163339e-11 0.379494162083945 0.0369260159274654
ADGRL4 -0.000512673876237827 0.942672732752904 -0.009904404700344 0.0660186668726537 0.887206497189615 0 0.777397767093116 0.0178694246227743
STAT5A 0.0152453726891062 0.437341136220895 0.0368668429638139 0.0377724479844933 4.42115632310332e-09 3.84535569140769e-36 0.344929365179968 0.189277128501734
AGR2 0.00650815652866496 0.0895536343975995 -0.0288164294753513 0.0601925781916606 5.46938031748326e-11 0.0623719219384585 0.479881897325568 0.0591123568789392
CD24 -0.40226145020236 1.07291056286663 0.0287266858299021 0.175391407627962 1.02664166396702e-16 0 0.288749155190771 1.23442518966195e-19
MELK -0.0255744140327213 1.17461767461147 -0.0097944579350816 0.0379913265111947 2.29237674035794e-05 0 0.722796399937486 0.0809610135447842
PGR 0.013584900857229 0.193620054589625 0.0220737830244171 0.004674964185543 4.42660418539046e-14 3.1898669221747e-06 0.602207552680436 0.877217630539124
FGFR1 -0.819695964766258 1.10890803567922 -0.096223002097729 0.130782828872536 7.02224584096434e-07 0 1.1357858323909e-05 4.42485849264911e-18
ISG15 -0.0652976650349916 0.790430621450901 0.0490614589862619 0.306819830369002 0.00157941419098813 1.82645353225929e-218 0.199061155540093 2.25602916804317e-38
MIA 0.00909143611384854 0.168258939240008 -0.0237005593785647 0.0397595282372099 6.57082095071761e-12 0.000132032209400243 0.578585913053869 0.204774317085662
CLU 0.00490086798342494 0.737849127368233 0.122585333081393 0.0651562492844799 0.44568883681727 5.46188881093583e-173 0.000505421262700833 0.021003321345621
CD274 0.0107560197722071 0.375552058902001 0.0597566655039594 0.0263132466952284 2.39051248982627e-08 1.07133014346735e-22 0.122176156665846 0.393723640702713
PHGDH 0.0158965059843763 0.631775075050919 -0.0579616736302943 0.00367526682075744 6.71225673415848e-08 1.18897007036387e-91 0.133809463470437 0.898611737735012
FGFR2 0.010268466806365 0.111638527948049 -0.0300802504369225 -0.0318099880466445 2.47189281168528e-15 0.010587622707957 0.500636397459665 0.330902035445653
AHR 0.0276171252865535 0.681478951288303 -0.0438200190516805 0.0259216408143739 4.08292272565201e-07 4.63288583689877e-119 0.266829230435818 0.362696162174319
STMN1 -0.117847296583723 1.17086508709589 0.0225926068738637 0.080252946865451 6.28217467159981e-15 0 0.342586333710803 1.75511557420809e-05
COBL 0.00402625318710791 0.550165790157621 0.117445342808163 0.193854771685423 0.193343968642607 3.04988569181199e-60 0.00174509193330574 3.63236168973366e-13
PI3 0.00755126392952534 0.213141728713213 0.0288473734004486 0.091923432423256 1.19291388854262e-08 5.7416426604823e-07 0.484485782160151 0.0017559891255987
MKI67 -0.0244290402867333 1.15496578742341 0.0664850471784659 -0.0350123456264824 0.000439509378458602 0 0.0113838726626572 0.125029548776032
ISG20 0.0208291760853535 0.69464524892284 0.0458059506424328 0.0257703688568099 0.000401784377764432 3.49125903751408e-125 0.211493214290887 0.369187754286087
FGFR4 0.0131032051777737 0.515710307153437 -0.0783293775221898 0.058942854890824 5.3055426840791e-08 3.6571234055783e-45 0.047434350254176 0.0432140017327646
AIF1 0.0155766957488519 0.392478539346172 -0.0305754648645537 0.00510368391592036 5.33786299113612e-12 1.867535599985e-27 0.46866453907458 0.869714741775997
CD34 -0.0544957583424909 1.14561570931236 0.0029726732619375 -0.0249934176398546 0.00246516757710268 0 0.897473455431701 0.158375400453019
SULF1 -0.00378796140587661 0.669729580723157 0.102952560562626 0.231840056182645 0.437408908316505 1.78784168325987e-96 0.00673487975313908 4.81827216536521e-18
MLPH 0.0146420454594608 0.768249800620963 0.0118171419481762 0.0740558296246621 0.0232888767882521 4.64288426805501e-225 0.761240992650077 0.00491048766258682
COL1A1 -0.0468634612168384 1.04190188994713 0.00386261470000432 0.176408199645363 7.6503530199211e-07 0 0.907390788855682 8.2523385753422e-14
PIK3CA 0.0342862162608168 0.776654586601152 0.0618255618906244 0.058894714357795 0.0533905027319765 4.74428313899015e-201 0.107256415490228 0.0239971691329744
ITGA6 -0.0829814358725683 1.15176717736888 -0.0748942796478009 0.11705502671705 3.66819571151715e-06 0 0.00426980514539233 6.51745106436022e-09
AKT1 0.0441913253780979 0.595307894171491 -0.00870688056381915 0.0229885753825133 1.44363615559866e-09 7.91588438430369e-91 0.825710027241719 0.410564388507912
FN1 -0.504529562963409 1.11063274697808 0.0295093783024608 0.149035245287336 5.57274327180889e-21 0 0.230860796316053 7.97899893985114e-18
TAGLN -0.0287731007682528 1.00611982690219 0.013745950793265 0.138505765722625 0.000201968373462637 0 0.698431762528074 6.38133727860023e-10
CD36 -0.226553926214156 1.25379837927248 -0.0312106129942927 0.275391828401532 1.11108131813696e-30 0 0.271774915025905 2.0154006539739e-47
MMP11 0.0111994803903208 0.826551609308751 -0.0857218046188586 0.0516958062729355 0.0100979410099214 9.01420999001981e-171 0.0330709178529999 0.0680746680155745
ITGAX -0.00526019200076505 1.06946871491083 -0.0130968876372722 0.0282783473166593 0.306983428538201 0 0.715750186664553 0.282531739492208
MMP12 0.00428394402305279 0.0492039618617441 0.0153147402220589 -0.0442229786191167 2.31738378077432e-09 0.30064261983744 0.704045441743904 0.182050009548126
PLEK -0.0171065727166656 1.1437851162065 -0.0322271045168921 0.0530445516997393 0.0146665449855057 0 0.273595099050053 0.0277939122090098
COL1A2 -0.125603112225816 1.16847824083081 0.00123566182478471 0.0701490730071422 1.39003748189491e-11 0 0.961059793910093 7.45534857207608e-05
TBX21 0.00469509755140429 0.753815780479391 0.00760123951245279 0.0584598547592744 0.0522569200941798 6.15634521620311e-155 0.85456463360955 0.0416973015500489
CD38 0.0074891973711035 0.791030463001756 -0.0432833403954332 0.0159389447014939 0.00415008354007415 5.44715276959787e-164 0.264527020391067 0.598321887681046
FOS 0.0066263206360694 0.953230293459458 -0.0372385841125113 0.036339956366643 0.485803618199921 1.34767201260355e-191 0.268517302293938 0.300326370514031
ALDH1A3 -0.0599646666222311 0.782509005337126 0.0613098947635245 0.371262316961249 7.74986914222934e-06 1.7086036367248e-225 0.129275732742734 2.30061617760087e-50
MMP9 0.00455508051446708 0.228467560919203 0.0182708780909503 0.0309206151433352 8.42940554205018e-07 7.81816593272763e-08 0.682326741472035 0.368718289906614
CD3D -0.000385353820890979 1.02771667642591 -0.0608300534497685 0.0562156589175307 0.846130522235339 0 0.112581355538913 0.0359926153093813
MS4A1 0.00945485018852856 0.285512623859358 0.0155057030962489 0.0444537189090236 3.49632069496993e-09 4.46843772286116e-13 0.736210372197686 0.147227159980235
COL3A1 -0.053167696676633 1.14952694320378 -0.055988016733258 0.092265997765676 1.46680928941868e-05 0 0.05275086972725 9.75182225745478e-06
PLVAP -0.0135309824462775 1.0127229207662 0.0209131221220309 0.0582295103529702 0.0799362648125615 0 0.551341438333399 0.0212670812208759
JUN -0.350280124542283 1.13430931997077 0.0157171725858136 0.118502769426954 2.85877976922885e-08 0 0.589804997370169 2.55728261543792e-06
ANLN -0.0259128717125389 1.17257932739405 -0.0337426137168674 0.0492116914496678 0.000380977819444055 0 0.173342183090642 0.00842239140655102
TCF4 0.0339877075349883 0.87437923605129 -0.0376724007059181 0.0231839601331932 0.00507342860820025 1.00005360335921e-312 0.317606363936049 0.372361559447011
FOXA1 -0.271683346870661 1.10667997242917 -0.00828017667141221 0.0505440194542877 8.58790243347155e-07 0 0.730531514237031 0.00255461856596039
CD3E -0.00735594935331838 1.20092962762611 -0.0374014878995168 0.00375437745231957 0.0184522211681119 0 0.211266454941 0.864919438495258
MSR1 -0.00185424643063971 1.01010895014495 0.0127457216942986 0.0293580699998335 0.483894122669697 0 0.735703389443565 0.291659873176217
POU2AF1 0.00621229678120533 0.348635992408996 0.0357138373743714 0.0344071024572615 9.23205079070385e-05 7.36321124309789e-14 0.484500355125677 0.272157930644001
TCL1A 0.00549643404216944 0.122092451424041 0.00383547088099435 -0.0408279719522792 7.17240728421823e-10 0.00630072332212375 0.935833411436899 0.224676361538024
AP1M2 0.0207751438515193 0.584385180173973 -0.0479229635620388 0.0655311532038331 8.83326845574105e-08 1.31275709441242e-86 0.238150781346432 0.0188531566914368
MT2A 0.0120507926862789 0.392308252688397 -0.0556593161219364 0.00143004512824927 6.30610965006052e-12 8.49480152444733e-28 0.162896468155212 0.961974029172718
COL4A1 -0.227256520022963 1.16194438209732 -0.0300553163245 0.0794159077184143 6.18348883241766e-11 0 0.192755985678619 2.99596187091455e-06
TFEC -0.00305069201907651 1.06664551541263 0.0236606892756884 -0.0163576586972901 0.348027458019523 0 0.446341153597254 0.524828695918476
FOXC1 -0.00142628800045181 0.788815270630548 0.037906703781465 0.151308956521168 0.839587160891967 3.48316098930241e-189 0.335932669159501 3.06930211744061e-09
JUNB -0.0411178392569722 1.07903010843657 0.0214901439953467 0.068461772599087 0.0113194510802299 1.63923076239792e-318 0.585100699491508 0.0185300379113226
CD3G 0.0275254935174807 0.526474855115243 0.0645839260314194 -0.0020032853340382 7.20899969041389e-09 1.85255077705076e-60 0.088655184147444 0.943498803468389
PRLR -0.0169237353342504 0.958848669632896 0.0476924129377542 0.0549199265089516 0.199351149097892 0 0.145253857086007 0.022388919902899
APOC1 0.010683241782817 0.451362408571334 0.127757614665143 -0.00228766120306315 7.23381226727228e-06 1.14571000227579e-41 0.000657902412782402 0.938595050966491
MUC1 0.0167588079314542 0.506091997937547 0.021814381708964 0.15821343139067 0.000456185388770458 9.80291636707782e-50 0.609130428493597 1.1223265895844e-08
TFF1 0.0256900990151022 0.445111393321769 0.0126426904272316 -0.0532880402623468 3.8395018125756e-15 4.51649910887027e-40 0.741005047673826 0.0664440348605385
FOXP3 0.000885767302462721 1.40062335995834 -0.206863869655199 -0.176168175006217 0.861141057599685 0 2.95438256419326e-31 7.35714577775569e-33
KIF23 -0.0339933534143979 1.1974843558283 -0.0158905524142462 0.0533244774206505 6.30476792080065e-07 0 0.525730591292722 0.00734876116869088
CD4 0.00221361573803394 0.92099478559731 -0.016827673373448 0.0670212218523767 0.65535420435691 0 0.648199256363548 0.0125630738758708
TFF2 0.00443225051119539 0.135983575726122 0.0395665354237075 0.0398285628870054 2.20048594058525e-07 0.00332358704699395 0.390466547678254 0.22877921849559
COL4A2 -0.0906841587255815 1.13145723676485 -0.0665773412500949 0.0505493160359338 0.00093204547876272 0 0.00644504272319214 0.0038420917310223
APOE 0.00401375462315039 0.8874909914686 -0.00630494951399256 0.0260250682525825 0.302262174806739 1.99560877102453e-297 0.862855913219036 0.349864289307699
PTEN 0.0445301980895679 0.735975905818948 0.0290648006767337 0.0187884106378044 0.000176520679583532 4.02276521147543e-154 0.463524763394166 0.476858476969085
MYB 0.0111984503377978 0.701088657347691 0.0110462511874707 0.0381437656762036 0.00272520801779211 1.24389498219058e-129 0.786024261305202 0.168791789681234
TFF3 0.0159518153314089 0.304402354098702 0.0113470835254572 0.032920045940042 1.00961465547253e-12 1.84964369984745e-15 0.777895636636465 0.256392381687908
FXYD3 0.00860673346508869 0.800677481160986 0.0582533944538815 0.0488727602318923 0.216886055271928 7.28251199167441e-239 0.127197656442701 0.0630405631291629
COL4A5 0.0230794074513925 0.47893880461908 0.00837114074660051 0.00327936191611913 1.72276176362357e-10 1.22191293210371e-45 0.83778293288465 0.910925801168844
KIT -0.0334722282898348 0.76217275000925 0.0955153185068362 0.272502541794402 0.00100482411154168 3.70913684122195e-198 0.00956110718667016 2.37924414148236e-29
CD40 -0.00810920899613289 0.994811217837339 0.0244447683133096 0.0505732615232623 0.209936388587127 0 0.465386020633528 0.0372726199771908
PTPRB -0.0085051549785256 1.05186303101491 -0.00991381900346669 0.0451651277429313 0.103267517427574 0 0.768152553865262 0.0587345167270069
MYBL2 -0.0365791591800489 1.18853769256708 0.0207526945489485 0.0582911508512824 3.05388679993163e-08 0 0.472064068750095 0.00675729939538039
AR -0.0511488154281124 0.846007739731106 -0.00845917943745125 0.334415361662146 6.25004271137458e-05 0 0.814184453848738 8.42739674156583e-50
CR2 0.00659780878505562 0.20532924655407 -0.0106598989075269 0.00773468095193964 1.1605766331545e-09 2.50742683598583e-06 0.814080799117739 0.809129910448068
CD40LG 0.00605471854277271 0.754327784083583 -0.0360135569775625 -0.0160742800373536 0.00436694139227606 1.27007329037953e-123 0.423934317737089 0.579784914592332
TFRC 0.00911580105080053 0.89364977391654 0.0275592594906375 0.0484257077873996 0.45347144734983 0 0.438998898203388 0.0579125264557242
CRABP2 0.011693007309426 0.298065815778566 -0.00422106787213931 -0.0653508299671666 1.71449576501976e-12 1.44647546780618e-13 0.924191552209558 0.044676708223809
GATA3 -0.407344629741787 1.10337441142213 -0.0819283457578273 0.0834657454830285 0.000136624574743196 0 0.000292537748452593 4.05393401196511e-08
PTPRC -0.0146705544605959 1.12725572754536 0.0474886826401369 0.00806735455072883 0.00278815272980725 0 0.131722830926454 0.741606484552803
KRAS 0.0523339339117917 0.67955742283772 0.0132072994245671 0.0112577598356222 5.14482025415377e-07 3.40218963627868e-132 0.743597473171859 0.671663435685536
AURKA -0.0418290713675997 1.17670836970868 0.0145600875205481 0.0409436764042286 9.61032591209257e-08 0 0.612728819380713 0.056996666500723
THEMIS -0.00066016782346494 1.05460720494994 -0.00136951031989217 -0.0475777879852044 0.71812192775604 0 0.971228569933367 0.0892592557359315
MYC 0.0238984582823737 0.847621937967321 0.0230598528589743 0.0306581323923923 0.0558800398712983 0 0.528871420306678 0.240203604631592
CD44 -0.000567814842552033 0.656679703012357 0.0665657831273385 0.229824009739973 0.91593114314675 1.24428618360347e-87 0.0739786179793084 1.39078873861842e-19
KRT10 0.014827263657553 0.203194640840177 0.010505124554661 -0.0126522352952836 1.22437174729865e-15 3.11994818729736e-07 0.802529070464052 0.657740711846517
CSRP2 -0.0323448753760509 0.953984636817857 0.0499495569271038 0.174272403086274 6.04722365997974e-05 0 0.164423511660957 8.19849077421939e-14
GNG11 0.0156720064305546 0.769165693227749 -0.0422491550322723 -0.00164877277399409 6.11251062631215e-05 2.85261523853556e-201 0.261540934433154 0.953155246938667
PTTG1 -0.0246422957255477 1.2158652864911 0.0157052256375173 0.0522877414120169 1.04029968631026e-07 0 0.570254151541297 0.0173169175368335
AZGP1 0.00198261732489397 0.51274390112275 0.0263210179884679 0.35229261068773 0.441817311632799 2.10739916167023e-47 0.503427866900904 4.59273783086514e-42
CD5 0.00822117103498451 0.681566818160449 -0.00189801103075323 -0.0850666326500004 8.56025816928132e-06 5.12683013563649e-98 0.962553722002318 0.00539960527310619
KRT14 0.00420621252814839 0.240498202454251 -0.0480671306541911 -0.0191091246008601 9.27370517972743e-08 1.54595452197931e-08 0.269625237667207 0.552129426519257
THY1 -0.00535373336899191 0.967346814115209 0.0400968454068063 0.0572800123574413 0.261406675827665 0 0.2631184537672 0.0238786518821134
MYL6 -0.135722882048527 1.03920712948999 -0.00992500797945714 0.106188250216803 0.0049916702405517 0 0.775081792227978 3.04841369407561e-06
GNLY -0.0488889656809538 1.37810735231226 -0.0488150782758011 0.0162472592387843 2.47442969943552e-05 0 0.125750447234467 0.503684961037685
RAMP2 0.00559317176873184 0.879476859878028 0.0173388639257279 -0.0120829572857477 0.0959577823760741 1.2271901973617e-291 0.636012872784846 0.672638126861555
KRT15 0.0171471990800858 0.459799492022147 -0.00271398495253581 0.133643488719124 3.47265879717442e-07 9.75767041905715e-46 0.946386346668934 2.43869000600523e-06
CST3 0.0374619979299861 0.853813159057807 -0.0571378986504865 0.0818801897546651 0.0200717448579363 2.14236416933111e-308 0.137026836840223 0.00156609210211527
B2M -1.9192958688128 1.15570992025337 0.0547944983851658 0.249262702372583 1.60350091644764e-51 0 0.047068752206119 7.51823338470923e-50
KRT17 0.00350984604608195 0.101131083293866 -0.0448842214829066 -0.0260746959105825 6.03592633247425e-08 0.0429225724887593 0.320886855391355 0.453433312127065
CD63 0.0514318170536709 0.769136192698176 0.017845424958266 0.020855868301612 0.000474879191446639 1.39620244913156e-197 0.654540296635579 0.429728347763528
TIMP1 0.0166800957649073 0.755097712981789 -0.0186709092349169 0.0700456639752275 0.00756419033008271 1.3057041048552e-149 0.642686066662724 0.0132532776773148
GPNMB 0.0138288091981068 0.497724213534116 -0.00545356515908362 0.0994983439683545 4.31137154120703e-06 6.21340219504999e-52 0.893234292849946 0.000580668612323172
MYL9 -0.070190439310682 1.09354715145329 -0.000113261590348552 0.0771679628597621 2.04985797415904e-06 0 0.996910307028043 9.92002386565783e-05
CSTB 0.0140960311458648 0.316796558339316 0.124870460263261 0.00410079921335564 5.40791469239675e-09 5.12715096719777e-19 0.00297194652074037 0.890436096958758
TMEM45B 0.00935650617966714 0.202915825778327 0.0144802900630259 -0.00990643543677971 1.79875944105108e-12 1.35547730560417e-06 0.724307587740184 0.752697046042911
CD68 0.00478069356721014 0.708066118093388 -0.0309574181018633 0.0822867901046311 0.00934971192280211 9.72037309751175e-111 0.429353909484198 0.00520070102738589
RB1 0.0651321105822621 0.846381852470582 0.0407112276168723 -0.0201034298252721 0.00224913752215481 6.95474728619652e-280 0.267489808326338 0.439899753095866
KRT18 0.0282181533797256 0.949303239374207 -0.0126795751139873 0.0162125857513016 0.169483925147538 0 0.73131616614294 0.516202613122089
BAG1 0.0443087123752309 0.7799726115782 -0.0248619340336458 0.0722380164171686 0.00146430855876697 2.25085365593294e-223 0.516269816720985 0.00533715835767547
GPR160 0.0144850888915057 0.625941871075097 0.0269332194053228 0.0987705227415196 0.000458800105141322 5.76986623345286e-112 0.450976182835434 9.22032559578278e-05
MYLK -0.0629775805662156 1.08195843869067 -0.0166565375650696 0.0799080200226045 3.16735836680805e-05 0 0.551945898096953 2.04466992390994e-05
BANK1 0.0106705351409164 0.288719947059957 0.00623094024794561 -0.0039001364060495 1.84493996845156e-11 1.40492775287035e-12 0.888053561385578 0.894884798932766
CD69 0.0194534206259589 0.675863386120745 0.060599142033299 0.0251526087342846 0.000438229659165397 3.32074706150976e-113 0.108740914162671 0.378256127243711
CTCF 0.0187058765028376 0.887383020475988 0.0272538528969123 0.0591112729775414 0.3742539031568 0 0.454747203735549 0.02176941554474
TMSB10 -0.0747169524548607 1.00220945445747 0.0919532321534263 0.088273005302554 7.36164982589984e-05 0 0.00635142501603849 0.000265883470106622
RPL13 0.0478254288262744 0.716217695406546 -0.0355237763869565 0.062803343515029 1.11695932493158e-05 9.08233077633422e-161 0.362829144888077 0.0245942131219926
GRB7 0.012839238768294 0.415636164506745 -0.00202500817049182 0.0192454087861254 6.58910871271036e-10 1.66391969760151e-30 0.960246175001124 0.508054187622917
CTLA4 0.0037125034733775 0.321574311690365 0.101624190574867 0.0510502404461197 0.000191027821608978 1.36146084535143e-12 0.0102235610784421 0.118935735740053
KRT19 -0.352740325677015 1.08029379421774 0.0299292699695993 0.127604625320957 5.37358268195099e-14 0 0.25955701859327 6.9138668687183e-12
CD7 0.0126332792754934 0.368763976780733 0.00484000052657193 -0.0163358997266422 4.32009313760113e-11 8.06341146732174e-23 0.906622272864724 0.591040830883745
KRT5 0.00644831920141474 0.101360892184739 -0.00497439891696368 0.00349733921078133 7.68089153896408e-11 0.0279161544059306 0.904013378174867 0.913267714693248
MYO10 0.00208751031373427 0.966338262623548 0.0370537522716916 -0.0140870407784658 0.785772083304649 0 0.311403226808539 0.585610101470227
RPL18 0.0224637872108263 0.376009198844677 0.0255789599927826 0.00953459614996945 9.57748937307959e-13 7.21368949602227e-28 0.51217745540145 0.741648088890347
BCL2 0.0486921724461418 0.861333554847587 -0.0432539161486224 0.0242520941678947 0.00142327951493574 0 0.246406403930905 0.349829386558401
GSN 0.00593205057412631 0.817745687712084 0.0279758542019885 0.0646890930502575 0.230716128766388 1.84003534681139e-210 0.446779190758066 0.0184106599304033
TP53 0.0292027759214108 0.832154630367491 0.0695919602973187 0.0388434864210096 0.152890326479969 1.05736120160181e-262 0.0628940794712687 0.140483463104348
CTSL 0.0296145000323246 0.511189430101904 0.0131145099713836 0.0234534614646009 2.65223350830861e-10 1.39905443245005e-59 0.733270032085058 0.396554896802062
KRT7 0.0110099031048854 0.23103684632543 -0.052647283055432 0.0589307058009976 1.08754252809675e-11 2.19640142300997e-08 0.2484091330417 0.06414658639562
MYO5B 0.0127751149555634 0.459482800493641 0.0484582170078857 0.0739441328242769 2.69038157617753e-06 8.79501409185317e-42 0.226324879121519 0.011035888337236
CXCR5 0.00724498190031594 0.0135074916604189 -0.0332359022023473 -0.0427911898416172 1.33479354153978e-14 0.766037248485657 0.401885537110755 0.230707134828639
GZMB -0.0287058524931731 1.39569583844411 0.184219203244462 0.197281349323971 2.58544309192436e-14 0 2.00345886776921e-07 3.64927779676473e-16
CD74 -1.4508485842492 1.15407637103139 -0.021127686894887 0.390264073139985 1.81563454133308e-59 0 0.454832178695717 1.96373998220455e-115
RPSA -0.0144629895615724 0.944056398113215 0.0198681001838696 0.0818757873200252 0.544592835067496 0 0.589679215767591 0.000665737886051019
MZB1 0.0138710552613807 0.178761176120871 0.00068836495040403 0.0966995519330584 2.02675729586642e-08 0.000420490070033303 0.98781454772364 0.000464867616290169
BGN -0.110454248959448 1.11829944050526 -0.0372502316016156 0.0643186868548339 7.54635904717364e-05 0 0.153047859572895 0.000569410562931224
TPM2 -0.0649412393009499 1.02563859375246 0.0933459935564322 0.0986361773496049 4.43258664754855e-08 0 0.00555951907669116 5.35566690167146e-06
CD79A 0.00803028881168065 0.206722405107205 0.00664353112318116 -0.0276715876176879 6.80241432487391e-11 5.24413004898533e-07 0.887815706723791 0.382319125817478
KRT8 -0.0372510773291498 0.932305078748407 0.00577820952344089 0.142702194457307 0.081071609592917 0 0.866496995471561 1.94409071633808e-09
CXXC5 0.00654714340697181 0.795983629963233 0.0887457200491019 0.0563239652612937 0.397163831288879 1.25286702276771e-260 0.0124724879281635 0.0300439843190113
CD79B 0.00893769705384949 0.202175706558415 -0.0335806816166342 0.0243543044046161 7.42500184416248e-12 1.09985876068448e-06 0.422353312305037 0.453728051632862
BICC1 0.012778430354107 0.0923659957964241 -0.0131480870012593 0.0254131514582203 3.10521981239596e-16 0.0319748943973797 0.754122336168778 0.402857653809316
RRM2 -0.00579638441536919 1.10955731247957 -0.000705602282346316 0.0121322428831788 0.0745919332751771 0 0.98374170843269 0.652511973640003
TRAC -0.00103813170815877 1.02941700632416 0.0387640103261005 -0.0436859686600505 0.620842087742253 0 0.303313660328869 0.108175384806875
HIF1A 0.0255119319592687 0.88741852017655 -0.0327179352691705 0.100467033464651 0.239780742211287 0 0.406563774687404 7.69684540919282e-05
NAT1 0.0277379682041746 0.371761580302485 -0.0717123040773926 -0.0377846712879948 4.82793669553106e-19 9.86834188008328e-25 0.0843961170418453 0.202973570872562
DCN 0.0132056827805468 0.482279189060935 -0.0253306138708241 0.0371327768794898 8.93321445153527e-09 3.54581360070491e-43 0.518414042702236 0.202464054292994
S100A14 0.00963904656487015 0.232241457571485 -0.0588840287823971 0.0354107757826761 9.88563456728156e-13 8.75468672179068e-08 0.139982535671767 0.273657245401695
LAG3 0.0258401836785529 0.530728473280422 0.00284524119961592 0.0104600302852079 3.87579800981102e-10 3.48833228982506e-68 0.942652220925926 0.713587603064926
BIRC5 0.00958744033968405 0.481685196897463 0.0185113143187321 0.135387311290338 4.07285762124375e-05 1.061309052075e-46 0.642402949837575 1.79917473252726e-06
TRDC -0.00151193537354332 1.03191336224579 -0.0135335273612785 0.0244369962941894 0.619002093518653 0 0.750374285372826 0.434082112124424
CD8A 0.014240889266699 0.617884295980743 -0.0631653385542979 0.0172900773580999 7.80038709993564e-07 3.56397449903972e-80 0.143190317815353 0.53975017794588
LAMA1 0.0108618410141915 0.250746875142059 -0.061515649934903 -0.0445742367551504 5.58329264794559e-15 1.75880104636237e-10 0.131149980256097 0.154747913477126
TSPAN1 0.0055836391840331 0.524712067440946 0.0371542628277207 0.163895766183756 0.0096079361054055 3.78196716099013e-54 0.339980911121843 3.30151233797953e-09
HLA.A -0.072295067133571 0.943870182540955 0.0361206802717583 0.186740387733632 6.27940393712475e-05 0 0.286481939793018 2.29359803375337e-17
NCAM1 -0.0385274116270964 0.99291452200654 -0.0130189547579354 0.121635247355284 0.0251575178782229 0 0.690424155250174 2.38263914222815e-07
S100A4 0.0232400229239176 0.388979142713505 -0.0258597994179875 -0.0114254610610271 8.37012741403628e-15 1.51972974157402e-26 0.539804472072443 0.69432803945637
CD9 0.0157728797650964 0.461239360436637 0.00235752824308806 0.0596202028710819 4.53722579920185e-08 5.21839123858503e-40 0.954814504114505 0.0420162510003068
DERL3 0.0203729747103754 0.566842939743086 0.0778529254240674 0.0449289927098096 3.13179469597191e-05 4.62129648733478e-71 0.0493490461551964 0.0989889462654366
S100A8 0.00216616380604365 0.196500556751109 0.0147060318496044 0.096561183699416 0.000327928953866083 1.66300679439095e-05 0.729804594841757 0.00803499308175178
BLVRA 0.037429191965471 0.731131000092675 0.0236538024642519 0.010649174089709 4.41306062979185e-05 3.07029763527687e-183 0.531501170721489 0.69116107459603
S100A9 0.00553974971170159 0.179521725703117 -0.00975665258886212 -0.0226850825108253 2.73229787542383e-09 0.000124926013357579 0.827117403030662 0.508323196560774
EFNA5 0.00855474606803967 0.33000204785027 0.0474794122606656 0.147580593786616 7.16603279801837e-06 5.63585512808519e-20 0.273885993330835 3.65106904860012e-06
CD96 -0.0124404114903874 1.1980212638757 -0.0237375420927566 0.0903219797218642 0.000245832812129252 0 0.434326781243616 0.00010449327711
NDC80 -0.0110145751834439 1.16490622540556 0.0624482807403991 -0.0555064702019333 0.00852015428776113 0 0.0265087323335628 0.0154958009121277
LAMC1 -0.0255646264862077 0.969710547298581 0.01319935538147 0.0718901410738401 0.350980466895716 0 0.717017266122499 0.00375648396938762
TTC6 -0.282118000755919 1.09483920709747 -0.0330843658134561 0.0832270445536501 1.42022629113681e-05 0 0.208167869399609 3.6801477721458e-06
HLA.B -0.950061032186473 1.12435210830656 0.00315227093512211 0.21816705376449 1.1538693428142e-30 0 0.907691044890882 9.48717656523671e-37
TTYH1 0.00847592462330912 0.188854387102878 -0.0242603264617559 0.016213393655761 1.72965717816437e-11 8.90184930622934e-06 0.581740003247277 0.596253750793836
BRAF -0.0027599292094458 0.838101372477147 0.0806200982269897 0.0868366286429577 0.800035322289628 2.10918018956478e-296 0.0307590092970974 0.000823566622386894
SDC1 -0.0313905419849883 0.875003522072059 0.018597603024908 0.269230070646574 0.000371971045623174 0 0.599543787251459 4.37454245474693e-28
CDC20 -0.00431565615768144 1.07820335211924 -0.0752702598038838 0.0578863316409493 0.227788364903553 0 0.00712121150126935 0.00325820744192839
EGFR -0.0452730628917256 0.968934631229512 -0.0344965539936104 0.161144080683027 0.00501190756926409 0 0.261775592814057 4.27529754344883e-15
SFRP1 0.00604360788438729 0.211470367110473 -0.0203235198988465 -0.0208571504194806 1.37647839180592e-09 2.06698318020561e-06 0.626117223627196 0.509923948743974
NDRG2 -0.0452996362043957 1.05043754851009 -0.0255659190969039 0.0571174488339932 0.0527043930984494 0 0.421186685199957 0.0102931816311093
LDB2 -0.113807926111259 1.12876213712966 0.0233375299827243 0.0969948633482909 4.96441598816748e-12 0 0.340406338685548 6.4766898677764e-08
HLA.C -0.0340098034488499 0.945691879826816 0.0293131434126936 0.10804119857123 0.0778502131512841 0 0.421228420211836 8.51237675965079e-06
C1QA -0.0284820261176795 1.11269133401161 0.00133107260723636 0.0926309609464966 8.50441936801742e-06 0 0.965015993183705 5.02872342436522e-05
TYMS -0.164589633420867 1.26623726172163 0.00133733239887529 0.130629949758531 3.46164687101523e-18 0 0.959432183930588 1.96228026232075e-10
CDC6 0.0142249882132655 0.891865327550014 -0.0390414815956222 0.00980661775920753 0.0229938012762432 1.09226111024824e-265 0.334701035637118 0.738329218176369
EIF3E 0.0267081200452091 0.451671919963854 0.0944789422406349 0.0898822995151784 6.90911403656875e-07 1.04724253448738e-43 0.0211832700731399 0.00081828712578206
SIAH2 0.0459947585659063 0.593651414451389 0.0542939062673066 0.0341053879312104 2.47560363407773e-07 9.85544536041328e-102 0.159776796459962 0.214939788782499
NF1 -0.0233095220777824 0.963720452849214 0.0714103039069198 0.0184273347502918 0.432425762520046 0 0.0498706280965725 0.4497174894878
LGALS1 0.0214824255271209 0.822642397268969 0.0385734437799615 0.0300051205606089 0.0552566658198873 6.32460224711407e-237 0.283295340127799 0.260729141401686
HLA.DPA1 -0.00337489406232085 1.06918439940233 -0.0873301475702979 0.0541017988101278 0.580321896891522 0 0.0118723066387091 0.033451540757302
UBE2C 0.0144146702757306 0.679097985006468 0.0132653294891934 0.0124468406040402 4.89323194133982e-05 1.24763404550468e-134 0.726656217174216 0.654642570226823
C1QB -0.0127719653326232 1.13723650405728 -0.0481339593147408 0.010768703213665 0.0644587248395799 0 0.122710648558144 0.64382535511345
ELF5 0.0211473949071868 0.252583909602865 -0.00555163369719053 0.0179938664442848 6.05611564811946e-18 2.37819362449045e-11 0.882243388322528 0.542820167362724
CDH1 -0.105039926396495 1.03593389187612 -0.00298704892877706 0.19586386787616 1.14208815429186e-08 0 0.918763321572231 1.35223109212643e-19
LGALS2 0.0104237230666268 0.305340267997024 0.00695619045322449 0.0301727846541291 5.25635044508434e-10 6.21529676926022e-15 0.867808558373307 0.325426027955849
SKAP1 -0.0282593105210372 0.960394072021489 0.0127110382715153 0.0986313476024444 0.0618930869293099 0 0.698981049778952 9.5342806715667e-06
NFKBIA 0.0178774985926003 0.667321960411809 0.0550404555017457 0.123109707212978 0.0247196293172473 8.62064777084752e-111 0.14901935520067 7.55513385966371e-06
HLA.DRA -0.162045623337439 1.16918836153924 0.0173603349657418 0.195700720415795 9.49709914331437e-22 0 0.574270062944066 1.63401771286316e-22
CALCRL -0.0202375989073528 1.03149396965094 0.0235012265286212 0.11354180366989 0.000678355659303026 0 0.475906982531726 1.31330696560589e-06
UBE2T -0.00690867245378858 1.02537801340707 0.00640430180182922 0.0168175947853591 0.259380586166812 0 0.850634744666439 0.499381127549573
CDH11 -0.00739477642020956 0.980843465500055 0.0210313383470487 0.0606091170691382 0.275718435649291 0 0.563482224071236 0.0125576922202724
EPCAM -0.0140265476103393 1.04294656230895 -0.0107754535100732 0.0102827696024315 0.507089281183722 0 0.732202320266006 0.654638063792575
SLC2A1 0.00991888900478069 0.351416116309808 0.140967032288327 0.0205981770618318 1.09391581853729e-06 1.54348349670501e-21 0.00118051908140082 0.493033733140305
LGMN -0.0950209698093665 1.14227555505231 0.0134035442714882 0.0756835879273687 8.1955311322014e-06 0 0.672109474356016 0.00171197500828871
CDH3 0.0105877844740345 0.182856396144443 -0.0452368239014443 0.0492565944583574 3.63649143350663e-13 7.50853753462588e-06 0.317030229926931 0.113671896710205
NKG7 -0.015612923880101 1.27840312819046 -0.0590314207632169 0.0329733653505807 0.000113162034683019 0 0.0448276676830143 0.132916785311765
CAPN13 0.0202686219282455 0.63854962858375 -0.0177752407414448 0.0109333416233042 1.14681147579777e-06 2.4446903705741e-106 0.654799957557446 0.696755516937797
HLA.DRB1 0.0147087997492786 0.776604516729944 0.0347320476601181 -0.0078378777181036 0.00319197410814864 2.03372907784616e-171 0.356911698948781 0.784844971211821
ERBB2 0.0267819910245835 0.561549297464764 -0.0059849383894625 -0.00363484978079084 1.31539285339958e-09 4.8617147379614e-70 0.881752259206763 0.897375192635523
VIM -0.934158225849975 1.10411419545481 0.0104107515966848 0.227241787299837 1.08258499802991e-44 0 0.625927822073785 3.34754121810357e-48
CCL2 0.00314113602967217 0.455071090364269 -0.0226996658480386 0.298210126747652 0.0412344745888402 6.00627685110357e-29 0.619633730652786 5.09499065718072e-24
LILRB1 -0.0149780679985292 1.18173440803403 -0.0158184765090379 0.0136902615982719 0.00528937595720524 0 0.629546449884159 0.578620715708279
SLC39A6 -0.0385610231809484 0.930013977640097 0.0310622934357684 0.125844537408417 0.029661404849994 0 0.36616288535022 8.34381680871751e-08
ERBB3 0.00592553643738325 0.139309382956131 -0.0625992106946364 0.0693068396919426 6.8272301445793e-10 0.00205053663473608 0.158858896109682 0.0291233718225029
HLA.DRB5 0.010018192362331 0.485980952776967 -0.0334535131646914 -0.00716403037551436 6.4402840680672e-09 1.20363894454971e-45 0.376715861147787 0.810451226326696
CDK4 0.0115523810809741 0.761308938993728 0.111298249573272 0.0615265738333591 0.275181805152632 1.79392781781803e-183 0.00408582858105089 0.0193006653811307
NOTCH1 -0.0416954796056859 1.05741718353221 0.0487411707971024 0.0360782116509029 0.000684617559123279 0 0.104770528083045 0.103734995672717
SLPI -0.00252797542393641 1.05546367316407 -0.126946126581834 0.124287256004209 0.201907048126757 0 2.00776784941824e-08 3.24627725483463e-13
VSIR 0.0186243848838278 0.69164096154727 0.0338570644380485 0.0571552151075448 0.00175663218426169 1.82287074682659e-134 0.384425777119017 0.0394608304776829
CCL3 0.00871865972785045 0.959184020795958 -0.121597876753766 0.102692800430719 0.282865688791978 6.67990214964929e-234 0.000641922975300003 0.000206373262289698
ERBB4 0.000825091141807924 0.805156122246421 0.00416362440591862 0.154655888706922 0.878485740285096 4.4689376899634e-249 0.90368608424948 7.53388550381331e-12
LRP2 -0.0974502572108175 1.06510228491809 -0.0286117266983084 0.061325523952787 0.000412913503022448 0 0.252125239020671 0.000424747085151389
CDK6 0.0152535505955549 0.539117532222049 -0.0146535145149379 0.0719582093503074 8.18651126169608e-08 2.97049243080164e-65 0.702382643458436 0.0100090234247098
HLA.E -0.434272267194942 1.12619921458529 0.0400129793174132 0.168059019949389 2.20648160221021e-26 0 0.135068334821781 5.33438934967509e-21
ESR1 0.00725394015100267 0.320408317338683 0.00395488686713048 0.00691424393312921 1.16071665581595e-08 6.84125107463603e-15 0.923533990468832 0.826536841055785
NR3C1 0.0190975078238596 0.841715894969275 0.010066741372967 0.105402786516228 0.338272404736543 1.4241549752993e-250 0.788121550899018 3.08968739675974e-05
CCL4 -0.0250527583952508 1.38698240658645 0.0515590012371449 0.259617125069574 5.37958358629994e-12 0 0.196714659694824 2.38619210367471e-23
LST1 0.0121173568566323 0.334330924265221 -0.0306427799015454 0.00843964351760003 1.21505819185236e-11 1.33216303991307e-17 0.498887094711151 0.784386844590499
SNAI2 -0.0339846893814036 1.00918254931997 0.0860984618584459 0.0879096331443518 8.89680685048333e-05 0 0.0109343687744881 0.00021224349741895
XBP1 -0.188241403520429 1.06371702417245 0.0142854913370422 0.140598450951647 3.71934704102726e-07 0 0.664317735186829 2.52567689608462e-10
SOX10 0.00671870031516718 0.230590292565258 0.0255231147580503 -0.03235249554464 2.82542784865934e-09 2.25365071337933e-07 0.554765957723275 0.32694497833052
CDK7 0.0604760180536909 0.558707497943215 -0.0625163843435745 -0.00333611085371267 3.15975980803202e-16 2.18227707360886e-75 0.104203861735451 0.90486974156985
NUF2 0.00340469867488819 1.04883482051513 -0.0513702209630414 -0.0344729524898471 0.319576239175276 0 0.11925854580249 0.192667511208896
FABP7 0.0227576888989138 0.405875792712284 0.0162366156919922 0.0590372171063005 1.98341619649305e-11 1.73458970510717e-32 0.68057072456561 0.0351159888496378
CCL5 -0.0147268079093838 1.00687971523666 0.103932100700666 0.144116701837679 6.07998420534359e-05 0 0.00634885698838023 7.52797683567422e-08
LTF 0.00472065215593476 0.694803311062957 0.0424831237213679 0.0856517374682862 0.0729780556174086 4.08317746561341e-118 0.261567483926301 0.00204687026490032
HSPB1 -0.179013764979509 0.972911733111308 0.0902607976825905 0.135863858631581 3.59416211748201e-05 0 0.00970887337374182 3.90599499500649e-08
XCL1 0.0145165411311161 0.389596656196663 -0.0251082496777243 0.0252918675352825 3.69684338003537e-11 5.69204712357907e-25 0.544689811212665 0.407785386223704
OBP2B 0.00953162610775754 0.1857651377303 -0.0179671560708183 -0.00271589919055295 1.7326906681602e-13 3.38197434305555e-06 0.662787057820918 0.92949555971766
LUM 0.00264167389502862 0.474188476342946 0.0377743695809206 0.239959956323341 0.0749808076691128 3.23743952768677e-26 0.257343415085996 4.15513545303233e-19
FAP 0.00949410353968682 0.65024225518488 -0.0519931790677158 0.0276579989659258 3.96858580370998e-05 1.06094170014934e-98 0.214850737028471 0.372538439655035
CDKN2A 0.0207529617387868 0.709494143844743 0.0469238752861325 0.059218514033031 0.00423074589511246 1.77990938278926e-183 0.20601439157262 0.0240989265262412
HSPG2 -0.0083557184759956 1.06659859140112 0.011619595183442 0.0172956259956963 0.113161729591603 0 0.720853986775451 0.467371029855262
CCNB1 -0.0800609593164878 1.24086213393356 0.0128732950360237 0.0725443996831957 6.62712325134167e-14 0 0.606032489822145 0.000158385055006685
LYPD6B 0.0223689950140669 0.546864401558809 -0.0743487158220106 -0.0100785944930533 3.10954452555313e-11 1.12389534268718e-67 0.0653231575611548 0.714068333849261
ORC6 6.06567746913481e-05 0.89024635513246 -0.00369813055675381 0.0912228944760632 0.992410567116484 0 0.91762945498288 0.000454507809734609
ZEB1 -0.0816360314757686 1.03790676847483 0.0459545258575014 0.04254236801053 0.00265358138065805 0 0.129186652092157 0.0523409633977251
FASN -0.118222400120995 0.976782750827395 0.0203856258566131 0.147801490045286 0.000133221280700571 0 0.5267972219455 2.48231196822053e-11
ICAM1 0.0166230498014611 0.502397899975841 -0.0374809239997778 0.158127746297984 0.000150648342854026 4.88529454390328e-40 0.397927673576642 9.32272450578506e-08
LYZ -0.0254788360589695 1.19816578792662 0.0664837272727569 0.0888500866108868 3.22672074692676e-07 0 0.106951319687992 0.000700471521362686
ICOS 0.00112998543625276 0.928646387103665 0.0511926419984324 -0.0280982536458213 0.43855791815123 4.62316656118818e-189 0.215995711209706 0.433006331269658
CCND1 -0.400396603320666 1.03310875877674 -0.105900542711375 0.189694273428287 0.00170952962520911 0 0.00069974533343356 1.59705382504541e-20
ZNF571 0.0426002256634071 0.538297609636765 -0.00902158476002142 -0.0242779034294527 1.97387108905007e-13 3.51476788851149e-62 0.824868634537256 0.385984914531198
PABPC1 -0.785216150635645 1.082779618866 0.0106530970691519 0.22853052305675 1.09128621125187e-23 0 0.701027818334779 1.53847679904715e-35
IFITM3 0.00998395349842434 0.836249461496205 -0.0579416789390863 0.122079347774411 0.114022344951414 1.68683202573479e-252 0.120947506230248 4.36954629156011e-06
CCNE1 0.0122560365807766 0.743095737257621 -0.0115954473449752 0.0275933770115392 0.00196498513690512 3.89249869395442e-146 0.777479255414531 0.336471552828439
CCNE2 0.000994588719771845 0.913420722774936 -0.0134651552471051 0.0605174033998583 0.728458378898044 8.21604038655674e-296 0.714190195430326 0.0295527241799952
IGF1R 0.0325349885187823 0.904992856754091 -0.0432788274813369 0.0372986367369415 0.0370241617633653 0 0.240505648235591 0.1425845998634
IGFBP5 -0.000900783419850521 0.704313688937569 -0.0230272793616336 0.282778035390836 0.963404067836084 1.10434124747461e-127 0.58239461539539 1.90714391443502e-24
