target intra.RMSE intra.R2 multi.RMSE multi.R2 p.RMSE p.R2
SOX18 0.190791933336408 0.0821882399760948 0.190808559444339 0.0821863904671275 0.500474765867437 0.500042145544537
CD14 0.215348368553667 0.0671418620846119 0.215405733818729 0.0666921207531769 0.501339222508066 0.509462081001328
PBK 0.278800676086895 0.334795681075468 0.278772039295701 0.334988556060617 0.498950019111841 0.497953047211997
ACTA2 0.870217109521587 0.396888973489224 0.867645136917213 0.399630387075278 0.479184260315505 0.415230684838201
CEACAM1 0.546222401462083 0.149581802705514 0.545646339722301 0.15127870642974 0.473440222490708 0.453980320921691
FAT1 0.438554637618417 0.0841786695405085 0.438169814058151 0.0856737313466308 0.491625807889281 0.461831087613198
IL2RA 0.367611707923327 0.25321773084386 0.365682989815984 0.259956541917096 0.440932459357395 0.46010154541939
MAPK13 0.652070562625564 0.198609133024161 0.651058909223711 0.201083446332886 0.474589943981905 0.424229736711363
PDCD1 0.10949007115609 0.00139279605179089 0.109514639334062 0.0011306744505185 0.501152590713331 0.647093648167554
CD163 1.3203614199649 0.560329312940272 1.32041679245412 0.560288665818083 0.500215915911621 0.500641348959582
ACTG2 0.288436255750102 0.0829562077646873 0.288078574892641 0.0853766822199779 0.494359529710815 0.442953662551145
PDPN 0.112484822099221 0.00388965275986235 0.112464192936493 0.00458618280172373 0.498860602797225 0.382448945219039
SOX4 0.779304383631832 0.110110060528203 0.778195969484016 0.112712647720855 0.486641550843128 0.418063013664521
IL32 0.322526257081588 0.153036131786336 0.322488397756698 0.153167573312077 0.498866046507452 0.49806897169889
MAPK3 0.233851522498797 0.0172559941935874 0.233774336487236 0.0179216479555707 0.496536845887165 0.433644262723871
FCGR3A 0.34082312067746 0.0887081078652611 0.340775506349991 0.0889306384081325 0.497475159648262 0.494147951288309
CENPF 1.60115083703542 0.507614852123295 1.59719862952686 0.509658349309106 0.49320958363213 0.486680557696133
CD19 0.108743130761506 0.00282436186687701 0.108743322411576 0.00277664276769415 0.500011806808469 0.511515924790338
PDZK1IP1 0.199769098510638 0.00568825434524455 0.199767423321767 0.00571136773069657 0.499907387182161 0.496485443492059
FCN1 0.55532033514338 0.141100397332046 0.555598275708772 0.140726569626483 0.500898538078453 0.502557182215797
SPDEF 0.420345375503966 0.126361928606118 0.41901820591014 0.132047321965811 0.471700200628915 0.396224704678658
IL3RA 0.183837344281 0.0207696140999128 0.183848214592363 0.0204802783765925 0.500545037535973 0.517038293030693
ACTR3B 0.512111581690758 0.13073575348617 0.512141820614386 0.130623383837864 0.50154008268494 0.505446811042798
CD2 0.375671239993025 0.537871177194281 0.37574489137138 0.537676547405634 0.500814020864769 0.502325138705828
CEP55 0.438943403694382 0.486155540231653 0.438916589261269 0.486145812221187 0.49967251242856 0.500066781249209
SPP1 0.0868533713292973 0.00302812104476108 0.0868561557491926 0.00304285895151505 0.500236208237293 0.497276938568203
MDM2 0.619357786962267 0.0686999793537097 0.619522091376815 0.0682054172052 0.501742648602666 0.514030800841294
FCRL5 0.194059798204035 0.250272941942696 0.193833102290171 0.250627065914781 0.493258141555565 0.498099719384753
IL7R 0.360691369166904 0.129117596085354 0.360701844527734 0.128339613319107 0.500052271210875 0.50824232684759
PECAM1 0.371006852158479 0.296639374560098 0.37100605373767 0.296553183333768 0.499981933435094 0.501178277062199
CLDN4 0.135471472990227 0.00528463235300769 0.135478102281201 0.00483303835199285 0.500518625768236 0.595304225951375
ADGRL4 0.245148302074325 0.154940379971501 0.245115806345731 0.155194000989794 0.498748630869421 0.496502026169129
STAT5A 0.180168900721228 0.0134905480009142 0.180165911849771 0.0135554125328913 0.499837054903322 0.493788896382238
AGR2 0.0827719935128482 0.000247905768018186 0.0827785901517472 0.000344954386854379 0.500238656483268 0.350104383579417
CD24 1.86745454857466 0.462024801228395 1.85961368965367 0.466530306010086 0.443989847843159 0.380544467198096
MELK 0.415185902483496 0.494240392279107 0.415184800820432 0.49425990801209 0.499960791879742 0.499689756223748
PGR 0.132930332840852 0.00158243299135691 0.132950925398684 0.00142202927205338 0.500988557004804 0.562334890903815
FGFR1 5.38583954387927 0.677111523160453 5.36821536526671 0.67915379371907 0.46403131180086 0.441356178563367
ISG15 0.774856475766364 0.094448364412754 0.768508375611957 0.108834804409209 0.390149100304279 0.084529267469453
MIA 0.106456340177307 0.00134375847931718 0.106461029625347 0.00137672563180999 0.50031887033564 0.483739415771869
CLU 0.373497252799688 0.066899630346917 0.373312156692163 0.0677494633665886 0.494214323255453 0.477602369449806
CD274 0.146557069242832 0.00742682017776082 0.146563144064184 0.00718603751680892 0.500328361056019 0.523624532033306
PHGDH 0.203408547616442 0.0357794578665416 0.203408409863909 0.0357422590045431 0.499992005721253 0.501664214872951
FGFR2 0.104711144159054 0.000572421923430832 0.104726421446505 0.000447062494852979 0.500791898253938 0.61618368120843
AHR 0.30782072737719 0.0496868939202728 0.307817488942639 0.0496518137500702 0.499901214019558 0.501117852594801
STMN1 0.826605244121559 0.561996379634149 0.825958097341758 0.562766739152189 0.486235478388869 0.490087557836521
COBL 0.219404523588287 0.0253729937600849 0.218702546949393 0.0295595464934313 0.463112643843563 0.345912386882023
PI3 0.107951184570302 0.00154390704439449 0.107924173105826 0.00195615793854876 0.498633297680566 0.313278617618624
MKI67 0.502564310039805 0.484588424512082 0.502461636344444 0.48489178147214 0.498921194348557 0.497075134364446
ISG20 0.338639167047638 0.0528773259099769 0.338660074469516 0.0527625483747495 0.500393748753786 0.509317687684488
FGFR4 0.177761189263815 0.0178937993318553 0.177747230376154 0.0178607509905627 0.499530920958739 0.501381983336032
AIF1 0.160561609223903 0.0101240747806323 0.160589829799787 0.00978135461034554 0.501698473450361 0.543886699346494
CD34 1.00821680525979 0.632463329904031 1.00856342233708 0.632186288996202 0.5045585863205 0.50689515824387
SULF1 0.312145655415598 0.0397703765678394 0.311097058678682 0.0450661844236695 0.472799261999173 0.358012051986548
MLPH 0.351292577966961 0.0882639103160663 0.351240904946756 0.0885779898531887 0.497583332698418 0.491072718063294
COL1A1 0.532022415154781 0.21816841880786 0.53075872088691 0.22182980514908 0.475448520251391 0.433827900289016
PIK3CA 0.619867957038246 0.0826482677547685 0.619726497349879 0.0830653017175364 0.494144759796412 0.472916237764123
ITGA6 1.07621604618184 0.520746113561722 1.07481655259692 0.522085835435755 0.485598560028546 0.484987511753695
AKT1 0.345568891778219 0.0326389713514484 0.345586870450436 0.0325446584571611 0.500588475450708 0.504575216791352
FN1 2.63529910620368 0.53292463892932 2.6263982259981 0.536050988015714 0.468513770309014 0.403787350085865
TAGLN 0.427616278781785 0.225848032546912 0.426963386304612 0.228327215545067 0.468770192994948 0.397181166934614
CD36 1.26947498175484 0.435375594810761 1.25713621130141 0.445978920080396 0.436487852173437 0.35162226398369
MMP11 0.281355158585966 0.0684503137596357 0.28130594538073 0.0687635077633611 0.498196041922946 0.49327361155087
ITGAX 0.394913779850748 0.287013954573033 0.394968600839982 0.286800456691423 0.500547528333265 0.50303460788209
MMP12 0.0649055767405562 0 0.064903332654622 0 0.499841679601783 NaN
PLEK 0.480109774489659 0.366929693633539 0.480163522569766 0.366675286261175 0.500706555048886 0.502262745966975
COL1A2 0.970120194199336 0.562484338618963 0.969662485221246 0.562889185090158 0.495894230530678 0.491829631909522
TBX21 0.176029440663254 0.0635924269992177 0.176022136101811 0.0636447962406688 0.49961695838404 0.49885601455993
CD38 0.192314884944646 0.0543618193128802 0.192318366926344 0.0543162731677028 0.500132816004173 0.501019039622551
FOS 0.731213573478677 0.058578793357154 0.731205638542868 0.0587047271706776 0.499977572756797 0.498269750666877
ALDH1A3 0.76147872797646 0.0872424910971073 0.752592008365051 0.110062809981078 0.453186312142515 0.0866456487901992
MMP9 0.0809198928637366 0.00284446172652518 0.0809297459844253 0.00272750031576966 0.500381817767734 0.53095164078979
CD3D 0.161499653115792 0.186721085439642 0.161511008612631 0.186709343686373 0.500478203777087 0.500123679364849
MS4A1 0.122192391343062 0.00369054070654451 0.122223118271394 0.00350922136166437 0.502265083549347 0.523888694398773
COL3A1 0.689584923012183 0.433267539302227 0.689287773530521 0.4337250591949 0.495969252606395 0.492587517505914
PLVAP 0.42478148383822 0.238293106958364 0.424687243613561 0.238656350194569 0.497757619746754 0.49508039607575
JUN 2.74004697069461 0.291088278827625 2.73711126965757 0.292917086307052 0.496310378259978 0.48063312774071
ANLN 0.532106427283883 0.591775841558072 0.532112356651822 0.591770005068826 0.500052607488877 0.500119895083774
TCF4 0.502995953356071 0.122096958750172 0.503084231963116 0.121769878392814 0.502682001933607 0.509356991867029
FOXA1 1.87660181681972 0.624739907334735 1.876007751796 0.624975468469387 0.495274946818329 0.494153202250163
CD3E 0.248121770703748 0.457202943602368 0.24820921821827 0.456781980040054 0.50251677010163 0.506809294767671
MSR1 0.198055686584449 0.180079296253732 0.198092816079078 0.179756323593706 0.501383020001327 0.504607053808048
POU2AF1 0.120604247777344 0.00217906338279693 0.12063010257151 0.00198723040053256 0.500319825694525 0.562946183511559
TCL1A 0.0781371648362898 0.000958020929784398 0.0781410931751081 0.000934707582039795 0.500354590107766 0.515442378364737
AP1M2 0.235595444592383 0.0345457403978531 0.235560870028593 0.0347948989959396 0.498481685234071 0.488213350665989
MT2A 0.136919501948107 0.0115961965759261 0.136931876291902 0.0115261049330327 0.500826501451485 0.507040111747342
COL4A1 1.59108513424233 0.629472598444383 1.58994364857703 0.630009464995796 0.48397158771782 0.480025336497441
TFEC 0.251724452560055 0.306727351618123 0.251742058496175 0.306662412526546 0.500369813954251 0.501033449720233
FOXC1 0.388216051593489 0.0804330893738863 0.387545290121373 0.0835968033708412 0.475236282165689 0.300952065335661
JUNB 0.778269624330293 0.0920181870008316 0.778221587673642 0.0922634212648395 0.499872578629162 0.496106472265071
CD3G 0.267826402500736 0.0224458091097804 0.267835695200907 0.0223991265436423 0.500460423604728 0.503476754579691
PRLR 0.599792592336627 0.237379930788982 0.59962544792309 0.237818774227067 0.495396789014595 0.474796063564649
APOC1 0.175699814277269 0.0143079573545037 0.17565399061986 0.0149518277354954 0.497431824840717 0.442227264906385
MUC1 0.308566683972295 0.0185172359525071 0.30822253391317 0.0200616181413811 0.494730313671071 0.387365039180834
TFF1 0.207839872161806 0.0145977803996327 0.207844586775522 0.014524628197968 0.500241061014723 0.507528115941425
FOXP3 0.492481898913907 0.580083435131967 0.487871360419835 0.582891441689657 0.461209696912212 0.490774246564898
KIF23 0.499010872691786 0.597900140171172 0.498986992283689 0.598040877700324 0.499708763153324 0.497658494871359
CD4 0.29878931695745 0.126969196404047 0.298769561841524 0.127040619965748 0.499152779928912 0.498849010580479
TFF2 0.0745651041969737 0.000565210546513539 0.0745794877272775 0.000384642446716832 0.500924455470691 0.647515542478165
COL4A2 1.16408590239781 0.603343732773421 1.16386689796895 0.603505025876661 0.49426604299253 0.495796448665736
APOE 0.254153999874096 0.112901333775444 0.254176216199984 0.11273085485502 0.500792590076672 0.503488733179005
PTEN 0.481694466528661 0.0614563735432187 0.481806954030813 0.0610324475392183 0.503757358097964 0.524562919970026
MYB 0.240997729115668 0.0481563694732619 0.240996132481513 0.048187380317338 0.499937702367332 0.499187641829499
TFF3 0.157659149473178 0.00458175894703405 0.157663409421594 0.00465856969120149 0.500237835504466 0.485615757326701
FXYD3 0.373841033207343 0.094911171489686 0.373772224670987 0.0953291617044923 0.498463298564404 0.484514491824054
COL4A5 0.22356591900967 0.0172611274684714 0.223612428898462 0.0168541639629881 0.501910330839139 0.528037030791487
KIT 0.5783121649324 0.0911687225178988 0.573869030961916 0.105745607165541 0.457428576612402 0.0624035538406488
CD40 0.388480824517876 0.24662500022793 0.388472638449937 0.246629877295763 0.499805650927217 0.4998911590743
PTPRB 0.352556807083895 0.297431617237007 0.352578838564041 0.297383234994499 0.500499371223755 0.501120566456172
MYBL2 0.455047419342637 0.389801089668231 0.454919642256889 0.390143037281248 0.49782302446048 0.495908814950744
AR 0.631060157567437 0.14449274607518 0.62485401665008 0.16129965539378 0.322919442135165 0.161088177163469
CR2 0.0913407715652209 0.00206592139409549 0.0913518727674126 0.00189339317255072 0.500827811193409 0.556158132935487
CD40LG 0.167739226157138 0.044972726066944 0.167753399277148 0.0448299430763922 0.500318798720839 0.50303354794558
TFRC 0.551627930751734 0.150265119670379 0.551571715905125 0.150424903775384 0.498958037768082 0.494026867438436
CRABP2 0.125728299700508 0.00440080777030348 0.125714787833625 0.00473293282023493 0.499624937005378 0.4492600094982
GATA3 3.80687052809338 0.654908178282362 3.80245258654064 0.655696301382585 0.489255503239671 0.467895183865953
PTPRC 0.339326400175221 0.360681013006742 0.339428085373815 0.360235528141534 0.501690083332848 0.504116098208826
KRAS 0.439882790100489 0.0529648441199808 0.43993679786695 0.0527375315620726 0.502293682480566 0.508636618618173
AURKA 0.470176415879554 0.444445675139047 0.470197829580599 0.44444966424343 0.500445759206849 0.499961280008503
THEMIS 0.152913193882752 0.174487995406134 0.152922549588472 0.174353808860313 0.500402570593389 0.501380927168308
MYC 0.542240012247155 0.130792425082708 0.542312734836453 0.130555944727838 0.501892412568156 0.510324603109337
CD44 0.41418513818585 0.0279375884637623 0.412416496961408 0.0379060426780843 0.48515625577682 0.212754210371512
KRT10 0.136355662279957 0.00271423105667575 0.136383246214524 0.00249280359594096 0.501820119320258 0.564675616297231
CSRP2 0.4551054488725 0.1872477366688 0.453828898358821 0.191952513966363 0.462493084308922 0.403545114328087
GNG11 0.249885240922237 0.0741136104952486 0.249920161494579 0.0738344698577784 0.50129998442066 0.507251007366196
PTTG1 0.355543958778518 0.460058037818776 0.355464827665612 0.46044792256442 0.49864492366073 0.497147492278204
AZGP1 0.20365698618718 0.0233288368859035 0.201936201008334 0.0390169098759093 0.439378096421631 0.00502085722172215
CD5 0.142596586671859 0.0433781923661318 0.142560146113747 0.0437092655401099 0.498306010180924 0.490402661573678
KRT14 0.0704408412233284 0.00422444898542723 0.0704414172652836 0.00401835425222848 0.500044512461316 0.526597006042822
THY1 0.30363372380207 0.147372308994469 0.303608178528881 0.147418898543425 0.499266410917686 0.498889861689482
MYL6 1.27933973868389 0.25189303043195 1.2784373629954 0.252931465868008 0.485167773350851 0.453062935876714
GNLY 0.998475175679011 0.458241618710819 0.99849448441351 0.458254485530903 0.500065206768582 0.499945586608976
RAMP2 0.232298717371694 0.102212818764945 0.232331174968123 0.10193385965663 0.500970042795625 0.504409922534786
KRT15 0.21305664189379 0.0184694342779256 0.212865523984501 0.0200779226886965 0.491397055717013 0.406016822128378
CST3 0.67099859645977 0.125322160741205 0.670749177806269 0.126030170486738 0.495915896897703 0.476594527958225
B2M 2.96144654685528 0.490840065251837 2.92382091171153 0.503727445276503 0.252142983957192 0.0450090959729063
KRT17 0.0582626266852391 0.000348649492558384 0.058260642148529 0.000299748732855765 0.499887702019867 0.591993827038664
CD63 0.530308033402886 0.0784170111832998 0.530386936256742 0.0781469862882071 0.503244881848497 0.51135901298976
TIMP1 0.358741548045777 0.0583588387892988 0.358697820420325 0.058573812260183 0.498550819528775 0.491034559443543
GPNMB 0.211169423433148 0.0208246750269261 0.211206565461181 0.020630030523371 0.501525728934813 0.510064028720528
MYL9 0.687405399817592 0.405290452602108 0.687069431127049 0.405893038722042 0.491147826328338 0.472492239788168
CSTB 0.168788049591332 0.00671562318953611 0.168777669366317 0.00669403021868162 0.499277556628383 0.503048399671656
TMEM45B 0.107089772783799 0.00132686583478029 0.107101571730844 0.00126990624576895 0.500601499402382 0.536461464908529
CD68 0.143119668756929 0.0427659433287727 0.143111598734437 0.0429480091567061 0.499507982882499 0.494800133813889
RB1 0.694632795031212 0.112214454753508 0.694778098956118 0.111841046582743 0.507432711042005 0.51356185605623
KRT18 0.711662439759158 0.184356764322516 0.711738181199082 0.184192407725441 0.502151658834738 0.503198207174415
BAG1 0.547766816069314 0.0895080716950491 0.547698122321071 0.089687467320084 0.498379120498952 0.493247695256789
GPR160 0.280133362195197 0.056287514716421 0.280006989121752 0.0570655922966039 0.489565407135944 0.474685689307812
MYLK 0.735861490721102 0.457807296087791 0.735542196240681 0.458153980020804 0.493643525828882 0.488774248952892
BANK1 0.12401278605909 0.00480266503866313 0.124027582011965 0.00471558781767754 0.501052165731683 0.513044832820143
CD69 0.321285735882161 0.0384601621221292 0.321374903492824 0.0378598138323777 0.501055257391506 0.523018825394169
CTCF 0.696029569041669 0.146583564879978 0.695999840440093 0.146663554168989 0.497043213763213 0.497440431340627
TMSB10 0.748781948701262 0.214139994157791 0.747918393812499 0.215936183889415 0.470626554903096 0.453807805836454
RPL13 0.452649927563264 0.064930791577672 0.452628932279008 0.06499003344178 0.499509854579202 0.495524482771577
GRB7 0.15078253766654 0.0115398165457486 0.150803494289566 0.0113003286780043 0.501086983780382 0.519866633717773
CTLA4 0.08693016233002 0.00345619900666878 0.0869682181555912 0.00329862858997547 0.501943339016658 0.529596592192897
KRT19 1.7217711197622 0.4990031125895 1.71748440413205 0.501444706633379 0.472428618061539 0.434151544726476
CD7 0.141603735457483 0.00881133241735491 0.141640398063063 0.00837216671658531 0.501385761835089 0.547198134573028
KRT5 0.0821878821471618 0.000222966700290217 0.0821989603669396 0.000218720441266285 0.50036817497852 0.505348741352708
MYO10 0.418887582939832 0.213662258338666 0.418942373729392 0.213465880898389 0.501664947578754 0.503590254340833
RPL18 0.201147388984484 0.00959227791169721 0.20116491841584 0.00940166608626869 0.500839712704136 0.520779562387053
BCL2 0.595605269940004 0.131300253301135 0.595696386093326 0.131020646083555 0.50321335109866 0.513485626169118
GSN 0.290492326646269 0.0827999889552881 0.290458997018653 0.0830145727248903 0.498632397692911 0.492807596897187
TP53 0.67041777352081 0.106642454819226 0.670317817983433 0.106875639008831 0.494742013032296 0.489854452432313
CTSL 0.265008450152791 0.0232343370654889 0.265030884900362 0.0230715269859659 0.501059196673601 0.512160458439006
KRT7 0.125242039259122 0.00246043896039123 0.125243404369584 0.00280002033709918 0.500055236563066 0.406530843745527
MYO5B 0.192010675022056 0.0162767375238231 0.191976016368469 0.0167021868563363 0.497995093465181 0.456036203991778
CXCR5 0.0805979526641757 0 0.0805936927293883 5.30923373489478e-05 0.499773026544048 0.0839738799584172
GZMB 0.309295961745016 0.372100070152175 0.312803052222907 0.354973467383211 0.517495941858085 0.570069999817103
CD74 3.85869552787775 0.458838300901227 3.75217619195935 0.488407078601163 0.256696019161327 0.0493157101797783
RPSA 0.765292323728114 0.185106470281515 0.764987530123002 0.185730139238066 0.489977015087453 0.484230212932395
MZB1 0.182764864565276 0.000929201378042011 0.182863839598309 0.000537251884208201 0.500855589880601 0.772280360051258
BGN 1.24601976446347 0.523941669878289 1.24580862563307 0.524107638335271 0.49727476172 0.495470464100929
TPM2 0.585391934247278 0.269967681328789 0.584527605712346 0.271969746307792 0.483600057523058 0.439952228575242
CD79A 0.100019584883803 0.0019999875583846 0.10003441394244 0.0018070049131619 0.501232726702733 0.563763517117847
KRT8 0.794239757287467 0.198887985881225 0.792877161434416 0.20162400483362 0.483442736505867 0.433597037402113
CXXC5 0.397892349767186 0.105200717050518 0.397724845940739 0.105910414671418 0.494170600301378 0.467942886322702
CD79B 0.105506023604825 0.00165574651393523 0.105511150793025 0.00156285368911975 0.500203578757746 0.542321356576253
BICC1 0.11901987506569 0.000469027821443402 0.119029782522864 0.000436184993321753 0.500555566202926 0.540689441887608
RRM2 0.255748315376935 0.265364479918886 0.255796294782602 0.265104297405799 0.500918898300153 0.502260364977838
TRAC 0.169464602156928 0.134430707664028 0.169499399055367 0.134150851944874 0.501295880528661 0.503225712265295
HIF1A 0.730318504068191 0.13425822565161 0.72995086485568 0.135082849024731 0.490786853797868 0.482594895414727
NAT1 0.19630381481285 0.00933034714631384 0.196271315528735 0.00946770252910151 0.498515836911197 0.485817228490447
DCN 0.170255968335801 0.0160504999618336 0.170261580051452 0.0158464847156948 0.500235044927253 0.512238377576531
S100A14 0.110334678212999 0.00300767938954102 0.110346172060724 0.00305507638023211 0.500675406854531 0.485833422968065
LAG3 0.245791743465156 0.0268222807024149 0.245838940938533 0.0264492864201081 0.502507258882802 0.525697248644813
BIRC5 0.168623505283603 0.0188574588948878 0.168486702443447 0.0203419148869734 0.483737121654189 0.425507778771129
TRDC 0.248784857564562 0.125045721218126 0.248824134851051 0.124839451632488 0.500388232816743 0.501540590399898
CD8A 0.197207017728172 0.0277360251277779 0.197206466267267 0.0276119007025906 0.499978577342661 0.503693574747599
LAMA1 0.112130476497834 0.00378784277871306 0.112116600028807 0.00375699454369012 0.49903766406146 0.506628482249198
TSPAN1 0.165026270886484 0.0216738080073919 0.164876652188842 0.0239184691205863 0.494051665644455 0.358510396262898
HLA.A 0.724715623310723 0.216946435229198 0.721950530029751 0.223053228825384 0.440379868941038 0.221504256077123
NCAM1 0.772103946829501 0.259178687102253 0.771353859185837 0.260542486961421 0.485429397048253 0.455789417253657
S100A4 0.192804234310469 0.00903889046873305 0.192810396069537 0.00903108214892344 0.500360701964792 0.500719541065854
CD9 0.189855718998251 0.0144419075742181 0.189866270689479 0.0144255448196919 0.500459547743147 0.501127616998215
DERL3 0.27199434510274 0.0286400066786167 0.272005857710785 0.028570025933832 0.500562542853511 0.504580516670134
S100A8 0.0549328198743903 0.00153274892147598 0.0549652261322564 0.00113837659193228 0.501806873919614 0.646856032619327
BLVRA 0.411901966997237 0.0739979386554132 0.411976514756015 0.0736635500716647 0.503034069737448 0.516186586727453
S100A9 0.0806025491914566 0.00126681331237983 0.0806093344016362 0.00122196998426661 0.500308208308794 0.51386022027588
EFNA5 0.146097584177629 0.0077078718756131 0.145975797919474 0.0105271189139413 0.494480500204323 0.258784114026903
CD96 0.280282415828699 0.412118046157304 0.280237042936914 0.412214132084112 0.498869325275366 0.498472503708779
NDC80 0.313021278571116 0.431491421329532 0.312929901859313 0.431756203465409 0.49631532746115 0.498596564632015
LAMC1 0.859506894407555 0.17161177451582 0.859361553497311 0.171925071659352 0.497323987259147 0.488931413670732
TTC6 2.33180560822745 0.555950456112542 2.33058105815047 0.5563681459003 0.486902788409708 0.487960451022564
HLA.B 2.47066508395768 0.50577318669745 2.44944068486811 0.514272732074051 0.402894694917287 0.32502909814501
TTYH1 0.10296245567852 0.00208103440523657 0.102982836152182 0.0017768226040725 0.501397188312866 0.618890052924178
BRAF 0.46774304605222 0.118380239697328 0.467427127609341 0.119558955371245 0.486537640574334 0.472173830178405
SDC1 0.483194956674796 0.135229644496459 0.480416368484209 0.145066559121739 0.405564725273398 0.235623989337451
CDC20 0.306127558718885 0.351562188557603 0.306396101638226 0.350368747904852 0.505922641050666 0.508857795061728
EGFR 0.826438168529326 0.285471023379523 0.824039451978025 0.289803289789909 0.464162442479721 0.440183522427772
SFRP1 0.0846476255286347 0.0028365329142267 0.0846509057621555 0.00288170943223568 0.500123959739038 0.490321164296748
NDRG2 0.959104185236498 0.339835140154048 0.958932373378972 0.340060736629847 0.497341819887553 0.495931602538848
LDB2 0.957787674486661 0.576393839993452 0.956398013591727 0.577604809824203 0.485443571040781 0.474342589283688
HLA.C 0.70074061901933 0.207442905801299 0.700177459422317 0.208804557959281 0.477812241586338 0.463166938111133
C1QA 0.400643624703337 0.386418479145905 0.400419196986226 0.387021117275791 0.495416499436142 0.494292471362044
TYMS 1.34943494099394 0.508938867592715 1.34695418287428 0.510929235918555 0.487416127864445 0.477699487137101
CDC6 0.368798874238551 0.105037640994195 0.368871776157967 0.104670968104669 0.500846820285084 0.506720018960328
EIF3E 0.286331786728791 0.016531978465332 0.286093437546005 0.0179488357794049 0.491433770691973 0.365286922634892
SIAH2 0.41343168962231 0.0398792613240769 0.413436388695549 0.0400657764614574 0.500118614156076 0.490832995319309
NF1 0.844151595542965 0.185848432430566 0.844066135911819 0.186020708396893 0.497364852727385 0.494472196852829
LGALS1 0.488037271439036 0.0954760606363822 0.488069029876576 0.0953492236550534 0.501255025689875 0.50502632793166
HLA.DPA1 0.359083594302506 0.243192763250956 0.359023625001999 0.243457516340407 0.498252239251803 0.496863030996293
UBE2C 0.229479163350422 0.0536281766662105 0.229523347956256 0.0532624602321232 0.502391317497586 0.509954220602438
C1QB 0.42534450833087 0.422063026254896 0.425356731697992 0.422064019856404 0.500266489622012 0.499992140700153
ELF5 0.171255972069766 0.0031622765281192 0.17130556530798 0.00274126720248649 0.502363519028429 0.608234368846789
CDH1 0.898030973343574 0.30426811095044 0.894698408576342 0.309355034309601 0.45302247632565 0.403117793426303
LGALS2 0.127530532864024 0.00512647126945955 0.127548601076219 0.0049137443860732 0.501044317946923 0.528528221564
SKAP1 0.658875830016853 0.251359288549238 0.658382804560921 0.252413744606327 0.480860480462917 0.466907327707597
NFKBIA 0.411714980852319 0.0466329178262207 0.411345063160962 0.0484213256960133 0.489735156726363 0.428303231188979
HLA.DRA 0.826294903633197 0.418865917739418 0.822561535311531 0.42400724825958 0.447015806007636 0.416119119510401
CALCRL 0.382766589611944 0.284808208704277 0.382287168493321 0.286709006379345 0.489029676280507 0.476814389343992
UBE2T 0.367813225789117 0.275581273518672 0.367915442371554 0.275178065832506 0.502560086275609 0.504750245228763
CDH11 0.396893438271819 0.198434953918379 0.396833007310627 0.198684516162581 0.498360969867409 0.493270335917021
EPCAM 0.823216652166673 0.343234161379776 0.823369561364242 0.342993942436998 0.502590020119922 0.507275800352716
SLC2A1 0.1494863832285 0.00751949868594309 0.149437453454014 0.00787927450053549 0.49780265655719 0.457163696990171
LGMN 1.17810920562167 0.350689557294097 1.17768459191656 0.351206594453638 0.498046427868907 0.491142208136605
CDH3 0.113842191595212 0.0014295643363334 0.11388802524285 0.00121116025260843 0.50167739996647 0.572181540825852
NKG7 0.322600358744319 0.484883706833371 0.322660801866066 0.484662419818664 0.500949511310779 0.501242121804564
CAPN13 0.255909165463782 0.0426734752708885 0.255950559284163 0.0423697227991485 0.501612317604347 0.518226216128104
HLA.DRB1 0.287065828378481 0.0678915078218039 0.287126447764431 0.0674913149766816 0.502047088909178 0.512329871075339
ERBB2 0.254490736712795 0.0258694938148833 0.254537427882852 0.0255057648866603 0.502063668148421 0.521492837766561
VIM 2.9584029183 0.63187946622373 2.92042537018133 0.641568852815765 0.363739782244677 0.272703756074749
CCL2 0.125421547007328 0.0101735678132326 0.125563447076558 0.0130581548418933 0.505093795404231 0.334837244359962
LILRB1 0.371991828256817 0.433123819710229 0.372029036967418 0.432982588153352 0.500617167042315 0.501544474103483
SLC39A6 0.680437255132909 0.219056479320642 0.679508478245156 0.22119186025317 0.473618920260442 0.443441267280746
ERBB3 0.0812492299208108 0.000536104677251015 0.0812373891302523 0.000749422311571069 0.499446821664717 0.358611651112634
HLA.DRB5 0.13644092795662 0.0156934384938069 0.136459264999976 0.0154606308006549 0.501001142472515 0.51586994972019
CDK4 0.451505929924431 0.07401522106942 0.451273376686033 0.0749227279719899 0.493222349995923 0.45029870827708
NOTCH1 0.638375075898287 0.376778491197326 0.638275290969701 0.377004753298167 0.498277790203833 0.493798627014372
SLPI 0.193592084614767 0.423491661697842 0.193453873170272 0.423116070636588 0.496786894735449 0.501925362523266
VSIR 0.32604174053578 0.0498831318820393 0.326006346668037 0.05031175158368 0.498996536787339 0.488364586236702
CCL3 0.467831120718234 0.0846181931731703 0.467400177070846 0.086488748762488 0.496129576266712 0.472788584702925
ERBB4 0.368440312353935 0.119153103487551 0.367618239233593 0.123210779339746 0.477293707795158 0.405067480439067
LRP2 1.49053779767964 0.474078826176623 1.49044917509475 0.474087094790706 0.499171322433516 0.499863977527843
CDK6 0.205848408966523 0.0257140542134914 0.205820705316387 0.0258665787355665 0.498828077580806 0.493718113065223
HLA.E 1.50415975180816 0.50659811875851 1.49599109991412 0.511880980370834 0.431334298340421 0.384033728137298
ESR1 0.105330125589074 0.00553196087066595 0.105357053363332 0.00510367988903561 0.501782886312528 0.559122284146928
NR3C1 0.675605006426921 0.102941614822383 0.675148134448031 0.10421591150533 0.483977703564591 0.428109292955896
CCL4 0.312386652580399 0.120142938824674 0.311970890656231 0.1228102826577 0.496763114751055 0.481509232673921
LST1 0.133024416255762 0.00676663332697246 0.133050973781358 0.00654220888569737 0.502206819219476 0.524327340105102
SNAI2 0.501298208762794 0.190657463342478 0.500794032495201 0.192399939001364 0.492700812951114 0.468841153216596
XBP1 1.40046598890084 0.301274145891803 1.39789716403114 0.3038526472618 0.471031484334411 0.456808678778046
SOX10 0.0949942281880632 0.00239411708651498 0.0949957636277278 0.00239075714531731 0.500095524872792 0.500815288986259
CDK7 0.358084766516823 0.0283147734049633 0.358123553824781 0.0280968838300598 0.50120102376222 0.516959043627011
NUF2 0.259531268608915 0.259235017783109 0.259502229994539 0.259389407524635 0.498851685215744 0.498493549122356
FABP7 0.211567400393215 0.0123498972880174 0.211552410561704 0.0125525517419038 0.49887991470462 0.478245969716192
CCL5 0.267277082082671 0.165703982312705 0.267051534020364 0.166665148184828 0.495791792801654 0.490131919169043
LTF 0.191286068759978 0.0469090978901816 0.191275350563501 0.0468542830686228 0.499691799764448 0.501761484182529
HSPB1 1.35547584754279 0.207041680919532 1.35327052021298 0.209515681277706 0.486652197274122 0.432342678438459
XCL1 0.155754138922265 0.00964457460818746 0.155783034630023 0.00945878844933861 0.50167095639802 0.52691311399219
OBP2B 0.105733488395974 0.0012845631597154 0.1057371260408 0.00127876028295252 0.500177394635097 0.50297721578995
LUM 0.12763815846705 0.012738373951436 0.1270750532559 0.0163586486812708 0.490555730412392 0.336132451637826
FAP 0.168793868489642 0.0376621725621376 0.168800491332801 0.0375782678971046 0.500353694825808 0.504085263528505
CDKN2A 0.377115806415883 0.0759190722391235 0.377058041355202 0.0761820839215283 0.497021263603646 0.490529734991668
HSPG2 0.337265284713162 0.342968885345403 0.337369331421348 0.342532373138874 0.50240752849423 0.510230198922802
CCNB1 0.775900646789933 0.601813056422804 0.775785668421957 0.601976618537287 0.499513138999504 0.497862161491707
LYPD6B 0.223359372617306 0.0249358307499771 0.223362846486502 0.0250302464029609 0.500122685911344 0.49434682072362
ORC6 0.362761248686755 0.140989710803276 0.362666344910465 0.141392266321747 0.493843443427817 0.488791708311767
ZEB1 0.986267153367429 0.37020903537265 0.986152728547418 0.370361604230263 0.497279843195897 0.494334488834516
FASN 1.16530525125857 0.302724566423168 1.1627688532418 0.305775562911132 0.471977643330938 0.434100245516529
ICAM1 0.320062791949293 0.0155081632938331 0.319807804228163 0.0176758425199143 0.498126502358421 0.397473662957226
LYZ 0.361582159236576 0.206843392697593 0.361420576828336 0.208220905754126 0.497832293651061 0.489985513598414
ICOS 0.129064209766279 0.0678138441262706 0.129087430214602 0.0674133930349781 0.500535662846762 0.50708764362381
CCND1 3.65042498094969 0.411834407349386 3.63677832766842 0.416350463834844 0.434706405054731 0.375963056605138
ZNF571 0.293063683833144 0.0246003603240284 0.293122016694429 0.0242165220689921 0.503784698937199 0.524594707279145
PABPC1 2.29241350139364 0.483060883040979 2.2741194173145 0.491265520959171 0.353572140889255 0.17297572222824
IFITM3 0.349180016648464 0.103824123092936 0.34887930729898 0.105410886961313 0.488671097122596 0.398840244535342
CCNE1 0.250981203138433 0.0493051307902232 0.2510450613948 0.0487972496419741 0.501295198640049 0.514946634074885
CCNE2 0.206742178344933 0.108027575098172 0.206758222383108 0.107838967082679 0.500699176673969 0.503378172455639
IGF1R 0.609767408456081 0.163346717397299 0.609832701453751 0.163202092147093 0.502087828618335 0.505155346480905
IGFBP5 1.12033086680104 0.0522959790292442 1.11526594497054 0.0607947586327852 0.485158632489296 0.276984709447892
