target intercept intra juxta.25 para.150 p.intercept p.intra p.juxta.25 p.para.150
IL15RA 0.00883410509771092 0.05944390114827 -0.00724745261899042 -0.019361076322175 2.93085220701982e-05 0.0835999910126757 0.844512015266433 0.558113175208187
CR1 0.00428077899722661 -0.0177748821942191 -0.0156970756156461 -0.00654118434407832 0.002301170064204 0.681708252606293 0.732539891976149 0.85805166809347
CD69 0.00518446416164331 -0.0189575937026935 0.175331185035376 0.0382865660731857 0.00278465233671081 0.622997908185269 0.000148966334918697 0.24681566722389
TNFRSF10B 0.00831255915845694 0.0447768803279061 0.0546398678469942 0.00353129804031195 8.31084695282237e-05 0.208068715173708 0.253557922861379 0.912662910632041
FZD3 0.0109625021735472 -0.0285295408162977 -0.0410026160210767 0.0529667189706622 1.17785546374999e-06 0.494316001997604 0.285328229579707 0.0887761273933571
EPHB2 0.012898110171717 -0.0189030955136341 -0.031189073962668 -0.0135697560586048 1.41598303435093e-07 0.6007452336196 0.443378769161341 0.674539058623787
PLXNA4 0.0104551352521994 -0.0246847497865812 -0.0761554819731531 0.197940104038312 1.23594395238882e-05 0.597701751401134 0.073935912366602 2.88858232442407e-12
CRLF1 0.00920039734845542 -0.0164755569729555 -0.0317345606070659 0.0363977779027672 7.92656345716671e-06 0.640360993691359 0.490826734765965 0.252536307222418
NRXN2 0.0318580316117995 -0.0408577107029887 0.0491707725180135 -0.0111853245376366 5.19583242093071e-14 0.286310678834271 0.207400042510118 0.664981674420507
GRIN2B 0.00742589781671758 -0.00588974377256747 -0.00935936817410291 -0.0113127499854056 0.000102856086746841 0.841939861404167 0.82913746076127 0.739996573443762
ITGA4 0.028266272724813 -0.0255902894063216 0.0309229144948067 0.0016545781748821 6.9533183259765e-13 0.53624090902084 0.446053643532547 0.94980736038244
CD72 0.0065044724735035 -0.0171071094249521 -0.0180308473045621 -0.0117848843607622 0.000135626753482435 0.647048998431412 0.633725288289973 0.760044205152707
LTB4R 0.0331594234515246 -0.0551199380633137 0.0548318864357864 0.00133637779724491 1.62024887882583e-14 0.178004679922876 0.159727371511842 0.961227826503333
PTPRS 0.0355084401948431 -0.0269102136746683 -0.061957708276188 -0.0372793669130864 3.42440483937373e-17 0.414946199965965 0.134567595625256 0.218066449987446
KREMEN2 0.0131042452461859 -0.0371129798789578 -0.0270145316233832 0.03217001159657 1.51572832954015e-07 0.380301765963963 0.517347163846491 0.321376088800598
BOC 0.0594189051352966 0.0421107135939679 0.0187246240781276 -0.0215581943537142 3.07566176742524e-21 0.206998717584391 0.609366922960943 0.429362150982203
ACKR3 0.026723636441249 -0.00290072799805878 -0.00876177558489912 -0.0133144179062826 6.9308189513637e-13 0.936874035135396 0.808293002133789 0.635117469270093
TNFRSF11A 0.00608271399953636 -0.0143821679267107 0.0209186833498628 -0.0177933519186058 0.000245874166657946 0.673476202650896 0.61755388434197 0.59736940542511
IL17RA 0.0206358474034273 -0.0407375900686808 0.0999361575430201 -0.0211379993995756 9.0996736908531e-10 0.34007264272827 0.00632403252330827 0.485545318545227
FZD4 0.00941949258330916 -0.0282591458937171 -0.00935287550759784 -0.0159827241641623 6.27229446949099e-06 0.480178517112381 0.822526007991514 0.611350121699774
SDC4 0.0409753190080533 0.00265513054580296 -0.0366965434332053 0.00821289324975901 2.22470014461934e-18 0.942182109545919 0.334506115289201 0.763929115686534
CSF1R 0.0150018218544474 -0.0264156829892366 -0.00301158750117645 0.0525129582471272 4.4457013945349e-08 0.406755169285643 0.941334711927878 0.0941331231410629
ITGA5 0.00886829829151678 -0.0145983917094634 0.0486290315939603 0.0249945548994722 2.84289002033259e-05 0.704500571980847 0.285655082697048 0.344055094305178
GRIN2D 0.00562243604447918 -0.0318289228156991 -0.0196102992951223 -0.00782178236596797 0.00041341820641922 0.573828496547212 0.646388564243974 0.797256123049315
SELE 0.00460445854895004 -0.0131568966086403 -0.0344672247597479 0.0403988840845916 0.00185698895442305 0.729121575377404 0.476675446070749 0.178055922876022
C3AR1 0.0128310754474283 -0.00753788771491839 0.00973080910944357 -0.0249363490541829 1.6897787101737e-07 0.801984871498855 0.818582270482468 0.404651731261302
EPHB3 0.0201206037006303 -0.0196277742009458 -0.0602132707997999 0.0392522235445872 1.24827707494175e-10 0.492502740230392 0.139797048554131 0.164332994388757
LAIR1 0.0227309106314172 -0.0141609415175112 -0.00802114217837927 -0.0152074055095469 9.71391406598478e-12 0.704168949767718 0.837895527839088 0.567546731747537
IL17RC 0.0100224399402627 -0.0378443475880929 0.00672547016471125 -0.0219816454001367 2.79565097925123e-06 0.399751270404176 0.878285754400097 0.502147332253444
NRXN3 0.0278168499614202 -0.0542706111357723 0.00400659243293796 -0.00115087458521129 1.81259243184796e-13 0.118137422255059 0.916931206244449 0.968500948660893
TNFRSF12A 0.0335812683600641 -0.0797995937297006 -0.0110850161758166 -0.00102656014844929 5.09421022191827e-16 0.0579742342204132 0.778647105504766 0.970136217140547
PLXNB1 0.0933254680910835 -0.028402287075402 -0.0157605495481383 0.0144183526220702 2.56947780533149e-31 0.399764676716057 0.663717547999468 0.586935841250876
IL17RD 0.00389497997208648 0.0475809338715456 -0.0164130654624206 -0.00676927996132878 0.00394977578903523 0.258040601883269 0.722738007756844 0.846931469848965
ACVR1 0.0328043329887905 -0.00269278854433262 0.000396378551226628 0.0121864628806641 1.77616787613959e-14 0.945232002552319 0.99199821125256 0.651165748612944
GRM5 0.0072666254000802 -0.0116382100236675 0.0304060717473625 -0.0200290215518176 0.000103891172573795 0.785554610275 0.468779976647999 0.542820899282952
PTPRT 0.097821746266519 0.0394059026112837 -0.0279451740781403 0.133167643007865 8.77412964218513e-25 0.235136837789419 0.463740569167408 4.32868658405777e-08
FZD6 0.0289569164491573 0.0727329251199861 0.0200447172351916 0.128505926927352 9.11169577707967e-11 0.0406477464295928 0.601513581827338 1.32552532788252e-06
LTBR 0.0809790691387757 0.0131801714657886 0.00389613213814456 0.0411720733474715 1.91577012550273e-25 0.732239220591488 0.910211219200576 0.0917058600707364
CSF2RA 0.0237184402068036 -0.00784841585199615 -0.019162776010738 0.0937475120367412 6.08152140902001e-11 0.802325936652125 0.647841021199316 0.000903717455804531
C5AR1 0.0161418911223843 0.029566965446386 -0.0618813313850416 -0.013273542391627 3.20622462715154e-09 0.411442682806189 0.174828511646432 0.660127532999574
ITGA6 0.0290227197175896 -0.0544971259361932 0.0383032195148447 -0.0341616510759835 7.36209822898359e-14 0.158079716611061 0.317434188006544 0.221437240740576
TNFRSF13B 0.00230920529488284 -0.0122672835871877 0.52246978504058 0.0265180554916391 0.132514263588581 0.755072016466592 5.32048390331301e-28 0.400089662701954
SIGIRR 0.0475585719063277 0.00601162086749083 0.0604002977240225 0.0551493593173398 1.53359511104045e-16 0.86194458676905 0.0822145985716486 0.0344224381044175
NT5E 0.0204888876605571 -0.00459931623732571 -0.0129926565561913 0.0149784638748553 4.29638773945745e-10 0.918078952424232 0.723578757283419 0.59121591122882
LTK 0.00502689085094611 -0.0150046251549288 -0.0373664087005419 0.0452891834550512 0.00101775582326609 0.702058569829589 0.452519773028448 0.22488893883741
IL18R1 0.016127404978323 0.0299906191035576 -0.00566709559039594 0.129540115311127 3.52518478583209e-07 0.51952581683226 0.891795924671426 1.41503389003533e-06
GRM7 0.0131126352065052 -0.00585848921119743 -0.0201759945769781 0.0536825535560246 3.02392105586837e-07 0.886509413720143 0.627799087006498 0.0631865691782523
PTPRU 0.0155594335178865 -0.00920794148724531 -0.0117523617419558 0.0211740068833797 2.94427997992155e-08 0.814192164729509 0.78457570192858 0.500181867873837
CD74 0.352956618322059 0.0808512856535276 0.0395018748488988 0.183764012185841 1.91891611357479e-33 0.00564106468385103 0.247698341988326 1.28878188408036e-17
CSF2RB 0.0062309892317915 -0.0220662005091491 -0.0748586260865398 0.135293804657748 0.000301029701745255 0.588687050973018 0.0911629064615693 1.76503533126543e-06
FZD7 0.0192811072858989 0.0735464425290462 0.0189588483480363 -0.000164566966501089 6.21603235735553e-09 0.0143090608476145 0.630480852334525 0.99560512970821
LAMP1 0.0980728800753397 -0.00212298703939155 0.0274852639535922 0.0457842717871081 2.39469615251049e-28 0.948127613326852 0.440060307304239 0.0657820730159644
ACVR1B 0.0127060567825635 0.00348497619334164 0.0293038403523937 0.0390263299495747 9.35597325171676e-07 0.907355682218493 0.479513015660555 0.199454362830878
EPHB4 0.0918260306659539 0.00955136125668988 -0.00486307993278672 -0.012439978269284 8.1100001712758e-30 0.789348477130811 0.892081162054743 0.623157377071853
CALCRL 0.0182715208908318 0.085428824084988 0.0550292102104381 0.00577431412974269 5.39064740193522e-08 0.021442926794227 0.148686734454027 0.834435840886025
SIRPA 0.0147188895983421 -0.015249141450166 -0.0237954047113513 0.0074814828296385 2.93910179090578e-08 0.646292554260005 0.56846090791421 0.798987697410799
ITGA7 0.031753408457085 -0.0129218118501878 -0.0286232984887205 -0.00954202568404996 3.20339744835705e-15 0.703716559633202 0.441624478892113 0.706747133394494
LDLR 0.00870314720295274 -0.0320783233076043 -0.0428983532520696 0.0187226230936308 1.06983449906636e-05 0.488059444043004 0.341558878465346 0.566441515413483
EPHB6 0.00587963682748233 0.0146897149298956 0.0183278347200955 -0.0157293303307153 0.000361772691765266 0.716622492788225 0.699444127453434 0.62047491635223
CSPG4 0.0132758908449751 0.00111999845760312 -0.0291544311445406 0.00762253068829817 1.51888122005195e-07 0.973538226315906 0.491947134623364 0.80450152174811
CD79A 0.00741783933250561 -0.0104418577029948 -0.0121747335596993 -0.0110548583056837 5.31825713174105e-05 0.679928025844294 0.751184923671889 0.71849190173714
GRM8 0.00491269361008083 -0.0174598270455294 -0.00474852002758631 -0.0104665977759171 0.000881270606865292 0.70292097467037 0.906491504676923 0.767651124195035
TNFRSF14 0.0379328734194335 0.084805672710795 -0.0286239284844487 -0.0111117017556119 1.79135302886735e-15 0.0618460572568759 0.434597328497967 0.682824904848506
IL1RAP 0.00868090226214771 0.109706121955437 -0.0299817683231927 -0.0132927380806986 5.74998537549505e-05 0.00470049922337393 0.506509540096847 0.685601426376909
PLXNB2 0.116976778891645 -0.0189839646477499 -0.0412780192047665 0.051902492844078 5.32023547606871e-35 0.577836760465947 0.241245306203979 0.0330036344422504
PVR 0.0196588556338737 -0.0349436963130324 -0.0354032461046658 -0.0205826011010395 8.0846605396507e-11 0.386420471533075 0.375779246221769 0.502386550241513
LY75 0.0100563179415627 0.0341716175386284 -0.0289491396917381 -0.010573115416678 3.55221484271025e-06 0.358568968117144 0.44919469767963 0.748777523411733
FZD8 0.0162818931681257 0.0243224150321698 -0.0375631119485594 -0.00337297494679598 7.71731204090185e-09 0.474946904140354 0.357885470741359 0.90824844976978
SMO 0.018692833064681 0.0129180836375595 -0.0596215962692133 0.0217381036238097 8.28141022175177e-10 0.73762562036704 0.163931259303883 0.466611461736743
CAV1 0.0196311048524262 -0.0130797946025148 -0.0779176471944562 0.0743676468068979 7.19477955590313e-10 0.772982682184603 0.0501211825744011 0.0142985211796055
CTLA4 0.0067344008274765 -0.0279989839668878 -0.0197158735485359 -0.0127109127551925 7.33233692782937e-05 0.550692174132737 0.619034013909434 0.710536615452126
NTRK2 0.0576917061213646 -0.0356203919895169 -0.0066494583288996 -0.0242710832928572 1.95308702981642e-23 0.322261995268557 0.859063513220131 0.369620674305668
CCR2 0.00491729127568654 -0.0159610852686125 -0.0220349303377728 -0.00817167173229454 0.000737453664557111 0.684924055203949 0.63903429641805 0.816225212735252
IL1RAPL1 0.0124545693071912 -0.00375894192121825 -0.0410574165341274 -0.0139663509597488 2.35968671883936e-07 0.913788289599173 0.333725816677042 0.643312424955072
HAVCR2 0.0172628933356841 0.00903735515291551 -0.0643882636511135 0.148190289833821 3.59827751182153e-08 0.76804011015352 0.0829769712109214 1.30279019253619e-07
TNFRSF17 0.00629583546606732 -0.0251835532383665 -0.0259342565298135 0.0012712435505144 0.000152519243571051 0.595327376536597 0.573092408236223 0.968897167918427
ITGA8 0.0386530187894105 -0.0210987632423709 0.0872877968307193 0.0500996782862535 6.94582138992204e-14 0.593344912928905 0.0249092090280129 0.052083883557654
ACVR2A 0.0484879012041266 -0.0475187922004643 0.0363145737490199 -0.00485141282365 3.15557291583049e-19 0.242266516902078 0.340834986713681 0.855780806141733
LGR4 0.0532117700948693 0.0336462343045878 -0.0263941389423076 0.0210796006263633 5.9758662534397e-20 0.315028319124579 0.483992932964877 0.414135411278608
ERBB2 0.053144475253717 0.0865428396089717 0.0427829385596247 0.00343286801619754 7.47818080981333e-18 0.0257516564690166 0.240280593218329 0.899084521569765
NTRK3 0.00519163786269465 0.244137485899076 -0.0264541817488307 -0.0106823263069579 0.00290376791817391 2.30796435766424e-11 0.572214768879574 0.739214959584953
LY96 0.0233436831018412 -0.0365956383135201 -0.080274059589391 -0.000834281247852335 1.55832425941965e-12 0.363314221784129 0.0512032491616494 0.974979607070287
RAMP1 0.0181879321608484 0.122202237512639 -0.0271964112122184 -0.00931265414737585 9.3233034878705e-09 0.00120231388314771 0.503873600309561 0.775218279803004
SORCS2 0.0242420393786329 0.0091333196493032 -0.0322402780015584 0.0240413938058816 1.30529139756781e-11 0.78787589409 0.424067190407465 0.401826339250121
HCAR1 0.007328555793247 0.0545434782091365 -0.0254793558524422 -0.00914094960576039 7.80919749757098e-05 0.208285140243634 0.547364372678877 0.777266812191881
GABBR1 0.032544760482599 0.0446235368886699 0.0373715622426513 0.00473148614653519 4.4369511092242e-13 0.259859476230892 0.33712632476608 0.878177803363177
CXCR4 0.028896863246209 -0.013762906216278 0.0226310993054767 0.0307751565061158 3.8266393203329e-13 0.704469335092677 0.517428681516964 0.251988736266204
IL1RAPL2 0.0255958380479118 -0.0376953887170546 0.0870924122258002 0.0106293184506744 1.70866427517799e-11 0.334891427479815 0.01280521848717 0.703719001456829
CCR5 0.0154956719568758 -0.0100157629423931 -0.045222578127686 0.0525757360845361 2.76492267092103e-08 0.798968123314616 0.333375919887936 0.0604702263507376
ACVR2B 0.00548663577777304 -0.0146064841185988 0.0656924650441701 -0.0185400344868601 0.000838063810063104 0.717389495223645 0.203440510011224 0.566162418494976
CD81 0.152832800947984 0.00935712461739036 0.040772188753027 0.0118938062263815 7.57528552521266e-37 0.769108466857343 0.240749455079459 0.612502464050145
PLXNC1 0.0701172942918771 -0.0273415678156358 -0.0698461031110895 -0.00122345065115989 4.26753607832877e-28 0.399960947053087 0.0671457622942119 0.963069018878263
LIFR 0.0231122776650974 -0.039966704647045 -0.0112805549831085 0.00152646710220336 9.16039509985172e-12 0.304930012710357 0.755034214658858 0.958395280383834
RAMP2 0.00759076815052312 -0.0263936478780109 -0.0134556285316099 -0.0158381847158891 3.18642542807228e-05 0.529842370079517 0.778902786280768 0.652616360647608
ITGA9 0.0311758999561907 0.0138237199540035 0.152700017922721 -0.0170934876640049 2.74762184141061e-11 0.718231870674086 0.000203366350001612 0.515507733447861
TNFRSF19 0.023696007691493 -0.0180170467239951 -0.00575746593147257 -0.0177086442116127 8.36264922609382e-12 0.605728915372271 0.89108353271874 0.541558137910489
HFE 0.0101909904008138 -0.00756054378188462 -0.00892811414987413 -0.0203474712412995 2.9231945816684e-06 0.8281223738179 0.815996336545281 0.533912742630476
CXCR6 0.00783504190990817 -0.0232013057076481 -0.0331251037305894 0.0131317918465071 3.20290979829296e-05 0.550149760997021 0.444262473258324 0.672531490260042
GABBR2 0.0112544709758653 -0.0166835024905232 -0.0348845639322023 0.00560356652307535 8.47106927772977e-07 0.558216534189836 0.404674126381479 0.826231818732678
ERBB3 0.0560764463141493 0.013158200816025 -0.0565705633553383 0.0249648749093794 3.48895647751873e-22 0.708998804928954 0.134036928741533 0.345990360809204
SORT1 0.031386306710688 -0.0699610265362334 0.00520680895600218 0.034499287562344 1.30281955798086e-14 0.0797458585210859 0.893523889454524 0.210968188117686
IL1RL2 0.00823714560485777 -0.0282130339059906 -0.00391311403778538 -0.0158535045838491 1.93872624388291e-05 0.544500582251532 0.920141496616464 0.608202906490196
LILRB4 0.0124548128356072 0.0140793300830922 -0.00193329009195024 -0.0244807814888819 3.18595144309002e-07 0.719897947524079 0.958149878434221 0.432377410541213
OGFR 0.0636205684104943 0.0798897908789932 0.0464819498877551 -0.0156662659087964 7.56209451272452e-21 0.0154494068004675 0.207181079008515 0.537811295342112
RAMP3 0.00602492736190702 -0.00957933304793088 -0.00143680808609465 -0.0130210329074577 0.000333215823958734 0.743987041449006 0.974408485362541 0.701310249121967
ACVRL1 0.0293801884440471 -0.0487575110644478 0.00551488101657013 -0.0387800637635127 1.1439773631734e-14 0.193549836848139 0.886583787007827 0.163314821555194
GAS1 0.0171532194330446 0.0180910182932691 -0.0179410687954536 0.0301378032853299 1.39628207560478e-08 0.629661724922671 0.642860642181873 0.284635506838777
SPN 0.0112890522756527 0.0890074861244978 -0.0373888788371982 -0.0148367197874724 2.5987601070102e-06 0.00550222477026526 0.416540835761472 0.659035135470675
ITGAE 0.0327073125418413 0.0160666463526367 0.107947071251544 -0.0371366079929119 2.07742141291371e-13 0.656842619467563 0.00417841283683222 0.18528740608943
HMMR 0.0291545621158516 -0.00933659390220826 -0.0387283529443384 0.0206470921727667 2.68383332519123e-14 0.79911361109485 0.286520868960934 0.428512706410984
LINGO1 0.00551632892462774 -0.0121225240696943 -0.017144460519431 -0.00873940828679204 0.000439225809442397 0.710907235307033 0.685032925285591 0.790971646364666
IL20RB 0.00738135965356178 0.0188777745134035 0.00110810910119231 -0.0165155365235507 8.1995095177158e-05 0.691411057992576 0.977977970079238 0.61481294379144
TNFRSF1B 0.0174165916014744 0.0182626918524639 0.067278823683579 -0.00291636687078655 1.23300716182677e-08 0.670405110521752 0.0606310027742509 0.920069447083082
RELT 0.0104856609223066 -0.0238399201666854 -0.0186050905059771 0.0279981164928513 2.20311240985695e-06 0.495093693369651 0.645544535103065 0.393861816327511
PLXND1 0.0639401246668562 0.175463522952646 -0.0428924944938508 -0.0142963651239713 3.78271193419732e-21 1.48492735828e-07 0.227118414677499 0.588343862053439
CYSLTR1 0.0100866306997024 -0.017815271523184 -0.0165500255022367 0.0279653372762251 3.90545825348218e-06 0.639563137597952 0.712234695145994 0.336286472707466
MAGED1 0.217005298966105 0.0621222604308238 0.0478199592469855 0.0476053885084522 4.34418706895864e-37 0.0511841936858726 0.161266191481431 0.0371850173098897
CD151 0.0663300900321195 0.0982469004905158 -0.0919571697266589 0.0602516355213669 2.94489167201917e-22 0.00645647274359286 0.0155756147253458 0.0153437155728887
OPN3 0.0168499026584711 -0.0269723124689682 0.0650200674207147 -0.0138080699838701 1.11923298179512e-08 0.479035050924906 0.118725110391058 0.635396042645446
GFRA1 0.0103221979948432 -0.0299801766329777 0.0650955010281851 -0.0254093906015053 5.94305747016352e-06 0.512306178330382 0.113001860299038 0.411015080404744
IL21R 0.00681676141048743 0.00750233764172835 -0.0171848362160947 0.0612861147633304 0.000232803482885782 0.865089274273245 0.695267793143326 0.0329894438673123
RHBDL2 0.00817391414635679 0.0234883551164782 -0.0132701926992278 -0.0135667613422801 2.6373765932081e-05 0.576309937603482 0.784857262778065 0.63467699806276
HRH1 0.0110740232265258 -0.0297139549627004 -0.0399453720309921 -0.00904229009346677 8.5989501943956e-07 0.483099774492586 0.35233981450169 0.792049935964021
ITGAL 0.0184366228553776 -0.0306741476063279 -0.0362908887496793 0.0283003010601532 8.136018136104e-10 0.441624479643258 0.348107333391027 0.301189690936726
CD9 0.279018465611406 0.104461091043155 0.00937464330148111 0.102300091834366 9.51222142061818e-36 0.000814635109316335 0.785375476968569 7.95585049772607e-06
ERBB4 0.0497369643429506 0.296732794078028 0.112605630249819 0.391358367573859 0.00587035880993987 1.62967677221262e-23 0.000620681214237716 8.49372594672201e-89
IL2RA 0.00463824292692266 -0.0155566690161111 0.0558429565843576 -0.0221023380447378 0.00178408882634114 0.710621992586695 0.219879897241689 0.561649192289171
GIPR 0.00643952050826625 0.0201637213234231 -0.0239957790920991 -0.01051165864672 0.000130770645150645 0.659272509133588 0.569241309646854 0.774263183325487
ADIPOR1 0.0450010195972264 0.0541334896296052 -0.0408605719202845 -0.0371677175178773 3.65669770738687e-19 0.131440498952429 0.278770120399272 0.182311428266231
LMBR1L 0.0386684163775501 0.0688553800463361 -0.0340148240697995 0.0399794016366999 1.40171672374082e-15 0.0299491923453946 0.360108133181066 0.132414914428184
PROCR 0.023746427427273 -0.00107672058946387 0.0603784213553146 -0.0210189002832642 6.86722556239779e-11 0.973920151515598 0.119737807300364 0.463677008872331
MC1R 0.00754566226597893 -0.0141258995706304 -0.00271426369751938 -0.0159120426751281 3.84471763933838e-05 0.66047413784161 0.946505446958049 0.612088232806698
TNFRSF21 0.0119991174194066 0.0314569425526613 0.0192956188526837 0.00357044339467317 1.22815366953822e-06 0.380787116090892 0.652830630459867 0.902276319658329
IL2RB 0.00387596150994776 -0.00960703837039686 0.0674249365929142 -0.0156616778250232 0.00443437909232299 0.766536445651878 0.150801397253069 0.558713046906501
ST14 0.0559506902181738 -0.0679282749764469 -0.0158314878496946 0.0134196529944465 9.49539984424353e-23 0.0733919465211414 0.695791041900289 0.634472483752235
DCBLD2 0.0412796864478389 -0.0337086883254783 0.0304977198292384 0.0274974724454968 5.17257815594108e-17 0.321158985529138 0.412281386717548 0.309129671523526
CD2 0.0236468766262502 -0.0356293714618728 0.0586038648681801 0.0487149656108836 2.16715891342069e-10 0.302503699840761 0.125669855706683 0.0878250781846833
HTR2B 0.0107538986365631 -0.0259993533949816 0.011397903153836 0.054476987990474 4.32863648597011e-06 0.501864263364636 0.780429421958416 0.0906757641013965
IL2RG 0.00442159925979161 -0.0101396905687944 0.0153475954912433 -0.0110252132959274 0.00192531708534736 0.765175644352856 0.727850246325652 0.725805479603572
ITGAM 0.0205192442045166 -0.0295236068689439 -0.0130783519292669 -0.0267967710081554 4.0454745003737e-11 0.396310107518315 0.746609663238329 0.354361334339834
GPR135 0.0120758685735622 -0.0442123642990043 -0.020144706530818 -0.0147108715791549 2.39548789748513e-07 0.410841771041721 0.600555700610886 0.608495347040459
OSMR 0.0326607356865106 -0.0307045849488231 -0.00623912083632211 -0.0540826328782715 6.88184014008562e-16 0.35165123406085 0.876530912667238 0.083360160538525
CD93 0.0161024876342653 -0.022114633194869 0.0427789969475995 0.0786609937630456 1.28496895093343e-07 0.6164500388773 0.311539946095055 0.0123332955506606
PTAFR 0.0038919217104652 0.0746041460743024 0.0368007055921463 0.00113751369591881 0.00591456969535651 0.0698117034016795 0.390085191678223 0.97265871618833
CD226 0.0054752517053706 0.0184853079264081 0.0219582850991174 -0.0146903451378788 0.000691576168342913 0.61938198064984 0.683350332267111 0.640446601752095
TNFRSF4 0.0140375226503734 0.103669002711005 -0.064113457507517 0.0354632041109935 2.12232933827169e-07 0.0401085690935813 0.119027122377834 0.213812275181611
ROBO1 0.0642499912288059 0.0743452028039214 0.0787531925865652 -0.0230098333250944 1.22968678968761e-20 0.0212444737812771 0.0190951718374593 0.394051450844368
ESR1 0.0462995124007034 -0.0835959444676432 -0.010102513037244 -0.00772008218010369 8.52579596811136e-21 0.0222544083057467 0.802819786158847 0.772033507720491
MCAM 0.0273971349098677 -0.0544703121500753 -0.0278693118625483 0.0206162919618861 1.94328907851587e-13 0.152061730356443 0.453171171974286 0.418083162436883
ADIPOR2 0.0447636027153943 0.0178369203415847 0.0250584410297379 0.021903660022344 5.68962693232558e-17 0.635891112092162 0.508097850450344 0.417215441070908
DCC 0.0138893473548578 -0.0381277507227654 -0.0180372688721597 -0.00795517558985304 7.06894427169747e-08 0.339416297702609 0.679759293642581 0.810504267635051
P2RX7 0.00652532439399684 -0.0143099891734612 -0.0157609903044867 0.0284508538908391 0.00018290356046974 0.644728287743598 0.753504387426582 0.408574518944779
IL3RA 0.00803547477902327 -0.0114128997035835 -0.0146328106815554 -0.0138531694619138 2.48332556999277e-05 0.808639099883225 0.73982256833607 0.647405413077977
HTR2C 0.00423504329011266 -0.000694862631059227 0.00339165378200498 -0.00876003055699169 0.003270334427343 0.990425144125861 0.941309603131086 0.786551742911606
GPR153 0.00729675391685397 0.0830144583417498 -0.0286683843979801 0.000695477042445685 0.000146673204995266 0.00942233584200656 0.486411422013469 0.981754617960959
P2RY10 0.00414278846395531 -0.00993098428657265 0.0189164869428935 -0.00950725034039478 0.00330393652859681 0.772845690134286 0.646966120504117 0.7654690770861
PTCH1 0.0235697609602937 -0.0337431281974262 0.0007071050017668 0.0106976997099594 1.42455193972261e-11 0.384221186437654 0.9853888952124 0.730992982157315
LPAR1 0.0608393186897727 0.00398979937488097 0.00893476749248186 -0.017985012754861 5.4254241807753e-23 0.898046811234323 0.806150040963651 0.493294660570202
CD96 0.0302329006891484 -0.0169816577642202 -0.0487194688446316 0.0260889447187624 2.56143557661483e-14 0.653664914612139 0.201803965511955 0.365770369541614
TNFRSF8 0.00931563253227405 -0.0299899048704967 0.0123152728997886 -0.0224651626187796 8.50908417782248e-06 0.451859592956113 0.785493111647251 0.502919875426223
GPR161 0.00575261617137722 0.00158142434721332 -0.0251041604101885 -0.00975483472209714 0.000496486663173053 0.957868812509479 0.59600477675698 0.784612628574494
CD247 0.0213084196532561 -0.00408764763120782 0.115305034142119 0.0473260595107331 5.97863440140885e-09 0.912687945355315 0.000943734636979188 0.0910053592159264
ADORA3 0.015460403317136 0.0336477740943154 0.0317415914806629 0.0256616987597288 1.20712168244952e-07 0.352012229320601 0.443019868223411 0.383914375370431
MERTK 0.0140268627708269 0.0280381491487125 -0.0209222310448706 -0.0218288226841582 7.71490460502974e-08 0.451824697243082 0.593491774617633 0.479944784385407
STAB1 0.0657866254963634 0.0485978437241758 0.0377277775832084 0.00377049643911628 1.45287142470625e-21 0.151010283799089 0.2816867753602 0.884460137433431
F2R 0.059300991124991 -0.0122906118213483 -0.0578751790917034 0.00641993905227394 4.00726852609198e-24 0.74148183337258 0.110029801929239 0.794558843222239
ROBO2 0.036154842267392 0.137024631229274 0.146344342209919 0.33634186148536 7.49172340783448e-06 5.85215161988792e-06 1.52409108014367e-05 4.05463509357535e-55
ICAM3 0.015671014318887 -0.0113652059583766 -0.0560297982259794 -0.0178289668334786 5.92608104200066e-09 0.803034281544065 0.203899378034574 0.550992871775237
CDH5 0.00440888575325389 -0.00789831451836528 0.16015051164109 -0.031095050876503 0.00423485230646111 0.793440547481926 0.00215081953162143 0.358226337238019
PTCH2 0.0104338440922997 -0.0265157617786177 -0.00586758666295583 -0.0204178748203641 1.57347602986638e-06 0.51450245775672 0.894458298076065 0.539144556409366
MET 0.00409865985509392 -0.0157892075535567 -0.00913683132454451 -0.00923667333561183 0.00246645415938395 0.725987690657482 0.844470996626885 0.818206700007009
IL4R 0.0514956322689257 -0.0199003914307705 -0.0170869608432089 -0.0228083412020966 3.08635411141926e-22 0.547010135249601 0.64051028993063 0.385691723608044
F2RL1 0.00463566827644104 0.00223343786434993 0.0384393023478778 0.0264394576591649 0.00249816127793785 0.945506625286259 0.411756736877117 0.383262463354094
GPR162 0.0111943840880137 0.0110914219691646 0.0447775892633779 0.0615419575853588 7.94229237162596e-06 0.795803427336993 0.310538667300429 0.0480472806972882
P2RY11 0.0313578224260196 -0.00861620870326405 -0.0311254438339758 -0.00206293636390172 1.58669899344817e-14 0.814670838553736 0.442914257766288 0.942715655231896
ITGAV 0.142197194770762 -0.0170933388253487 -0.0457993764806387 0.0221640377881395 4.39950427262437e-41 0.591036948612066 0.174635111852387 0.345566226057661
ADRA2C 0.00427889209557133 -0.00546522351702062 0.0106165336708455 0.00373952370622615 0.00343893982314326 0.876561319307093 0.792373197274474 0.915914858211539
CD248 0.0166110627880531 -0.0335427985903744 0.0183865631791348 0.0185828745535568 1.29080000647289e-08 0.351129492428294 0.660990119535514 0.547244963463083
TRAF2 0.0291422530255909 0.00156039056933019 0.117150041471339 -0.0526851749370168 2.52173035721716e-12 0.965378453560647 0.00491182664908477 0.0736040184857242
GPR173 0.00629777051133552 -0.0119435843593617 0.00868685743705816 -0.0140877468835132 0.000249953491949543 0.697265393174916 0.861795345669444 0.676305563712336
IL5RA 0.00497591440504672 -0.0127901257588477 -0.0174534213075797 -0.00651878301508591 0.000795611047351646 0.72240841663742 0.69217997901605 0.851935543097702
DDR2 0.0704165112155848 -0.0177208242965548 -0.0206299241221534 -0.00643947652554823 7.881575651248e-27 0.609600434840542 0.559165724690145 0.801801625961983
STRA6 0.00759600693614063 -0.0108708476711373 0.0959838009515542 0.0342901084601882 0.000184524220896624 0.791550830300058 0.0279156958785051 0.213240068515953
LPAR2 0.021756440918672 0.051874455973217 0.175425759140164 -0.0483516105829678 1.00411862022147e-08 0.161254787454392 1.24024260254022e-05 0.0611793076109745
P2RY12 0.00416181991447443 -0.016369804712799 0.00226368701796668 -0.00786179487282242 0.00269454157422118 0.705846999719786 0.95275789910081 0.784762138449932
ROBO3 0.0174147314850123 -0.0347145630690566 0.0149386139960863 -0.00866175697672203 1.93506034789032e-09 0.353390038814915 0.709301396763399 0.779318337486432
FCGR2A 0.00647078380426748 -0.00968901492819486 -0.0207059284538388 -0.0101443054949282 0.000154918868702421 0.727161445782816 0.626325150843833 0.786813580940814
PTGER3 0.0143909139484546 0.0335679262855585 -0.00124462611678511 9.61604564235262e-05 1.17995312594637e-07 0.250516025683056 0.97672921017705 0.997409213883561
ADRB2 0.00676076271622985 -0.0112826630787045 0.0968798843933521 -0.0355528024836688 0.000230438280937494 0.77011699116345 0.0133126388650974 0.27876105843081
ITGAX 0.0159029589676488 -0.00505114090133049 -0.0064686550761453 -0.0200927631585241 6.56921325577715e-09 0.872392155821587 0.864680255122041 0.498066009692867
CDON 0.0238939791184154 -0.0350727463079954 0.0313426636806107 -0.024907727333115 1.02573468020242e-11 0.320647521925348 0.477356293978513 0.393193544276254
DRD4 0.00537273714981388 -0.00290330682281769 -0.0186603859613661 -0.0151455648342521 0.0005243811641277 0.956903551989449 0.657974312895559 0.744748819684203
MRC2 0.0560195655249888 -0.0477424656422137 0.0462509696539482 -0.00909447271952515 7.24402427322561e-22 0.183523754210721 0.181771357703059 0.725092702916393
P2RY2 0.00518377285002992 -0.0194385912078721 -0.0239376040960634 -0.00813687322378283 0.000680247019484542 0.643066193058988 0.609439807408093 0.814733526422859
CD27 0.00977556226871185 0.016855122285113 0.0818529104985455 -0.00727692378373277 2.39017733424799e-05 0.688097059747585 0.0467506681337282 0.805576017819999
GPR176 0.0141167208677116 -0.0187601214918834 -0.0206870621997911 -0.00907824794175439 5.38248767209336e-08 0.588844825281536 0.633081110014538 0.77081893898219
ALK 0.00840556344562771 -0.0227402321553786 -0.0124572795491774 -0.0166818083221781 1.8001724894277e-05 0.54781307197602 0.789708361155013 0.638895048191901
IFNAR1 0.099772772439675 0.089262410349539 0.00549016676312547 0.0428830092866683 6.60885804376141e-26 0.0119970534321831 0.880722286146457 0.0837624552077939
TREM2 0.0303632924946586 -0.0360417428522715 -0.0206198537842011 -0.0179571803528015 1.27824346240899e-14 0.37886140217342 0.611425822444737 0.531484189202442
ROR1 0.0135069498477736 -0.000184996939413742 -0.00364135278707054 -0.0260830821949005 1.99190723955715e-07 0.99706641439205 0.936216161192111 0.416695605452505
PTGER4 0.00556156706211368 -0.0186125210917468 -0.0132738327026747 -0.00983227278328043 0.000478780728795349 0.700952892121265 0.7345869997129 0.787808927854537
LPAR4 0.00603428172366375 0.0438028157204229 -0.00761198921297168 -0.0136016493621842 0.000578734505218882 0.193311392845351 0.874919625111279 0.727655038718327
MST1R 0.00652412500987268 -0.0110140240519915 -0.0279630607845968 -0.0114147501328674 7.7443510638363e-05 0.67848890437236 0.552016644358285 0.746296207434505
CD300LF 0.00582506354959699 -0.0059199114273195 0.0201639100670804 0.0047130555340242 0.000559447352045273 0.790464837209332 0.592037280616212 0.884850258265179
FCGR2B 0.0352195119347385 0.0173964613081002 -0.0175756672899461 0.0738762738827632 8.5780168029254e-14 0.668326801458025 0.652925994242957 0.00487000452648991
TACR1 0.0249592020875119 -0.0134428854311956 -0.0251367113680815 -0.0140107903226868 2.96499154738191e-12 0.753570656060388 0.51341662190686 0.632988743216228
TSHR 0.0068285420889613 -0.027929548303264 -0.0147916267388834 -0.00600909167168414 8.93923260032499e-05 0.524788771895242 0.74673796852901 0.852727213746755
LPAR5 0.00956279776930095 0.010680042125862 0.0153329742652482 0.00198690011696927 1.23533136854601e-05 0.759425953985619 0.724803089515232 0.948002930096735
GPR183 0.0085491662436938 -0.0122455311955537 0.0495059186748444 0.176356118065779 0.000154284803551021 0.680155226568226 0.200609655438429 1.83624389012092e-08
P2RY6 0.0201063153452869 -0.00321018034402393 -0.0217729328015795 0.0120872207140037 1.65398116543376e-10 0.91106967376668 0.575997828587742 0.663391726121593
DYSF 0.0112908347563384 -0.0421761302357438 -0.0199666164223982 -0.0167105563531092 5.78309839812918e-07 0.371576125345875 0.63449754491781 0.578959100493311
IL6ST 0.0872387604765453 0.019070632879853 -0.032755527628107 0.0636098984016448 5.95991921876274e-28 0.541648551927649 0.34810487948962 0.0108943501227505
ROR2 0.0372363334204572 -0.0212173747156645 0.0824439852402978 0.0796787831997328 1.60744811108605e-13 0.525086599110119 0.0346170312281252 0.00289878902321308
PTGIR 0.0192121494216318 0.0246164716840279 0.0181407793344154 -0.0453606400143689 9.32872835337948e-10 0.461051712720415 0.643869260005769 0.179333720019857
CELSR1 0.0378607269008912 -0.0194496681999354 0.0701237597196385 0.0287732464237217 5.64315868548286e-15 0.589152099694858 0.0488855489755968 0.276213248514401
GPR34 0.00376495562754176 -0.00707260706521182 -0.0268763605209794 0.112801594335269 0.0059936878043605 0.832003132484752 0.498886523531254 7.26440525409228e-05
NCSTN 0.0132815735665656 -0.0307530894486072 -0.0142981636249413 -0.0219104192262048 1.17045703916401e-07 0.521632711213265 0.716928326900518 0.491182597530767
ITGB1 0.15960546221152 0.0497627771723944 0.0508401105721762 0.0327301181754877 1.80157491687502e-33 0.138110396511105 0.122730307098931 0.158322310862251
ANTXR1 0.111010629974147 -0.036198780906563 -0.0215126310586276 0.0607047556979335 3.76792280817452e-33 0.275362193434678 0.524582820209726 0.0135649332073316
FCGRT 0.0471661588094474 -0.048412940886251 -0.0196090717526745 -0.0243716450306178 4.46101116952791e-21 0.168641459192794 0.616522905433564 0.356541013824015
IFNAR2 0.149637622303572 -0.040784408424661 -0.0733753975539621 0.0205823724131657 7.80737120271739e-44 0.246616659740779 0.0417993706922118 0.383459960455244
IL7R 0.0203107283892017 0.00808251016979165 0.0419940404661875 0.111191128808208 1.6478536088893e-08 0.808215718919193 0.292677314537154 4.93269646655642e-05
P2RY8 0.0300925656858478 -0.0356692593836793 0.0965415831979215 0.150409401960828 1.70916269883054e-10 0.305796721725527 0.0142714790639815 2.88229405115887e-08
PTH2R 0.00636841527493981 0.0799169366409723 -0.0242385848451731 -0.010063244343719 0.000330339641516124 0.022493926979872 0.564157236988327 0.75927894349902
TSPAN1 0.0867784143142202 0.0346374953458123 0.0513650234569605 0.176719924136742 1.11750107150047e-18 0.313128682371215 0.166495558232039 8.03779568830845e-14
CELSR2 0.00673791877216708 -0.0150460755149062 -0.0211536872936775 -0.00985786658029229 9.26416639485654e-05 0.726842619072566 0.612842543238452 0.752050417847226
EDNRA 0.0516468278699517 -0.00379854591873688 -0.0024236901809116 0.00431460878520552 2.59401987161113e-20 0.913118781532823 0.949349322391579 0.868776720162969
GPR39 0.0242338576414713 -0.00119855953012863 -0.0539997445365738 0.115821268808059 3.87849276801879e-11 0.970513614276963 0.16647528307527 0.000109691319391656
TGFBR1 0.0520978842090302 -0.00379767876534847 0.0933212884775371 0.0591028882492758 4.78746859145256e-17 0.90794567569508 0.00952933871190094 0.0196264899024022
FFAR2 0.00407670938135327 -0.00453938402947482 0.00895083982444419 -0.0104814433425911 0.00302666586720718 0.861727061395362 0.813475807472465 0.754778938372618
LPAR6 0.0741543301950764 0.0304947754836419 -0.036542556529505 -0.027320921611248 2.54940719576608e-27 0.376872522129745 0.303638523287065 0.290594364050907
CFTR 0.00480983652863193 -0.0121704420509628 0.0287400639876621 -0.0141082497007344 0.0013924353871777 0.731218934890065 0.525366843333848 0.68490793661663
CD36 0.0695001735627157 0.106377212972438 0.000844965639253928 0.181183687419386 1.01765235349926e-16 0.00319264428683096 0.981439358407936 1.51867829266634e-13
NEO1 0.0289163055705553 0.00237569684677329 -0.0219010370575535 -0.0222958066400118 6.71763390050146e-14 0.94274799442718 0.575771824956902 0.448426995753392
ITGB2 0.0393734484304111 0.0171640879925017 0.0179395070694629 -0.0595142688819166 3.90571915871456e-17 0.652884093158103 0.632303292730678 0.0399923168243183
PAQR5 0.00619429104996101 -0.0270624065592554 -0.00385132919945417 -0.0131972189644257 0.00015971806526229 0.556381034461713 0.914765760878669 0.713286941902455
RPSA 0.105837824415152 0.0494197143344153 0.165893780626069 -0.0113427906278498 1.04474334250034e-23 0.152336665317229 2.76178373568903e-06 0.641270389368927
CHRM2 0.00505645021192212 -0.0255754615006693 -0.0229166133372838 -0.0081073903540597 0.000708393438873043 0.61144292716854 0.640918941769608 0.812897419714221
APCDD1 0.0192151696295493 0.0251816779685594 -0.0351085629639989 0.03545749994954 1.57773109701235e-09 0.498091473306258 0.376308452034395 0.229248771267633
GPR65 0.00757946807892887 -0.0156824585467295 -0.000884128892349589 -0.0100743105325355 4.27599813111533e-05 0.654981282974421 0.983911468330944 0.731312467494107
EGFR 0.0161340806131417 0.0604904872736929 -0.0259120366427136 -0.0175718604493297 1.61158941109708e-08 0.107900951493273 0.520330436965001 0.560282271522848
CHRM3 0.00506303273920421 -0.00993424815553875 -0.0228713432278852 -0.00597611899654392 0.000761851530900925 0.751632268545876 0.642795880738309 0.861673240146334
IFNGR1 0.0749670216741381 0.0253166995589783 0.0307427870986714 0.0112263067101775 3.17338193444776e-24 0.477156383742323 0.372069662719108 0.650283776067817
ITGB4 0.0106358492146392 -0.023433655323155 -0.0273322570809784 -0.0150582997185454 1.01147280618182e-06 0.499786247192716 0.531295296901482 0.612949863746934
TSPAN15 0.046413600500125 -0.0449091350373424 0.00576125896685205 -0.0208423949314125 2.06663010576586e-20 0.203604367245182 0.883764453120239 0.421232459752812
NGFR 0.00870392421981572 -0.0217238834351019 -0.0178558238853682 -0.0171479853974843 1.48063613170672e-05 0.550888374962165 0.650702583334168 0.623561205330207
RXFP1 0.00325555368819259 0.153088642839042 -0.021846591783811 -0.00578345184016784 0.0106428159270537 0.00195188386421652 0.656015681119648 0.825582926379866
CD38 0.0158548498577369 -0.0290945105462478 0.0180924137973001 0.0507345683447542 4.52632057721988e-08 0.497429516119209 0.654735210203949 0.085922723952069
GPR68 0.00457505927393746 -0.0124732034563322 0.0432224787480681 -0.0178979127861931 0.00226296738705995 0.800006280159902 0.349608795934022 0.574573257389626
INSR 0.0884417500951999 -0.0660046313441441 0.0851908348511735 0.00101288994829177 1.60336612472046e-28 0.0532559888680093 0.0123520952072525 0.96708574007534
PTPRA 0.0723256305369032 -0.0334535208263209 -0.0190592782882154 -0.00381832262836809 1.51190454097364e-27 0.347359325760479 0.588101466934859 0.881957941467354
TYRO3 0.00608772924918018 0.0591983860572386 -0.024812900716851 -0.00940933822375746 0.000349693667017555 0.0743814605415345 0.575686634302335 0.799628422513108
PAQR7 0.0262480555110973 -0.0158666831737615 -0.04691043697478 0.0144495224934958 6.44260912340838e-13 0.671537526093816 0.239211367780043 0.623918179646527
FGFR1 0.0774280855693567 -0.014737277949231 0.00334333489779584 -0.0649140470484752 4.29096752957031e-29 0.693817572971022 0.925360669023747 0.0157128691992444
GPR85 0.00484524915037165 -0.0134254068764792 -0.0165081970583545 -0.00847567860526611 0.000785454200268485 0.720793036686674 0.69942866897408 0.810668752553855
APLNR 0.0268792540067205 0.0452174834281854 0.0507783815128293 -0.00228101219925703 2.83773421708279e-11 0.258654021165219 0.172401795923524 0.93973165037309
TGFBR2 0.0447698732782517 0.0240583190214144 0.15665720513936 0.0304256126831397 4.14893082010598e-14 0.453364480793032 1.91014074861195e-05 0.234685580368195
CLEC12A 0.0163777079756248 -0.0443267285378794 0.0952580489581802 -0.00370860766710261 3.49291775057925e-08 0.301394381915545 0.0172161957030012 0.900660905542261
ENG 0.0327000870842849 -0.0291991524238825 -0.0362731748128557 -0.031844670334918 4.67393525926605e-16 0.397597249067597 0.341014772474794 0.264352800301001
NLGN2 0.0159413983594558 0.0208956080960095 0.0771959309032673 0.0722337222825182 3.84960810006497e-07 0.577128015353481 0.0556626351942763 0.0126792668282661
CD3D 0.0133962754555999 -0.0151317731389107 -0.00674315180137535 -0.0241045989068051 8.88429780807781e-08 0.658320487593691 0.878367515374534 0.446268011750269
RYK 0.0539925913450764 0.00996445435799809 -0.0415310526211667 0.00812317525791751 9.90607539895292e-22 0.790678664465168 0.256606977250773 0.758444579042792
FGFR2 0.0143270973152342 0.00909594951986261 -0.0342116270689251 0.0525907379009693 1.08270878171792e-07 0.80235330688249 0.391195942242214 0.0741029062594248
LRP1 0.110946710314423 -0.0225769091884683 0.0767005157792408 -0.0271386953943664 5.33772620373246e-32 0.521053795400091 0.0269159490784719 0.274694227924121
PTPRB 0.0130320798538446 -0.031514957185716 -0.0371864970359932 0.118804396898372 5.30110548237889e-07 0.379440637187827 0.331510713907285 1.90570584384494e-05
IFNGR2 0.101787010705458 0.0420505383544479 0.0375157364538187 0.0488597219070835 1.18967151049005e-26 0.186465863265656 0.284153597468529 0.0458284065262788
ITGB5 0.108352429241555 -0.0230858659696152 -0.00786516018470445 0.0101933646905149 1.14031875204127e-31 0.522711832927743 0.840850337823367 0.681075805957898
TGFBR3 0.0222263815131552 0.00965574307769597 -0.0298104044115874 -0.0193183219100865 2.61141401782771e-11 0.790040674285461 0.473278432246335 0.522779715298578
CD3G 0.00462178639002116 -0.00743104684334066 -0.0157654233246281 -0.00725385320969511 0.00140146950387015 0.803954865094893 0.708084540815609 0.824001595793031
S1PR1 0.00540108479866887 -0.00483930420485925 -0.021572772603823 0.0257664421579565 0.00068272806722532 0.897698542981505 0.598111890051825 0.439422994713347
EPHA1 0.00955834567448885 -0.0083677431441899 -0.0394546078073121 0.0179094274593272 7.84779220126634e-06 0.801872156097572 0.326561086100745 0.53699534631426
TYROBP 0.0573728711025118 -0.00843898942269085 -0.00293317921815947 0.0356561683396392 2.44417912336803e-21 0.790820486596084 0.938054001465348 0.196584387160102
PDGFRA 0.061931054038676 0.0176888374782138 -0.0370934454842465 0.00892121716112951 5.39648777131592e-23 0.621377324578652 0.322781592710786 0.741358800094783
THBD 0.00535517728052022 -0.0126277531136653 -0.0154057388110748 0.120735685538383 0.00133428338604557 0.720520026727132 0.730856531982053 0.000395836068840061
EPHA10 0.00405989264621864 0.0502578881535272 -0.017015147270097 -0.00886983250138129 0.00418060073354903 0.197481345098958 0.737402131746562 0.829546027651298
GPRC5A 0.0601167072989389 0.041416647892641 -0.0375037088770923 0.0593258582713181 1.29685265580843e-20 0.289735309954342 0.309998932430701 0.029340622392432
FGFR3 0.0118537043024745 0.00365589443435087 -0.0335503767642065 -0.0148666805536399 3.66401121006691e-07 0.916782998265682 0.440504332465442 0.637743493937022
UNC5A 0.00495352524330501 0.00190300480023691 -0.0188704632416091 -0.00867760284984997 0.000911897486583091 0.961706717227646 0.681405068025338 0.812250111945704
CD4 0.00850788471728292 -0.0199851983701732 0.0399076226211087 -0.00989207072056635 3.43349297194588e-05 0.58596184587411 0.431574800605401 0.751267893461125
IFNLR1 0.00672089055908001 -0.011575597633775 -0.0173688659453978 -0.00981706633086977 0.000153189015080012 0.768364895083449 0.652824963161386 0.761816882889055
NOTCH1 0.00936307626300005 -0.0389203812579791 0.169413389169378 0.0229655240691105 7.33420674906671e-05 0.418889643350822 6.92348861385468e-05 0.418847253292234
ITGA1 0.0745876353900257 0.0156949763092994 0.0601375165922905 -0.0271886393363294 5.02070086763032e-25 0.630356309074337 0.0863877724055089 0.279969655677043
S1PR3 0.00404398956349409 -0.00939911143775202 -0.0194949451961705 -0.00582326870223593 0.00249847197742968 0.772740996538449 0.70369118312484 0.858028640485629
CLEC2B 0.0790494271269477 -0.0192502781772759 -0.0917749055284041 0.0549408076122213 3.61876144116641e-28 0.588549499642811 0.0154796956052956 0.0244828657887425
LRP10 0.0506401430198632 -0.0417379198880192 -0.0419634045307947 0.0220866743249529 3.4471862471185e-21 0.264746861510912 0.289208746303116 0.416085284416112
APLP2 0.15862114821452 9.47740022596626e-06 0.0312251412426427 0.0349843069539248 2.72686466238314e-37 0.999777784504211 0.358042772062116 0.131084090091573
GPRC5B 0.0148984970456119 0.0156714973550452 0.0121562387584914 -0.0193444342712019 2.55128785131543e-08 0.645325874308758 0.736190688962757 0.501658804517828
ITGB6 0.054508776391735 -0.0483938909726541 -0.0416654589072442 0.00324157282481235 1.41347199272924e-23 0.155825336498373 0.268514834062879 0.902645487803057
FGFR4 0.0110452148219682 -0.0147583368178044 -0.0131585389163403 -0.0199452353262893 8.01845015707103e-07 0.770990552185866 0.769068208413969 0.506707096203947
UNC5B 0.0176927280086705 0.00248554936812962 0.126669887686206 -0.0361268597747476 2.22330308278079e-08 0.944822177340306 0.00219852539085643 0.226789835053957
CD40 0.0137110775415196 -0.0184322623870543 0.0132851813300782 -0.0250442414005632 1.14759618762592e-07 0.666948165936712 0.762529173909023 0.397309810066518
S1PR5 0.00450457925391473 -0.0216716939173969 0.0323853767486794 -0.0142627061548571 0.00202849668766445 0.643709856685903 0.477840600544023 0.681596184637995
ITGA10 0.00639874473430908 0.0102829407994504 -0.0226536060799194 -0.00958646266830231 0.000186571485348956 0.717269977186468 0.603891827489945 0.763011571042102
PTPRC 0.0698085468520152 0.0390536786291783 0.000538149419851122 0.0610794069903512 1.69275389238976e-21 0.289841569843123 0.988297606677821 0.0137620377213154
GPRC5C 0.00329792832147152 0.212959876317963 -0.0139875046891765 -0.00456240795944042 0.0170946900517051 2.65315730356651e-15 0.741962871281539 0.888219389820444
IGF1R 0.0412952877066065 -0.0404164358499731 0.0339482260108366 -0.0405423785981337 4.99544789936786e-18 0.262916553504432 0.364642617774976 0.131150250706775
EPHA3 0.0571612189660131 -0.0326183547256987 -0.0264659974359388 0.097587066573474 1.99363034004766e-20 0.400474381369777 0.462467891799582 0.000200802935135723
SCARB1 0.0194049711940562 -0.0368285568162615 0.0496962723969124 -0.0420974310242238 3.98678979376128e-10 0.384077165398194 0.254598282857058 0.152326555950314
LRP11 0.0517276401613398 -0.0302494194254209 -0.034099804971886 0.0133089684528064 1.16283154894313e-21 0.410835449998115 0.376281872282314 0.599536489342576
ITGB7 0.0215275533220517 0.0489388542195872 0.02167011196361 0.0131529401894685 9.9940945002168e-10 0.136952413025709 0.605253251678616 0.636092255558646
NOTCH2 0.0674150521392367 -0.00294372129137527 0.0417899124740579 0.0479934086324828 5.46360853093023e-22 0.937711365225455 0.202064603562044 0.0637174357319881
CLEC2D 0.0290072748227455 0.036832126775634 -0.000996583780454594 0.0244668601410954 1.31572484262281e-12 0.426776253869788 0.978774870976902 0.377867970732804
FGFRL1 0.00626955721322912 -0.0180804305550232 0.0313445132964072 -0.0210786910799073 0.000258363346042001 0.641572354585169 0.510528418101887 0.559641094055194
PDGFRB 0.0572044533638471 0.0347388992155944 0.0129313080812097 -0.0488413423915848 7.64545527989614e-22 0.295793886153022 0.739854012807987 0.0606024392827714
UNC5C 0.0340446084785591 0.0447673041119343 0.0291419765472753 0.0949549422377555 1.72873201030477e-12 0.222384145051962 0.443579026497774 0.000296230781297969
THY1 0.236598254558701 -0.0789874241091876 0.0462808301778502 0.0269187570377485 1.88329504092808e-49 0.0131296196008455 0.17094167074014 0.245627608194066
GRIN2A 0.00653693026083291 -0.0368643187328827 0.0465703436783384 0.0892479258614392 0.000528269704077087 0.483703921770092 0.295141844860476 0.00951797282740184
CLEC5A 0.00724706640862094 0.0386880946536214 0.00909463552984779 -0.0173400849259332 0.000109660306928785 0.27754847449831 0.838924059775012 0.602282211709316
EPHA4 0.0127182153886561 -0.0173406658020389 -0.0131909991033037 0.0725434633933504 6.62286651670867e-07 0.495806845958825 0.738013956485418 0.0215885804195678
SCARF1 0.00613165450674567 -0.00965600981342132 0.121137717644378 -0.020775551231307 0.000584145561219093 0.822022636902773 0.00299028144191506 0.449396952065771
LRP12 0.0107191002821983 -0.0196864826029168 -0.0347832329806724 -0.0172784256358343 9.98808428823608e-07 0.655560326592114 0.414524743024007 0.607402691826089
CD44 0.117859314061256 -0.0208143766015835 -0.0113470562767707 0.0921651799292629 1.71327818290804e-32 0.538564036453562 0.739231313721932 0.000128237249915557
PTPRD 0.0617773670331669 -0.0151861707688533 -0.0291969818503505 0.00533327186971327 8.10415092461571e-24 0.691651906921377 0.417459119992256 0.840244402684806
FLT4 0.00682660953886165 -0.0029728651133698 -0.0240574779392458 -0.0118216028797488 0.000101113028699065 0.942079419288788 0.570259267599703 0.750590467471353
ITGA11 0.0307920334953856 -0.0313467127618916 -0.0126450736416988 0.001168766887416 1.49288150413021e-14 0.334156772332012 0.759484073059423 0.966394155376265
ITGB8 0.0146957428896749 0.0307194813228985 -0.0125432693413536 -0.0215368803762053 7.10903885599169e-08 0.482958546990881 0.757042454931692 0.506155970283689
AR 0.122151632501084 0.034917023137121 0.0466520719705156 0.0496566668938614 8.78107188018625e-29 0.326095888324445 0.178120776352268 0.0369019704330686
PLAUR 0.0283593580138713 -0.043330281473239 0.0214201355559103 -0.00539434098167309 2.07803451667521e-13 0.271464622341376 0.581935133609808 0.848827548924632
TIE1 0.00837867712351975 -0.0137267251683853 0.0483104970525386 -0.0126433667456844 2.8922854878604e-05 0.767162584961051 0.294801340446005 0.693763193911863
IGF2R 0.111367242919071 -0.0110398223678605 0.00458382341742727 -0.0645844958204583 9.51331019432694e-38 0.724893185738548 0.894196609645508 0.00949410396922512
UNC5D 0.00918530917104565 -0.0169942364868485 -0.0156814004411537 -0.0165973525131117 6.57741503925088e-06 0.635794578430805 0.714257819337304 0.633898787336113
LRP2 0.00806822853822723 0.0427084195516408 -0.0316201043810017 -0.0118511149007741 3.91853933750733e-05 0.26656444798042 0.480716705867733 0.709168968790389
FPR1 0.007127142771322 -0.00352746750286924 0.00395278194251778 -0.00416617366104311 0.000106372029520801 0.929270591049786 0.930883875229667 0.895930110033401
EPHA6 0.0134723701879223 -0.0177522150407276 -0.0111681898022216 -0.0123363640899718 1.18310537366424e-07 0.650902845036811 0.800975712861154 0.685923237820654
CLEC7A 0.0162320592639073 -0.0328764128582884 0.00222595660294616 0.0350764023556163 1.43473471249206e-08 0.439269091778033 0.955939062132672 0.199140320106018
VIPR1 0.00710201150379736 -0.020375476567597 -0.0223938499690862 -0.0127311796698386 4.83089449047855e-05 0.586913173373348 0.605085969348478 0.703943463879054
EPHA7 0.00436609329537682 -0.0184631450733839 -0.0180760026411352 -0.00679153233472917 0.0013396585565083 0.707734363829101 0.710116608787011 0.840638139210208
VIPR2 0.00437124846479425 -0.0197886066145394 0.0428815637229577 -0.0140713866149812 0.00237495785451852 0.679139932664236 0.334731024554417 0.628381765103714
NOTCH3 0.047764687208126 0.0415534909888969 -0.00205904104954004 -0.011017850146497 1.11686771802016e-18 0.281394268352879 0.956827035656009 0.68852431476736
PLD2 0.0148053812587337 0.00935417749741223 0.047210065499669 -0.0339975198660612 4.07711803346627e-08 0.805014843082519 0.304750982441045 0.272977351643977
JMJD6 0.0310107939162654 0.0482946248631258 -0.0469771072236134 0.0418724144121705 1.02790121704609e-13 0.205121685129379 0.239172190748 0.16318160419469
LRP3 0.00617881083819286 -0.0105781240205701 -0.0275985245869586 -0.00745637178476436 0.000255708270766282 0.723393094719229 0.566069438229372 0.828641553145495
TLR1 0.012747971007869 -0.0336081540434635 0.0208108311257265 -0.0269568537638414 2.7157180229942e-07 0.385645637110275 0.625765776436769 0.370760055833903
ITGA2 0.0217438930671859 0.0542110355661705 0.0469680183669098 0.0189023661261337 8.61355222336511e-10 0.188159512303799 0.221025994311754 0.487734483344751
EPHB1 0.008641571048103 -0.0320081311025072 4.28742941429549e-05 -0.0171499730932208 1.21205618681133e-05 0.476176439487953 0.999188927737574 0.593822213046302
PTPRF 0.122353626758595 0.0188097528763594 0.0945612193440911 0.0456183464568368 1.33875262859652e-28 0.576413398480143 0.00603788199341176 0.0601145210096796
FPR3 0.0199407136287837 -0.0239137138226044 -0.0317199036969789 0.0348563232152608 3.49548940934863e-10 0.543713538415594 0.390647266044373 0.258077542999461
IL10RA 0.015012261781882 -0.0424099903710585 0.0148993355132636 -0.0320291025002007 2.13437612620723e-08 0.343767633279748 0.727004570760584 0.330758930767568
CD46 0.150276159072407 -0.0489223340730366 -0.00957353105784354 0.0418351943251667 1.13778444723216e-39 0.159888089554608 0.790819308071744 0.0741681654322044
KDR 0.0136909031711067 0.0104577938938696 -0.00109715555230735 -0.0177342306845166 1.16904506472853e-07 0.707306598901637 0.977747058493333 0.559513203171391
VLDLR 0.0193233668624176 -0.0272669411765443 0.0440567039468737 0.0426719627771074 2.5776045672056e-09 0.434345545482909 0.283888175864554 0.1490757761344
CMKLR1 0.0182544899436825 -0.0129137712706123 0.0144471733705004 -0.016760244618513 1.30356844752072e-09 0.738749030432849 0.718466005163981 0.574389488381239
NOTCH4 0.0219804009612376 0.0308720247779825 0.0679577540553069 0.138942678270952 1.65211750176858e-08 0.399990888121641 0.0876516327913727 6.16245761131908e-07
SDC1 0.244126224742239 -3.55529320147467e-05 0.0463913948584021 -0.00225837869436703 4.4296497188619e-46 0.999119258030933 0.184450336927066 0.922621263612111
LRP5 0.016192667936287 0.00227015290932642 0.0305520744947839 -0.0206160940902843 1.8027557043364e-08 0.955343899702353 0.436875598477125 0.496184776794517
FXYD6 0.0100277508875106 -0.0122434734564118 -0.0185582175233964 -0.0150194312808905 2.24678845200855e-06 0.72105049650287 0.633468761738265 0.592041091461786
ITGA3 0.0068035511448343 -0.0125726702982332 -0.0299025234595102 -0.0115306253493254 0.000136922696958705 0.70355115775048 0.531745414785521 0.743103575238123
TLR2 0.0084060348867763 -0.019950108216704 -0.00967042731738601 -0.0160885208542123 1.98878516190955e-05 0.64288391199804 0.823320573616333 0.628657199915936
ATP6AP2 0.298388875781568 0.0216097432184744 -0.0548055940492074 0.0521070861792182 1.28712354058221e-51 0.494270479451579 0.116124262390583 0.0241975582580285
PLGRKT 0.0624801904872934 -0.0130236859987478 0.0616533594691764 0.0523137664179961 1.5728467722942e-20 0.72556069097629 0.084083446097299 0.0419346925659925
NPR2 0.00946906985041312 -0.00193095119688719 0.0115565440686456 -0.00968606247921115 7.97588971350166e-06 0.96599124759797 0.792828813180111 0.752033821070418
KIT 0.0151310682725815 -0.0243490911002032 0.033854732478345 0.157070699315807 5.92641523869625e-07 0.495368215850842 0.413803213928458 7.63451232850066e-08
PTPRG 0.0813845430972227 0.0217538240694175 0.00246861354619832 0.0892011773802183 4.17355626960751e-24 0.527941239685563 0.939560034083616 0.000471111897713353
LRP6 0.0290280011779061 0.0289358657913797 0.0381790669301571 -0.0141741604647326 1.33866614440149e-12 0.487315362797236 0.334800240907835 0.612604983169577
KLRB1 0.0040769127404317 -0.00230979823310831 -0.0143739601524284 -0.0069690554269793 0.00267937164991992 0.939574589585286 0.735762272560582 0.85123596039983
IL10RB 0.0384554837989097 -0.0102346833816787 -0.0110394175741205 0.0428618107024184 3.60473074947008e-16 0.790239482041437 0.783203134026196 0.124690116345663
TLR4 0.0132103825872572 -0.00281422648825125 0.0188460022508896 -0.0245897020466909 3.3801919671664e-07 0.948478251090063 0.648457423597909 0.425686344489001
FZD1 0.0206508983034403 0.00808137766117186 0.0383788704763748 -0.0113002125963104 5.67324774684615e-10 0.819848983803845 0.373843179248632 0.70655735728336
CD47 0.0616229592890641 -0.0177730353156304 0.0710003078896454 0.027602255420288 1.53254040458788e-20 0.637301561089856 0.0465090840845154 0.269762333452302
CNTN1 0.0607024316635603 -0.0425169779970551 0.0410828110275872 -0.00392515656075077 1.02814272908037e-22 0.226573522006087 0.27643876403647 0.882084219742014
AXL 0.0231962456151702 -0.0304031784806232 -0.0153910367814532 -0.0113804487763714 8.9544602833695e-12 0.420785810978588 0.697052933504159 0.697584956861659
NPR3 0.0136502271441973 -0.0257685299779792 -0.0452252082448738 -0.000489721286180682 5.24527714544293e-08 0.561849659594811 0.28863538918092 0.987758380654914
KLRG1 0.00500147518956486 -0.00641079799648126 -0.0103166520119857 -0.00648598235266088 0.000854235462886871 0.855127226226473 0.770591053500616 0.843882291345637
LRRC4 0.00716929463401335 -0.024980908445093 0.0222013805542614 -0.0196002516806953 8.07777660661848e-05 0.549816124265353 0.579449271443254 0.573462967855008
PLXNA1 0.03070672319309 -0.0143361909202828 0.00955508218537607 -0.0210141072035095 3.85388823549742e-14 0.681038093547405 0.813908033081257 0.480856338933226
FZD2 0.0042752969346637 -0.0163468584247218 -0.0203555287525627 -0.00747174375141043 0.00224708002084905 0.71070580541888 0.681131813803633 0.832750240955551
PTPRJ 0.0300846613673003 0.0338940870495676 0.0251803407092695 -0.00960949513735088 3.09857270576367e-13 0.313122873953351 0.525536367984319 0.725390306255618
SDC2 0.073510050509641 0.0281869543985508 -0.00656017754134487 0.0538579273123732 1.09177375584142e-23 0.41042381741896 0.85667891874163 0.035931990560609
TLR5 0.00971015398730937 -0.00510575680579679 0.086923337632737 -0.0276112814810851 1.09910657432533e-05 0.91069347991002 0.0471924756358645 0.387946626055467
KLRG2 0.00943147224051656 0.0463764009431106 -0.000538487856744109 0.0296148124282229 1.29341233160905e-05 0.286299415583476 0.987502620735933 0.318424793283117
IL11RA 0.0227045304963982 -0.0338398514759304 0.00361355368446937 0.00851959387575249 1.74639687497585e-11 0.269589831038566 0.924457323627438 0.77437264160981
CD53 0.0100799023341286 -0.0119297847408779 0.0762711992775695 -0.0312685317368374 8.67064416325895e-06 0.721923591111663 0.0515317489340636 0.30786641068467
LRRC4C 0.038750073035628 -0.0414569766914828 0.00912131157428026 0.0212308378230568 4.7865089011767e-17 0.203028688135416 0.810550537221416 0.435128874523909
TLR6 0.00509359033085863 -0.0122433001551202 -0.028046113250089 -0.00950977405324629 0.000729756890581728 0.747862099086447 0.60195061295991 0.772300680640267
PLXNA2 0.0240447206907672 -0.0353198743224803 -0.0161972254795898 0.0202788039908741 1.72289935684622e-11 0.383554244129165 0.702577568027155 0.487103649377209
CNTNAP2 0.0694245150665091 0.0438932383981451 -0.00957295469733411 0.101570856878037 3.15353887017001e-21 0.183344966401763 0.795327332696955 5.34622469732159e-05
BAMBI 0.0721571744057764 0.0763153780060306 0.105663613034586 0.00776790252380674 1.0062274905195e-19 0.0529741994274024 0.00340030637521043 0.749122896768949
TLR7 0.00587511967742573 -0.0308716602636829 -0.0239812639633134 -0.0092523187554997 0.000226516959394797 0.573596034877858 0.600406547350155 0.776116885260895
IL12RB1 0.00505806277952786 -0.0231418871981887 -0.0571365709596216 0.099810917060812 0.00143182382234199 0.695698207186765 0.198799191135655 0.00205369855804324
SDC3 0.0184775375950254 0.000905452409691695 -0.0441940441022352 -0.000471595383533686 7.70993780160229e-10 0.981791103784921 0.302280274515394 0.988087959250164
NPTN 0.108136006594095 0.0295884478430005 -0.0241041057953546 -0.0227141253894849 1.8179890476995e-34 0.373731948181034 0.486237204127726 0.351915749686468
KREMEN1 0.0290200343088761 0.00950940474539723 -0.0137158337318484 -0.0257393554158533 3.74591859673075e-14 0.786755581920442 0.71981638858504 0.377593385694523
COL13A1 0.0121171027213888 -0.0118528258933844 -0.0114707341581173 -0.0243045902728401 2.79048695710914e-07 0.811756240426718 0.791486912423973 0.45279733375423
LSR 0.0535210779310821 0.0228275927879417 -0.0514976842942032 0.0732528592268027 2.74053464923864e-19 0.559392237843589 0.189671363182325 0.00656042115557389
PTPRK 0.121007869119882 0.0430654189139069 0.122077688295614 0.0553704779692481 9.68617149469998e-25 0.215341837336026 0.000482417924911784 0.017180467764326
BCAM 0.018668323254946 -0.0334867107540943 0.0645574978672614 0.0333164606528853 4.67666395587769e-09 0.419281739474763 0.131004644742175 0.247900617071446
PLXNA3 0.0201355742765275 -0.0439988464115385 0.0393684503740603 -0.0129792444425713 4.72567953087741e-10 0.291826663939761 0.342650096413153 0.66373269452042
TMEM67 0.0294172675736952 -0.00332639372417541 -0.00268247751464977 0.0192481615915386 4.53416341888722e-13 0.931299663293381 0.947381435342577 0.501333603870334
BDKRB2 0.00469142576606427 -0.0080180559753625 -0.015779412992578 -0.00938737814576039 0.00138745755434027 0.773652491137986 0.730938225813493 0.800779533531629
TNFRSF10A 0.00566237228755747 -0.0100061237548051 -0.0213130130718535 -0.0117688566787328 0.00025181192526731 0.7872460006221 0.611031677016467 0.767337205097578
COLEC12 0.0464137856103957 -0.050655338039509 0.00830431100285512 0.0358466292144903 5.0139861294514e-19 0.129968239078315 0.820737925987823 0.156170780741112
CD63 0.565737527215398 0.207692293209137 0.106397918009279 0.0756002864106974 1.38985549674372e-30 3.62939608273592e-13 0.00151840016637538 0.000578704586638519
NRP1 0.0827370025779467 0.00106749919091745 0.0328527047805022 -0.0105501449480526 4.09372247857571e-27 0.973668890522621 0.386455579117622 0.681475367773441
PTPRM 0.0751204291864165 0.031959337231666 0.067570890167021 0.0341706315995098 1.96932998047606e-21 0.350684820873778 0.0719207865578464 0.198730852921231
IL13RA1 0.146704798711125 0.000834162036620632 -0.0529050775968019 0.0305031134120569 5.51275220459955e-39 0.981074222395204 0.137098146649115 0.201689014022651
PTPRN2 0.0138055074426616 -0.0433891200563932 -0.0503762086000781 0.147295752729297 2.36022030012383e-07 0.288740206378651 0.222331399862713 7.09713161003068e-07
CD68 0.0230406379404236 -0.0392510977643478 0.111967128164267 0.0594525496544724 1.4200825568246e-09 0.317816983339629 0.00700738595606768 0.0275039168885395
BMPR1A 0.0568235507574915 0.00597715775578566 -0.0484460170256205 0.0291240578373179 3.55436856303889e-22 0.867550039470584 0.189483323724285 0.252502428108757
NRP2 0.0406603419154742 0.00642697113287844 0.104228924880313 -0.0137694676460647 9.29752029283735e-16 0.841400684430649 0.00282918789598198 0.609362280613585
PTPRO 0.0124019283187152 -0.0291185509214835 0.00805204186725395 -0.0231691984725567 2.05074686950578e-07 0.394493250743432 0.831936760332207 0.448524090256226
BMPR1B 0.0220355062146678 -0.0153135138559982 -0.0194501248468734 0.0352055175780485 3.89538960928106e-11 0.726552963644722 0.619480066824314 0.251458614266045
PTPRR 0.00698388216789948 -0.00922033772479887 -0.0348308625486307 -0.0114816113826535 0.000134060314088329 0.789687715516805 0.496241110553759 0.729547631517886
NRXN1 0.0226661033168862 0.087220026583022 -0.0304260140534775 0.12544215693216 4.23652464643061e-09 0.0107487075034792 0.474179784666514 1.1038272379519e-06
BMPR2 0.110504283370922 -0.0396188303290505 0.0487033328625709 0.0066490726128369 5.72436429523423e-33 0.240183489535753 0.172873638313572 0.788960424396959
