target intercept intra juxta.15 para.100 p.intercept p.intra p.juxta.15 p.para.100
CTLA4 0.0376020952326016 0.331327265461807 -0.00131943188898002 -0.0151362838802815 1.86549004768525e-07 1.36104957392031e-12 0.968885760182962 0.606700197790295
CD68 0.0605969654376376 0.418813255974992 0.0283775639789696 -0.0545337723744038 8.69213968317e-09 4.45009161186312e-22 0.458280941836411 0.0591604390150149
TMEM45B 0.0430322680569392 0.0462520142787757 -0.0135801886415063 0.0139540720279612 2.85321721919284e-11 0.380494874798273 0.742286439306909 0.663608179682409
BANK1 0.062600949025894 0.210820114763439 -0.0181713179619788 0.0377246989584822 5.64034669378873e-11 1.79236449604332e-05 0.659979202850034 0.211517682303212
SOX18 0.042262786912472 0.720753844173175 -0.0243262019703491 -0.035982497974096 0.000337211068605739 3.57244244251867e-106 0.477766167409176 0.16903050668265
GRB7 0.0815576439271086 0.0587638076695778 -0.0078046146195167 0.0273206820708372 1.30224230844612e-15 0.257819371168313 0.838581820910753 0.351152094423669
IL2RA 0.249605023521428 0.100728950568017 -0.0502453441097426 0.0540084787205967 5.87215181007563e-25 0.0335547022496058 0.166494543259577 0.0397553786676127
CD14 0.0336111982752547 0.630541200429745 0.0806693205439516 0.0484685816543728 0.014181113303947 3.25114229178017e-68 0.0321653441387905 0.0689328573609743
ACTA2 -0.185104168121078 1.03029696321731 -0.0267695738988562 0.126207568590227 0.000191514241233755 0 0.383170245175268 2.09267906874431e-09
PBK -0.0717287392200619 0.997251146660688 0.0783985342043313 0.0781039433387242 0.00036337765496242 0 0.0109560561223314 0.000639965538619564
MAPK13 -0.0140168788539096 0.887453973870814 0.0232744135451251 0.0727192756928322 0.852718191962135 1.02151467281431e-239 0.517193189924741 0.00236564722518035
KRT19 -0.364409353302804 0.994140360920346 -0.00337621119616063 0.107144460236973 0.00309518044046227 0 0.920603974128152 1.68971786900487e-07
MYL9 -0.0750045083796587 0.979289148974765 -0.0251751838944604 0.0821292872606974 0.156218282761292 0 0.444002769162136 0.000245253315906755
FAT1 0.263927143906756 0.419242042275601 0.0546240609875201 0.0561266199564063 3.25732071986624e-09 7.96524381187791e-24 0.115306773382165 0.0305494152444822
CD69 0.0862106578136688 0.623325241722531 0.00525349695646039 0.00813396404138591 2.17050615730632e-05 3.26167063744239e-71 0.882170985658258 0.759490640349608
CEACAM1 -0.0843272208758301 0.847671940923756 0.0434176338931923 0.135347947111022 0.121233875685686 6.78798479818864e-171 0.208729986020945 1.67740676406613e-08
TMSB10 -0.295193442713366 0.895631056365729 0.0685659122476871 0.144624542491764 0.00470382398809783 2.68490446612322e-278 0.0626315145633199 1.47351235860569e-09
KRT5 0.0458912176031268 -0.0390673677116571 0.00426003338828129 0.00187205746435682 1.02308257292454e-12 0.454863135653693 0.908030853628584 0.948392575590933
GSN 0.148948625781523 0.27598020865258 -0.026154211822705 0.0307986968709673 4.03143678565582e-15 2.52845095505506e-10 0.505786363360428 0.258850285237956
RB1 0.40815794736573 0.675413724153422 0.0456019707601117 0.0706253030201642 0.00220379777454615 5.93850667171082e-69 0.252810369137089 0.00499990399835193
ACTG2 0.0937709824294493 0.653034803624084 -0.0429256026614757 0.0220448890113211 8.8999588238441e-06 6.53863634978514e-92 0.224709607622397 0.402328718988534
IL32 0.0408915070213074 0.647223018065029 -0.0587222044929115 0.15578682296676 0.0127699145140226 2.86556503061689e-87 0.109135456239628 1.32301414193615e-09
CTSL 0.231010253048296 0.489442598595362 0.0596754613627299 0.0303129075923693 3.72593129642366e-08 8.3796815766286e-35 0.0911493505918723 0.245525226973888
PDCD1 0.098829561252376 0.0537166543419458 0.0563892220234723 -0.0523005305461568 3.87509568225995e-18 0.290084075390411 0.0983898237460272 0.068551356321826
SOX4 0.0717108440378162 0.806796445198048 -0.0116022637431749 0.122929367449859 0.419707580889248 2.94853429922824e-128 0.759072663247271 3.75468035465788e-07
MAPK3 0.172813617183094 0.115927134343265 -0.00855434890757422 0.110323835949251 3.19190186266703e-17 0.0173852578121934 0.805198217001464 4.42369444453007e-05
CD7 0.0880277872724128 0.0752502800227858 -0.00367821819551627 -0.00304957015679189 3.39108643195221e-17 0.131365134979872 0.917803472388151 0.918038479792518
BCL2 0.186878435237537 0.61370011263639 0.0926451334489305 0.106285999182859 0.0157768806041505 5.71149977705313e-69 0.0110617262863362 2.30531349248675e-05
GZMB -0.0284544006257445 1.20700087700297 -0.0231683434562078 0.07669119171218 0.00133589534068185 0 0.527483649851262 0.00417650550690873
KRT7 0.0601506844758152 0.0654033209211674 -0.0219055659389366 0.0842205421711878 1.06050424388466e-12 0.175149641492462 0.574610544911718 0.00433790775974412
CXCR5 0.0301560500690279 -0.0148559600831699 0.00825043942844163 0.0305486988731065 4.68810722690629e-09 0.794323540759008 0.82708042755208 0.304239704412331
CD163 -0.13220704120881 1.12151351817543 0.0508073815532021 0.00186581646479114 5.58132103951457e-08 0 0.0322295764015257 0.912391952971801
PDPN 0.0623041520851637 0.0558285293977028 -0.0597777207193105 0.00461584973155611 3.46420644082467e-15 0.294437471683657 0.125757668231792 0.87905189262139
IL3RA 0.117644108340802 0.287710523446407 -0.0404688398978476 -0.0172049234935126 5.42965168384431e-16 4.32014495419698e-11 0.261237327957923 0.536064876621211
CENPF -0.348905818334766 1.08184564848469 0.0407858328804963 0.150528115294559 9.20218807157067e-17 0 0.149870376769237 3.50590315182289e-14
TP53 0.519091933340605 0.65836453542076 -0.0310288660121595 0.0619247207752971 2.46808547820708e-06 9.04982213212172e-72 0.433303813409015 0.0138863687303045
FCGR3A 0.0466881037584493 0.81541232949989 0.0205262789092554 0.047426284541204 0.319553417862452 1.47673592079955e-174 0.545812540914255 0.0562871011143729
RPL13 0.445704866313099 0.296835522942352 -0.0331917898998217 0.0670357460370011 1.45637356279219e-18 4.32067407950942e-12 0.371305701229099 0.00964684402958399
MYLK -0.169701365790286 1.04312472173912 0.000280883429193582 0.0450174826427407 0.00357484471332403 0 0.992138975871061 0.016763368949271
SPDEF 0.0349662008151179 0.70252597134371 0.0381703382006102 0.092774118137386 0.166688955455419 1.08365561713325e-92 0.256307411631949 0.000161425396705387
ACTR3B 0.0972695085100814 0.701184671099956 0.0546928177159524 0.098119694696355 0.0939015826917494 4.75126424611693e-98 0.126523164175146 9.33666861902731e-05
CD19 0.0815953325771532 0.0463457868163876 -0.0477177745802398 0.075745329020977 3.31167204837048e-16 0.348344997321994 0.194377181606204 0.0082169187700605
CD74 -1.70416905396668 1.02185887738554 0.061677946519257 0.392046923599639 8.58175240754847e-39 0 0.0749374229016061 4.62101197306535e-102
BGN -0.155844857027473 1.03317243240503 -0.00901273308122726 0.0427999976485691 0.0226017202196125 0 0.758936991346878 0.0239375822903161
KRT8 0.138327912260338 0.698228123548569 0.053574844474999 0.103857052763945 0.0580794421723446 1.7947989146568e-100 0.139941719288149 1.52969283729997e-05
MDM2 0.377302896205956 0.450651811826727 0.0226359895769822 0.0521535593351202 4.40461202138646e-10 2.44311867404748e-26 0.515403932964732 0.0447062424590858
IL7R -0.0222152202634564 1.06919845406399 -0.0165263897156055 0.0983378705278764 0.0362001869943737 0 0.647782892053523 2.74555134607966e-05
SPP1 0.054576430152906 0.0584921942959314 -0.0449867640924083 -0.0061832135954187 5.87461328449882e-14 0.260223964725231 0.254690154433127 0.844702899642591
HIF1A 0.0947865614389129 0.839631396898566 0.0600080975963844 0.0539377908810737 0.50385076641365 6.69271697632653e-177 0.136064327450379 0.0281035693239459
RPL18 0.154525648678528 0.0430196540654001 0.0318124663728081 0.0135650990664881 2.90757457141247e-20 0.37789363518934 0.427236249552129 0.62597964770132
CEP55 -0.122614693675313 1.08335258992067 0.018697543676632 0.063739336516862 3.6490241717252e-06 0 0.516071383303074 0.00197235803344002
CXXC5 0.0736037488431022 0.638081377989734 0.0477252468931357 0.103231847602316 0.0280658164194104 6.84958867327751e-70 0.167543804657717 2.85581592096004e-05
FCN1 -0.0354923606978531 1.2092236400052 -0.0206265792648868 0.0668779174967677 0.00103847826813694 0 0.537748886282658 0.0130947622364733
TPM2 -0.0632637058352555 0.894805360152658 0.0623101241608676 0.0729808021903861 0.160924573435757 4.74303020007597e-322 0.0659217945765719 0.0017516260970756
BICC1 0.0580397206036166 -0.0383858820988051 0.0352649607537908 0.0609063854325027 2.8083455565898e-13 0.464621691166475 0.368436723755658 0.0357496734170263
CD79A 0.053851698227615 0.0626410812905527 -0.0271118072187103 0.0510506963395376 2.36609227769314e-12 0.241848373609074 0.477076873703727 0.0971152704659703
PDZK1IP1 0.370453781749738 0.272981802678026 0.0344721176037137 0.024558586281407 4.96751614062802e-18 2.72591433378957e-10 0.342385245804464 0.354586755124414
CD2 -0.0694435810155818 1.17660433754501 0.0299185242690965 0.0377578972200868 6.79344254249449e-08 0 0.218397059691672 0.0312263108400639
CLDN4 0.0653393127912305 0.0604674027878193 0.0099596882512661 0.0163884866924568 4.42064053774559e-14 0.248304295079013 0.78037834202311 0.574515886900183
LAG3 0.205136566973026 0.29405880269949 -0.0186054390875514 0.00949151105758057 5.45314942045253e-17 5.90714616326822e-12 0.621609407509397 0.723602736839523
MELK -0.114600291522772 1.09851769284199 0.0667886411910533 0.0131154190373939 3.70608476492858e-06 0 0.0205564945788552 0.539276977587736
ADGRL4 -0.0425969454025801 1.03158264715649 0.0523883560055796 -0.000818251782358813 0.0640154669710941 0 0.0911190240696922 0.971656131149301
DCN 0.0871143896398163 0.430784591695334 -0.0137110519494271 0.00638476344769157 1.44234623495252e-09 1.38656721228e-27 0.72543220337592 0.814387813718309
MYO10 -0.0556060467019423 0.971547911169113 -0.0188082425766315 0.0896937281692013 0.0967770849045668 0 0.568595582367033 0.000133838145898546
FCRL5 0.0518427821888681 0.120224319228719 0.0176611274387252 0.148425930999492 6.45434246570408e-09 0.0138743188400391 0.623512862333216 5.0358312402839e-07
CD79B 0.0485114513910237 0.0255833742937237 -0.0285115422940999 0.0254922750300642 1.24025780915182e-12 0.624056842899351 0.471042127683242 0.416732599967377
STAT5A 0.137030502574945 0.317401444606254 0.0104786934056032 0.0377509411179187 3.87878945036017e-12 6.0575479430406e-14 0.783166212611292 0.152062590544456
HLA.A 0.0176879534283716 0.758460462611435 0.0567487575194872 0.115726919062956 0.7767975531809 1.77186141282234e-113 0.112404985527936 8.26334170410672e-07
ISG15 0.618518970131846 0.354815140396151 -0.0256264273485997 0.142314999513949 6.24992158579733e-14 6.07078335978699e-16 0.493522743373468 1.00816752913975e-08
TRAC 0.00896236611572707 0.937251811509473 -0.0632631605280074 0.0329000632197579 0.463109298589857 0 0.0690430803318379 0.194334134112374
BIRC5 0.0392599495777344 0.611449226828245 -0.021458857812456 0.0316947732310935 0.000385266734372571 6.64766743166991e-60 0.547509004548615 0.241303761606579
LAMA1 0.0537588738075776 -0.0135485572042013 -0.00834785230828421 -0.00689823204263218 3.13478268955575e-14 0.783284102281879 0.842929781916231 0.81578770353481
MIA 0.0378599701460856 0.099729961391052 0.0246278312475652 -0.0176647243066716 8.11706194293241e-10 0.0675891343367392 0.486380039160749 0.553036266394025
RPSA 0.416424795554502 0.695090397283425 -0.0106277652473227 0.0869214555611966 0.000771428644591642 6.78136045542059e-82 0.794653924437777 0.000575454617971102
AGR2 0.0443054783824377 0.0491438158846642 0.0443183152945319 0.0286904229932339 2.57820572136348e-10 0.376770258326562 0.231165788583468 0.33924266083944
CLU 0.125057723420867 0.384029544453564 0.07849483536156 0.0948670667349605 7.38035650299093e-07 3.96817959493069e-22 0.0171320425597432 0.000279266050788804
CD24 -0.722101929405938 1.00606064125353 0.075177145802869 0.0984696082869403 7.12548164903107e-08 0 0.0218872626931111 5.10445780136595e-07
DERL3 0.171026047902718 0.0656843294591196 0.0129162083777256 -0.0364351511630919 8.43564594534288e-25 0.176547836738293 0.708903196276795 0.18430609268135
PECAM1 -0.032362457743922 1.03755009445448 0.00643713194880587 0.0162373619798359 0.177993327388167 0 0.836440375967709 0.465744231303402
MYO5B 0.117189846784625 0.195538983370323 -0.0300343355076154 0.0229801441770086 1.18151559427434e-16 1.60114979707732e-05 0.383429398354975 0.398983427510737
FGFR1 -0.409021612729237 1.04984781250395 -0.0260166873061607 0.0440244333837949 0.000143026439516043 0 0.213076701101444 0.00124549684812664
HLA.B -1.60161253956918 0.987979923247851 0.154201741861882 0.186863547697619 1.34655894524741e-16 0 2.43385860605849e-05 9.49425410299816e-19
TRDC -0.0162411034237538 1.07478396496436 -0.0131369338647854 0.0139199709934918 0.166530768780133 0 0.673619616025342 0.584795336119258
COBL 0.0916378848336833 0.31185265318421 -0.0567782446037969 0.0971111455047037 1.17941247508313e-10 8.95504926180087e-12 0.117988078863721 0.00026299756989358
RRM2 -0.0337292699717128 1.08283840360145 0.00943078389770673 0.044060067212866 0.0119192781592912 0 0.774330618913113 0.0810175426833033
CD8A 0.166446783937495 0.18709951878126 -0.0510410524418263 0.00768008340420642 1.19678859401658e-20 5.62948876217979e-05 0.151483476073284 0.775992322079406
ISG20 0.211593309345752 0.301604425689307 0.00099679692345435 0.0948149805505271 3.49139530795661e-13 3.44884068743082e-12 0.977605122911886 0.000287876301812089
LAMC1 0.0853173554074123 0.834452444090254 0.021954985215415 0.0799654346750565 0.466892004704233 4.77277668796951e-130 0.56819238876057 0.00114862720613314
EFNA5 0.0814698177079193 0.132814007685827 -0.0076668633833133 0.107983210440373 2.28581952124096e-12 0.00804961150581031 0.835450202914909 0.000102226560674933
STMN1 -0.227827185344614 0.980886156770172 -0.0206111311740008 0.137022358412557 0.00409659532576078 0 0.54142456389575 1.67395275015265e-09
PGR 0.0603233787346395 0.220997467393017 -0.0510093901858763 0.0696166568535894 1.87888310548056e-10 1.99869636116526e-06 0.240904390161389 0.0154382099879549
CD274 0.120525179897881 -0.0221381792723734 -0.063277765352633 0.0596036344613652 8.13375208490349e-23 0.650213743535464 0.102234386106599 0.0328450754867001
BLVRA 0.249348506542019 0.65690049554726 0.00505939171754786 0.0546586324435881 4.73135593931866e-05 1.72227368907032e-82 0.887781941228214 0.0331636525007529
MKI67 -0.0762729882529671 1.09375843397721 -0.00441774372898919 0.0656107822928338 0.000244803613548739 0 0.877523731971337 0.00195660283401106
MZB1 0.0732540348606103 0.0608130916940589 0.0454148844968968 0.0482119098487087 1.37988410923322e-13 0.219641929047072 0.184064457015673 0.0958396123781054
AHR 0.180808504832369 0.3945787195101 0.0645657895829426 0.0767297746300665 1.14058676918829e-08 1.82932514884514e-23 0.056524076903759 0.00268625561488475
S100A14 0.0456165869142839 0.0123545129473125 0.0276357465203128 -0.0392825953251048 1.38332891413474e-12 0.816268601647415 0.459079065165223 0.194790048231512
FGFR2 0.0825073271276151 0.0722288912355749 -0.00392708671115976 -0.0320549186668873 5.29312150916443e-17 0.149649009860347 0.918475939124704 0.282124849046754
TSPAN1 0.0698493833610526 0.153032409398184 0.0807945382099969 0.0124582509307064 3.73109717247941e-11 0.00241191774710791 0.0302116940258386 0.645249126009663
CD9 0.111564412101471 0.276899657996491 0.0069063978072231 0.000612039600693518 5.51402322417514e-14 3.74604635214829e-10 0.837973677760472 0.982467988615476
HLA.C 0.145994095384632 0.780680585108742 0.015074856137382 0.0671070200023209 0.0618383731961173 2.39696752178032e-124 0.683748672964316 0.00720753192139521
COL1A1 0.0460225411919173 0.882275777001571 -0.0529730573271361 0.0408361470654543 0.171216366645771 2.61876918738579e-203 0.128082270026929 0.0931168642105688
ITGA6 -0.153456471089632 1.08764408453391 -0.0833942282458718 0.103831355761122 0.000451807713146863 0 0.00218609141490758 4.19313592651862e-09
PHGDH 0.10723112050093 0.421824725305933 0.00333855030349535 -0.00285775678141441 1.99481072321951e-10 1.59802769517283e-24 0.925857189158408 0.916888833309371
LDB2 -0.103987978609659 1.04876237867106 -0.0428237000913044 0.048738355385067 0.0469639947611663 0 0.114343427655146 0.00783489779766644
AIF1 0.0773144108499491 0.385343597976876 0.0334233158236924 0.0407316089591658 4.16101384109828e-08 7.10465383592284e-21 0.361995716989185 0.131364753035171
S100A4 0.248995726658547 0.00570818695570218 -0.0401677545372036 -0.00363428067688399 2.51565192260017e-31 0.903974195278162 0.273805077825343 0.89055400897256
SULF1 0.0206055605478351 0.508023186035788 0.119305691654797 0.201525752416009 0.266357764411402 3.39465231751097e-39 0.000480428475933467 5.15338440247867e-17
NAT1 0.117699420089067 0.0799875945677704 -0.014457398484573 0.049213014596043 8.97329831083413e-19 0.0743829211956377 0.693754276794801 0.0727324680654739
MLPH 0.093375035370705 0.64501148991716 0.0142118683250146 0.0527246422348281 0.000926524041006894 1.13130010007344e-78 0.688497707262753 0.0420999465656882
BRAF 0.111592503564554 0.654634004614274 0.0470510720265369 0.121310312232679 0.0396120463991351 5.6658859277859e-75 0.191735040383229 9.98017547373513e-07
FGFR4 0.0975686904709116 0.174620003950854 -0.0151888853948089 0.0106968128450348 1.97193632710241e-15 0.000315198174132236 0.674701531756167 0.69561229659408
EGFR -0.362059407126157 0.957281552449923 0.09512482882578 0.126806330442185 4.12438485981873e-06 3.73029443923058e-318 0.005410576376076 1.81598833060212e-08
S100A8 0.0143836499217584 0.0239108230988309 0.00743074342235378 -0.0205957619044103 1.08229018590893e-05 0.669057105751708 0.839973100765683 0.550835906153495
PI3 0.065385623414302 -0.068059470976301 0.0144450349046421 -0.0382594476284199 4.41517114743781e-17 0.186607806766234 0.707436750116771 0.194251287371046
CD96 -0.0390676043461257 1.14852313095522 0.0534547840270106 -0.0111653942171661 0.00097909665050986 0 0.0478147655764896 0.580048022122735
CD34 -0.18361339392086 1.10691996250825 0.0284046590533815 -0.0073956931631375 8.09550820584613e-06 0 0.242360641820819 0.646649141819151
S100A9 0.0232254683953562 -0.0117541303595431 0.0561757237777407 0.0510489597563612 4.33970373775305e-07 0.828914156164856 0.143850691691655 0.106141424990011
TTC6 -0.111245303159215 1.04946580993951 -0.0570528105716326 0.0377260360931724 0.240562143545431 0 0.0186587392026234 0.0130649167687231
HLA.DPA1 0.0303892767518125 0.913353584883944 -0.0537174637803529 0.0292476589524904 0.280896846262878 2.8193012692746e-298 0.114249000848284 0.227741253613025
ITGAX -0.0272636865011844 1.01730018152706 0.0736503247847681 0.0106954903829246 0.0741300042911299 0 0.0253766934296274 0.655860038401619
COL1A2 -0.195101746612241 1.0776871710121 -0.0149842475754784 0.0654208931105373 4.65526712571922e-05 0 0.569215406371059 0.000250458964963987
MMP11 0.105111511100511 0.471650623759795 -0.041681630564817 0.0197983863589875 8.52274369298548e-09 1.53392080977606e-24 0.273760827286116 0.455702510083391
TTYH1 0.0378405198888064 0.0380781549466945 0.093007513415548 0.0429115001034752 9.18936084743162e-09 0.487643580302618 0.0118706863766236 0.154933331484619
LGALS1 0.196409727064005 0.654472338014282 0.062013942747374 0.0775508699386051 0.00641322654171142 2.54951977711084e-86 0.0963727561797403 0.00156650794889423
AKT1 0.411491096815358 0.111975199156145 -0.013846912904934 0.0177296580260969 1.91901060967448e-28 0.016660181912788 0.711358593331483 0.499913338013982
CDC20 -0.0201590058249108 0.970507045408311 0.031871500890149 0.0331655256482333 0.17560328002198 6.67792586808684e-260 0.333873934663607 0.186365835139184
NCAM1 -0.157335027389364 0.965308474137071 0.0416708304697085 0.0855630247800993 0.0200830656175156 0 0.225472768688364 0.000240092481352331
TAGLN 0.0337687357945296 0.799343531020917 -0.00954904318501251 0.0798732807774929 0.221642102741361 1.02154333428683e-166 0.776999078553642 0.0012164135881725
C1QA -0.0440638389810325 0.99722249009427 -0.00758444642821583 0.0565089601379739 0.0704138981055297 0 0.807560268499852 0.0140335076934531
PIK3CA 0.717671371678422 0.591121940517957 0.0482070194807465 -0.00413722723776974 2.88430968333063e-08 1.03352516335988e-47 0.221375185454983 0.870934840897911
MMP12 0.0310643822138635 -0.0393345510768642 -0.0178608098508473 0.00407017500348834 3.19496775797514e-10 0.467914870055542 0.638890372004153 0.89898654963638
EIF3E 0.569530650692692 0.107425451772874 -0.0077755237832347 0.0509927536171812 2.28349027370279e-28 0.0238614482458534 0.824537800446797 0.0504616269030597
FN1 -0.417365063466723 1.06093378697562 -0.00327005186536971 0.0756760105109871 8.77900626269808e-10 0 0.887216017307902 3.23627661366186e-07
SDC1 0.0390629737883751 0.75099570698541 0.00806041043151138 0.110021940141673 0.293281392487585 5.71321625199152e-129 0.818955001074836 6.77110966237421e-06
LGALS2 0.0446763340591731 0.0203777573063825 0.1152568799625 -0.0320897463684843 1.10326384635227e-10 0.701891968739482 0.00598864948594383 0.282126366732437
CD36 -0.445042368525612 1.05861801214825 0.044316713518068 0.185340670181298 2.34341838394883e-14 0 0.152459773829157 2.69293320875907e-20
MMP9 0.0232762453221419 0.0677326123161095 -0.022789675423276 -0.0048422420634929 1.08594574341772e-07 0.222945768392879 0.560311578726445 0.877231953902097
SFRP1 0.0299238527153315 -0.0103348376772067 -0.0171989037619837 -0.0119682053165059 6.16068163258454e-10 0.84644514976989 0.637733591171677 0.706382387029482
JUN -0.335221911665436 1.00231129161905 0.0170478858771107 0.0713513473228402 0.0168773381981955 0 0.639648492136182 0.00110050072197203
TBX21 0.0973322305616627 0.357997336678434 -0.00161984105631704 0.047773518077402 5.13296340624389e-10 2.1797103243145e-16 0.964338817578854 0.0770138697309226
COL3A1 -0.226769927726668 1.06495576267084 -0.0131333087921509 0.148736996783554 6.10786165721958e-08 0 0.651780720763764 1.49013537536675e-14
CDC6 -0.0204514349760416 0.924320332459843 0.0300234759618986 0.0359587492900761 0.466283936710038 2.93272697231272e-234 0.373899466019881 0.139052731486729
ELF5 0.147403384900411 0.064884790240613 -0.0723322570133787 0.0536140273344385 5.6350169230574e-23 0.159555444631688 0.0502827873263959 0.0589776602688623
TYMS -0.223600525978704 1.13632964298119 -0.0239894818512022 0.0886887070541576 1.76803367868794e-08 0 0.417246532114599 1.25757783970545e-05
NDC80 -0.0925276186072075 1.02270522867804 0.0404117391672134 0.116379780260358 8.15923671431566e-06 0 0.191667187801002 4.31001674071541e-07
HLA.DRA -0.288564522041064 1.00374746020143 -0.0339988159457667 0.174882166286411 2.82968040697266e-05 0 0.323272598941363 7.92006091058687e-16
ALDH1A3 -0.0833262825553112 0.752119076279365 -0.0692955846502207 0.363900701041545 0.0546402226888352 1.72589535435473e-138 0.056544780435706 7.667846694078e-59
C1QB -0.0239949722213448 1.05007302502 -0.0126299743092098 -0.00565346058073283 0.317540042731414 0 0.673554810467226 0.800044142629826
MS4A1 0.0867271742101291 -0.00441504130622432 0.0121131128331228 -0.0217730903129743 3.7754486468755e-19 0.931843932563161 0.749163544698203 0.458342901961214
PLEK -0.0579748165002492 1.06280121962641 -0.0308696120494869 0.050255669407507 0.0367452432031569 0 0.307817427590045 0.017448533772967
CD38 0.0438593148848506 0.790149914981752 -0.0816844347005352 0.00531440805351448 0.00120963170541736 2.33710530806717e-149 0.0213853425650494 0.843426554131867
FOS 0.092956104831429 0.528426102841954 -0.0267327089756049 0.16198507158814 0.000139709163030866 6.63712391084206e-44 0.431284418103507 6.17105894711378e-10
LGMN -0.0506076826641099 0.944784827673061 -0.0146371911097713 0.0649993307433293 0.441956934286296 0 0.675543919926386 0.00611974807712314
UBE2C 0.0499602622455797 0.629253600569746 -0.00173329566616549 0.0352740718686728 0.000878143586162895 1.63010250493144e-61 0.960236438786005 0.180977746413569
COL4A1 -0.0880127469380613 1.05287487109357 -0.0926648636204262 0.0703304451388244 0.242286544029997 0 0.000676710217158513 5.11307129832169e-05
JUNB 0.261297261944972 0.562025411057836 0.013856838779565 0.089326136188385 8.57239918418363e-06 3.20663002777959e-51 0.707049555414619 0.000405236543450146
TCF4 0.187434017361829 0.770647078727804 0.00266033813160597 -0.0279292822881116 0.000271496909932803 1.04286609333001e-154 0.941335796621889 0.277187518329241
SIAH2 0.555237547490796 0.312108377769929 0.012067811493526 0.00430702656721134 7.19700939831482e-21 4.87063896272513e-13 0.731397641656446 0.86868494199866
MSR1 -0.0333152052413619 1.01332193677558 0.0281223597672884 0.0694123224893712 0.0381633118696158 0 0.380012779047087 0.00340208271067582
ANLN -0.0883017687414541 1.11139999969557 -0.000421437520274534 0.00630886154169146 0.00103944660733951 0 0.987843015564607 0.753219856144047
CD3D 0.00511474734720568 0.939071197579411 0.000337183187289856 0.0188202475816772 0.631508053197972 3.44344628643455e-263 0.992718088400358 0.458281953985829
EPCAM 0.0472882436219908 0.996601552677605 -0.064604948728997 0.0422680969448039 0.626865898069141 0 0.0680797360645875 0.0576699194474907
CALCRL -0.0546697732752038 1.01999743665559 0.00447481377867543 0.0442347782630084 0.089165533377017 0 0.890010888020178 0.0455585119649161
CDH1 -0.239809845052031 0.989672912309635 0.0187406775659818 0.117313852479141 0.000540518789794282 0 0.561604061038389 3.72683960787752e-08
NDRG2 -0.220908448489715 1.00481290907821 0.0425797180011748 0.0582300952185838 0.00234197825519915 0 0.202325614188455 0.00788029954090989
TCL1A 0.0298846573928598 0.0875639427293809 -0.0124503129604764 -0.018514659717316 6.29841498926653e-09 0.113354826326259 0.754956676362786 0.547159432682223
PLVAP -0.0628637802826318 1.03639260850618 0.00727949777143654 -0.0141617344168148 0.18135764871217 0 0.816122039602019 0.508575974925787
HLA.DRB1 0.148070661270446 0.530158906090945 0.0212309885380656 0.0207088864410706 1.74369006856544e-07 5.81366451900957e-49 0.540160267859464 0.418757262366781
MT2A 0.0812009757604463 0.0945784278703816 0.00180299064872501 0.0597927726835468 8.10274138392642e-14 0.0658974077196145 0.963039029362816 0.0376868375188401
LILRB1 -0.0167911307343753 1.07694592033097 -0.064168592353449 0.0220887360127222 0.387725907507376 0 0.0278248061665918 0.303310261043243
POU2AF1 0.044012082452085 0.0446888826220142 -0.0319470646248689 -0.013000711283701 1.68272764881791e-12 0.378859082775037 0.400691858787693 0.672755705677129
AP1M2 0.115287047005246 0.385239846819217 0.00603359828320317 0.0101416793170199 1.01803381761586e-10 1.75832215103422e-19 0.873847923785318 0.706001211063056
KIF23 -0.113793027628152 1.1097896812463 0.0252403261078091 0.0267184432647432 2.78723869715743e-05 0 0.374963806262769 0.201466482948113
UBE2T -0.0288568293832736 0.936395411042234 -0.017455743639775 0.075174416658502 0.471962889110395 9.77854726248995e-320 0.5981629157149 0.00161282512507858
FOXA1 -0.358289581418151 1.02258382402859 -0.0106706595786782 0.0662680426628528 0.00213748325360359 0 0.69965794305713 0.000172234234297026
ERBB2 0.149927266749184 0.149229592168512 0.0267136015177023 0.040053113552486 1.69112485431366e-16 0.00192113527497328 0.4638282254503 0.130465624560176
COL4A2 -0.103538583475321 1.04891958654434 -0.0696762621908609 0.0677855981926817 0.135606745265885 0 0.0140566338435239 0.000284954526488544
HLA.DRB5 0.0519484880678465 0.195362530765288 0.0131219293949568 0.0541664024087305 9.78143912453611e-10 7.24135634813473e-06 0.705498930561847 0.0510283053858978
CD3E -0.0259837478205586 1.13078906716707 -0.0313556562297485 0.0153641923965909 0.043684796543756 0 0.29715331472744 0.468706105297161
TFEC -0.0392254889811879 1.1016894924133 0.0375036091538287 -0.00816839588959913 0.0102318975127979 0 0.185519828227623 0.693785050306053
SKAP1 0.0418489406618192 0.946877739645698 0.015183576026364 -0.00636963449892879 0.564878686962877 0 0.65987121933949 0.787429992088275
CDH11 0.0516350837187413 0.947539770018319 -0.0343278917229777 -0.0143059741337288 0.113909824544498 0 0.318868609296616 0.543711184367116
CAPN13 0.135980640074067 0.42123741480162 -0.0191266653470031 0.113501685198184 9.69187489254049e-09 1.02812746904428e-26 0.585053291523007 1.49005987172936e-05
ERBB3 0.0267882599100686 0.0127172696362101 0.0204974026884295 -0.0119982517519372 1.65557690297229e-08 0.81915937371633 0.637629843223597 0.68652975535791
NF1 0.00284792412011803 0.895762560435268 0.130938513374979 -0.0290169552559513 0.986595368287833 1.69105053996552e-157 0.00161543086333888 0.246934584721909
APOC1 0.0891227919207007 0.200216757027478 -0.0481722021935563 0.0208670834356588 1.89953091311212e-15 1.07042425318405e-05 0.202451674904573 0.439459316493358
LRP2 -0.454871783622737 1.02220039062258 0.0418800452845786 0.103663864500673 1.57190025183175e-07 0 0.159918150660522 3.16945526429096e-08
CCL2 0.0436412043403737 0.146629348459373 -0.00974340063660579 0.130073811672449 8.4097932877001e-09 0.00195055864150177 0.786860864483015 1.34795581998783e-05
MUC1 0.116750785983076 0.343966872988609 0.0353954624482794 0.0930000129504138 2.36795368258663e-08 4.37330860443504e-15 0.344486008261921 0.000458687824012217
CDH3 0.0535118065189717 -2.15442730872206e-05 0.0214970889847539 0.0435531631086934 1.50167682889818e-12 0.999662239510997 0.595806984807667 0.137431220208117
SLC2A1 0.122996052539412 0.0245627077763915 -0.0194845877149434 -0.0463620624430051 3.92777937653601e-23 0.613815478861932 0.60625504091173 0.118826648029485
TFF1 0.143101733114453 0.148597084681934 0.0723606230121704 0.0397992921908609 3.27386872023313e-15 0.0021329046024693 0.0404252254944932 0.138545655462518
KIT -0.16635362546786 0.749630758726989 0.154479140223045 0.216252930797286 0.000261112003065892 7.83397651243882e-113 5.69171539349346e-06 5.86154230927178e-22
VIM -0.974113219223298 1.02802818782948 0.0616053261391683 0.120528665909402 1.99459768910807e-23 0 0.00761939046573189 2.99867903268169e-15
PRLR -0.107683602689493 0.926475514659934 0.0837010179817425 0.0474957023398378 0.0754596435241526 0 0.0124455645159081 0.0411638869789386
CD3G 0.20873722529408 0.107485565900063 0.084188836927349 0.0305575192862671 1.95914004506739e-19 0.0168626763179843 0.0186354365182176 0.243574887015443
ERBB4 0.0241218353077354 0.610743956110519 0.0905783434127454 0.175946091460405 0.52523592179046 1.20760942904771e-56 0.00996244047591898 2.28040767963618e-13
LST1 0.115381157068056 0.135440561719888 -0.0147660451312443 -0.0128032299725173 3.78256433848519e-19 0.00393161294410567 0.687592316458685 0.648861555253693
APOE 0.0832607782207846 0.512077705737898 0.0233504167887923 0.033514787153534 2.08375668212988e-06 5.2500745718089e-42 0.522872800662356 0.218815977113643
NFKBIA 0.383269570745458 0.291514002536993 0.0328979857027804 0.00174320779806538 4.31572085662972e-18 1.92531272189306e-11 0.368373998459314 0.94754341247172
TFF2 0.0323075316440422 0.1145110322958 0.0212566538099461 0.0853943163586823 1.63485630303444e-07 0.0416604985902537 0.575339252738648 0.00582337814940591
FOXC1 0.0479967944501114 0.668514463344292 0.0434606404894254 0.160567045447073 0.2780032801475 1.50118669127602e-102 0.204084005952159 3.36619742633188e-11
COL4A5 0.298149031260879 0.244310185355588 -0.0126694917626214 0.0046608554112192 3.07979605484658e-21 1.06284877451285e-07 0.718154360061611 0.860422536062069
HLA.E -0.768007017273375 1.01199225084341 0.0469551099476381 0.181742287218178 8.48366279474559e-09 0 0.219470176328084 9.32842995457536e-17
ESR1 0.0769860932766169 -0.0606441295405823 -0.0224107101244891 0.0110536490691647 5.37977633867391e-19 0.23034888622881 0.541420497935766 0.689608162717863
SLC39A6 0.0550821683916599 0.906913882525262 -0.00618237269857882 0.0509360472358416 0.58728388251684 5.80857666153344e-267 0.869922774683149 0.0338376553839217
CCL3 0.106498340482008 0.656690091273064 0.00331965118794303 0.101890093333949 0.004920079319425 1.66343070712717e-74 0.92452912608244 3.55396013456316e-05
CDK4 0.371154441766118 0.398678622732609 0.0307050164982473 0.0384139455617341 8.06145187462629e-13 8.28728199917269e-21 0.389384469794326 0.136013115841178
MYB 0.0892241118689354 0.575092895012158 0.0774915197902572 -0.00523524261835227 0.000115241153558052 2.1738668942856e-50 0.0258949085182851 0.842283577113091
LTF 0.0568776373513046 0.486897997280119 -0.00309073294911946 0.0222388729094277 2.67312482913544e-06 6.21874347272456e-31 0.938517190825212 0.44495737067236
CR2 0.0676935400495803 0.00872771823101448 -0.0395748809725335 -0.0334185635150519 9.69644914948359e-17 0.863685145935292 0.353150823822432 0.250891167410678
TFF3 0.0963646423557638 0.0618640452306148 -0.0124420801629902 -0.0035624588317017 1.93885576832973e-18 0.22381510691621 0.716985620162509 0.897825937851941
VSIR 0.109790308648295 0.543295884600009 0.00378494712787455 -0.00740567920904819 4.08522948726035e-08 5.31159308381865e-54 0.912551584959925 0.779623437008077
CD4 0.097704592877407 0.674079568797633 -0.0189527023599548 0.0210265979127946 7.14937682141895e-05 1.22917939200703e-102 0.589393847954056 0.407214463897137
SLPI 0.0702006427325927 -0.0250453541092344 0.0092629538178128 0.0353803217620597 4.90330397456897e-16 0.630917811853967 0.788915691051908 0.211889339471405
LUM 0.0139199241849903 0.413967069844737 0.0967859340332199 0.20495325123377 0.0539716033538355 1.45609837052644e-18 0.0296942066000274 3.05043604827713e-15
CCL4 -0.00179716780795316 0.92471899882422 0.0255897189656119 0.0280005231678026 0.862241427463298 9.35962328965305e-218 0.503942974407263 0.310752671383751
FOXP3 0.179073813326837 0.161210424485732 0.0147081434645175 0.0180784499720005 2.99521767508677e-19 0.000458723600808078 0.685988684648822 0.495167783680715
PTEN 0.69972865904909 0.372019530509376 -0.00789717356671299 0.0121666786541465 3.09727179155113e-18 1.07236110413385e-17 0.830027224022541 0.636371400517798
KRAS 0.580011914830835 0.452399184453634 -0.028599810150667 -0.0410140831839193 6.88723599688517e-19 9.87473434831548e-29 0.429967797306899 0.114462232354718
HSPB1 0.282315684540826 0.858954803272778 -0.0787393848881844 0.120156545809287 0.0684882868890937 4.35511211541089e-188 0.0584594799306088 4.88659773883771e-07
NKG7 -0.0116254293252575 1.07731480968499 -0.0698491921122033 0.0335326959055031 0.41477006525777 0 0.0300118526258739 0.159935684119466
AR -0.293659322404836 0.825146117926895 0.0946831792551983 0.266936610975541 9.77626370398067e-07 2.99724978702983e-216 0.00506991642444922 2.37769286198509e-34
CRABP2 0.085022324002023 0.0763852380578073 -0.0465379053811741 0.0371098331467436 3.58919437158299e-17 0.124077204572096 0.228290264607255 0.185706097870812
MYBL2 -0.114846406120818 1.11096561743208 0.0546473998317313 0.0515592585827567 2.9028535082942e-07 0 0.0757473596423603 0.0193367068380164
CDK6 0.134817524788879 0.098549291401284 0.0762082206219428 0.0277968513840555 2.44836120430312e-17 0.0270481152849877 0.040106592271185 0.30764456858911
FABP7 0.303052844281363 0.0713389520444144 -0.00402623747644858 0.0587233314165946 7.60211564851107e-26 0.119691184515852 0.910523446863634 0.0266761017363468
XBP1 -0.0864835115788297 0.971411679096722 -0.048826200797474 0.104161400238958 0.547201114767531 0 0.213994751407067 6.07883039479637e-06
KRT10 0.0612350804655748 0.117496839110845 0.0350085836616238 -0.0209749025239497 1.06194953468093e-12 0.0218370495454063 0.326973511221451 0.418865554401258
LYPD6B 0.109188177105896 0.361786789778326 0.0457244200923608 0.0720316714153122 8.69189391072798e-08 1.38372539109541e-17 0.216653861285023 0.0065602999425472
CCL5 0.0593654137720481 0.703699516313748 -0.0243690996356035 0.00827882684234757 0.000506402558764976 6.36698924068615e-105 0.483771589013692 0.763652359942642
FXYD3 0.078076467358263 0.634328314754354 0.0250739482081664 0.115726603397193 0.00954868975239362 8.50818706776096e-80 0.465400455990635 3.06281560007803e-06
KRT14 0.0263653107074356 0.0766453350258735 -0.0385063002248291 0.00167616532788043 1.7510045291387e-08 0.147479292716564 0.344698788912979 0.959638421786497
SNAI2 -0.161131499353505 0.907112627501509 0.101102952368931 0.127652519122418 0.000278110750831873 3.14167236256568e-285 0.00300738464515511 3.43577091702828e-08
TFRC -0.0378841158731143 0.766518975249601 0.0544667128698908 0.162658289703037 0.492944883282777 3.21641751000474e-131 0.114011112375723 1.40528816471312e-11
FAP 0.0352338606819401 0.705777035654881 0.00243947722406845 -0.000768984005915932 0.00415393867183977 1.04087230527749e-88 0.94869183109129 0.977284756164795
CD40 0.0134677492635324 0.923705826619963 -0.0220755955121352 0.0321100689405363 0.628856799410621 0 0.518931361774107 0.178608911275381
PTPRB -0.0908805231029278 1.05784242610574 0.0088112906902962 0.0953357722318841 0.000114532688810977 0 0.767729253296587 9.87374429943343e-06
HSPG2 0.0417032661827895 1.00472517032532 -0.0367556778309631 -0.0773370157103654 0.082598432642668 0 0.247277214697788 0.00109796473048014
AURKA -0.00622542520755878 0.936661882092999 -0.013650012443931 0.0280069501955801 0.892863615296424 8.84871571701673e-320 0.685814596897586 0.232079542574427
NOTCH1 -0.0352818757817622 0.982483625654482 -0.0364105366066968 0.0673973570653883 0.404988287676682 0 0.269000925379544 0.00376110981604541
MYC 0.180232728350876 0.726317155796511 0.0446851258238556 -0.0169297592822868 0.000651766153675528 3.9577077148606e-116 0.202564710128243 0.500476344791924
XCL1 0.0955647526736479 0.126565282656641 -0.0553567131045959 0.0032390528754765 1.36695974919919e-17 0.00643878113290786 0.175730998161143 0.912261903645762
SOX10 0.0768373875405322 0.0103823749635171 -0.0116065792340072 -0.0252693163507664 4.73755990109075e-18 0.838913052847128 0.757112850434333 0.387892657458243
CSRP2 -0.0480941591825805 0.88116253119547 0.0441372014723041 0.105158259611511 0.183962634275313 3.88350495138932e-295 0.174574240134436 6.53749039242918e-06
KRT15 0.146696303243029 0.244434973916165 0.00044948936774335 0.029091100934038 3.42826301012416e-14 2.91912974995546e-07 0.990639940510458 0.277529789236766
LYZ -0.0536818815625532 0.939516922660707 0.0457557186624828 0.0892672041863332 0.0257856704224839 0 0.183503401077641 0.00020331660488494
CCNB1 -0.248998605508231 1.00868972477697 0.0492650191623879 0.145352276515459 1.58825156275839e-09 0 0.117048742590937 2.51291053269792e-11
CD40LG 0.018640318898729 0.787021942217209 -0.00817968827257331 -0.0135142092205363 0.0475341958433093 5.64668004469617e-131 0.825499511794917 0.610318648313779
CDK7 0.52084999321046 0.222255506191117 -0.00501289641016468 0.023192925466974 8.65099961440838e-24 8.51957039319031e-07 0.891410108585851 0.371372080749978
AZGP1 -0.00660993799401258 0.540513753852033 0.138081650963678 0.274656353624043 0.607637948940474 5.02473810197123e-34 0.000254355330238232 9.6506389934738e-31
KRT17 0.0255803398985558 -0.02993772821232 -0.0113568044527204 0.0202636621999428 1.41920355691808e-08 0.594157427967045 0.766619522321468 0.517020119408963
THEMIS 0.0029172099766776 0.881009441002933 -0.0540646957353797 0.106552904911917 0.802162837139133 1.41223226281022e-233 0.117425474442505 5.29115436331828e-05
FASN -0.199465538597508 0.9659993552441 0.0342869748884763 0.0799929352074964 0.0241207962411069 0 0.328717052783522 0.000390860353867832
PTPRC 0.0174091494698916 1.06312954587556 -0.0522057711104073 -0.0456731317212133 0.379362831777946 0 0.0736548662823254 0.0349257056123809
GATA3 -0.57922440973064 1.0292404856674 0.0334992222125192 0.0538175628542042 1.1993835231012e-07 0 0.166740098383665 0.000478292330135326
ICAM1 0.0418679980489029 0.670333552286537 0.0142972054314277 0.0576564498312852 0.0103532844645158 3.9817936341811e-73 0.688652014402332 0.0225568900050285
MYL6 -0.450021551164813 0.972625245967545 0.0273986210866405 0.110919658184745 0.0320716864245923 1.39330637916737e-285 0.498922282722718 2.33209825914621e-06
NR3C1 0.570175974771458 0.583989545672565 0.00982423167156137 0.0940239247585886 2.53340977978689e-06 2.82351227383397e-50 0.804175626618836 0.000202685392299267
CD44 0.0947371432457978 0.371344820957044 0.0608502295520142 0.131058083795628 3.6593083759767e-06 3.48329583341707e-18 0.0824139324079834 3.6291515636279e-07
ICOS 0.00129597763238021 1.05939413520118 -0.00132533972239292 -0.0566807500990086 0.855759634109929 0 0.969193745143848 0.0409906500960707
ZEB1 -0.263379197297471 1.00446445101668 0.0594695923262186 0.0212216258583906 0.00829574355896662 0 0.0788336671388495 0.316677510774405
CST3 0.215554631944476 0.690622213106199 -0.0216644454062587 0.138710140085266 0.00667648854619784 2.31297028480221e-105 0.56395019635793 2.12879762726677e-08
CDKN2A 0.15391013299615 0.502900579516227 0.111544693938713 0.035720555979552 1.68743523085583e-05 1.25748101121225e-41 0.000837568697105557 0.153857747277343
CCND1 -1.16871854043982 1.02231902075528 0.041261745926034 0.138534974709913 1.19877065125109e-08 0 0.217603570948239 2.568375158964e-11
PTTG1 -0.055556427874537 1.0571302082964 -0.00876155718172155 0.0776330411609398 0.0031563820843947 0 0.780225377208123 0.000945333813040092
THY1 0.0434804088291549 0.837808641539819 -0.0398718712424975 0.0406809213923355 0.0846573773329097 9.5212319979328e-153 0.233148311466733 0.107682810931588
GNG11 0.0648545937182306 0.775739843199153 -0.0382269180738486 0.013465889353895 0.00237382832346245 1.66937389375334e-144 0.270967458075225 0.586697604995943
KRT18 0.239257965714519 0.641727705591287 -0.010957123874398 0.14225844697503 0.00172240836252021 4.7074637703706e-72 0.763954023868795 5.79110679011769e-09
B2M -1.73659386787625 0.97358586068257 0.0610461458817952 0.212039230791305 3.68935265829394e-09 2.39261005338418e-290 0.0675331129518998 3.41251123366159e-22
CD5 0.0557002978432769 0.222510219076776 0.0521150209179365 -0.0111487891812842 3.51752959744597e-10 1.51243334712434e-06 0.194546922594304 0.708263129546398
NUF2 -0.00723299019767221 0.906748164129579 -0.030281327689989 0.100312872161837 0.702030838762377 1.74526277881321e-270 0.377157939180667 4.7065645688577e-05
IFITM3 0.0888809811205536 0.545113741338086 0.0196890668300276 0.116002284613882 0.000369192277485107 4.10451833691471e-52 0.570471813969604 9.28906743173481e-06
CSTB 0.110189255775872 -0.0773106787430856 0.0579774321870581 0.0513285588435622 5.09077299998694e-19 0.14145645206021 0.147519876263778 0.0662376011157538
CCNE1 0.0697628481338068 0.59600736897195 0.0113532653417527 0.0626180136818783 0.000503357879292621 4.96140730679085e-56 0.744987065300224 0.0208178399543686
GNLY -0.0534020966380731 1.24716770918076 -0.0413749150376624 0.0563874073875058 1.66220276988751e-05 0 0.187190200882834 0.0192862531909406
RAMP2 0.0673381124141936 0.62175474214349 0.00754494160047114 0.0202005694513911 0.000147840116848976 1.79004668630342e-69 0.834299143387447 0.470850421009991
OBP2B 0.0651967619755656 -0.130767657765755 -0.0395391323959276 0.0652150501228963 2.54961762594341e-17 0.0138428992961309 0.316062479814305 0.0350522714484561
ZNF571 0.445964497397341 0.188332669280558 0.0118803442864652 0.0252192473738305 9.49249271377506e-25 1.73927988325936e-05 0.731324852203327 0.319319810539279
BAG1 0.627981315083215 0.569636397618247 -0.0702663359262012 0.0551240270098708 3.422117745873e-11 1.33042453734557e-49 0.0685196682103812 0.0282225008311383
CD63 0.892776080374345 0.281995960484413 -0.155249442422668 0.0511806105028878 6.40256066900182e-30 4.08933183615404e-10 6.96933225377402e-05 0.0442892005608696
TIMP1 0.136546741761817 0.458311648203073 0.0215698584552192 0.0436297146492357 3.73081764667951e-08 4.86602325015975e-33 0.565862086333491 0.0975958592723633
CCNE2 0.00472208485686113 0.909899484301721 0.0195975955911833 0.0155485754547315 0.806646425617613 6.82531005285259e-205 0.561302806306156 0.551172720269519
GPNMB 0.128976568016369 0.270169062872701 0.039985106764013 -0.0546674141151105 1.72338974739011e-15 2.40437441241312e-09 0.251769242143632 0.0510936706565621
IGF1R 0.190502457499584 0.639944742972455 0.0177567897333462 0.0746742048200091 0.000526477331839993 1.06233815197333e-68 0.619596651868738 0.00269380351501439
ORC6 -0.00588948493577054 0.932151861237575 -0.00440032057560708 0.0412357462094034 0.866038893965819 6.53973286604794e-284 0.894848894029987 0.0926307240690197
CTCF 0.952298148438589 0.665527904061218 -0.0784408325627828 0.0241320305696029 1.41745983842344e-10 1.51852527574857e-74 0.0587347595395302 0.338645212707523
GPR160 0.244498506842639 0.292667933414648 -0.00397048754847533 0.0922399106001341 2.22051442985485e-14 3.67530294108726e-11 0.909966004096844 0.000254347921799992
IGFBP5 0.0516835500759347 0.697827671981101 0.059147648463949 0.133518834293504 0.379738131723896 1.27388423611917e-117 0.106167388095543 1.9764904234466e-08
PABPC1 -0.756728469245171 0.944059607464411 0.00739990477263216 0.190582348949143 0.000460875705472326 0 0.835290936192004 5.61857123752465e-18
