target intercept intra juxta.15 para.100 p.intercept p.intra p.juxta.15 p.para.100
BANK1 -0.0422820865083685 0.639663432776819 0.309285950995735 0.117359003133577 0.0020385076974358 1.87328547061234e-81 2.97425450612368e-22 1.04129044374832e-05
CTLA4 0.060129723940626 0.0993242169508265 0.0345904757764699 0.0558464847513446 5.82880766992035e-12 0.0416303334351443 0.350533012385727 0.0554698718669544
FAT1 -0.047981104138255 0.596608299653318 0.263946241013465 0.169780914069798 0.00274834416336268 6.26576942866239e-62 4.7290002222264e-17 3.70562111095577e-11
GRB7 0.0842367321843638 0.365020200088394 0.219571796621486 0.109769878615045 0.000641514531199815 1.37559250825148e-21 8.65211927417684e-11 2.43199055426865e-05
IL2RA 0.0983292007350194 0.356618331837407 0.141540636406737 0.0814239800577655 2.0396698200256e-06 5.75193824816941e-19 2.94991526224858e-05 0.00287731469328095
CEACAM1 -0.20769955219947 0.857355772982446 0.127272091523947 0.119562716447247 1.48534454232943e-07 6.46555772945215e-227 2.75598001679208e-05 2.16996877578294e-07
CD14 0.0420932272264947 0.348247952183355 0.197851244229708 0.084448840119009 0.00133968283432181 1.76875367134283e-18 4.08260653433466e-09 0.00196862113466672
PBK -0.0253727831855585 0.567900046980768 0.218147754400641 0.181287245875156 0.121525225297123 1.68890492733335e-60 2.52550168257091e-11 1.05225040569392e-11
SOX18 0.0557954797335693 0.410385387041781 0.122827490169203 0.112451887669146 0.00072991977809107 2.90515905267566e-23 0.000258698110730625 3.48008837722563e-05
ACTA2 -0.167217029665878 0.713084201669754 0.0957757880663197 0.318633402798292 1.33845275877832e-12 6.53668630785684e-177 0.000725987219323401 6.25531923678093e-47
MYL9 -0.307227983746131 0.744077652100961 0.156651660621471 0.227360108032915 2.60730383322387e-13 5.58861677137516e-181 1.16323061741868e-07 1.05023409046524e-24
RB1 -0.352740981670437 0.701634227475818 0.261742343361425 0.20123764212019 1.65054492471211e-10 4.93715757407373e-110 1.07252442861947e-15 1.3008654434017e-17
CD68 0.0595312449912937 0.292876112668089 0.135612252427763 0.0894493511775495 5.7049544074831e-06 3.6488221611671e-12 5.83051852446548e-05 0.00164422066686964
MAPK13 -0.212054638190735 0.787005716648949 0.239630062848962 0.0571764037677073 3.03020513107827e-05 1.55818129755528e-188 4.50290064179668e-15 0.013988332933162
TMEM45B 0.210385819765931 0.189569547365172 0.17793613765853 0.103718496550855 5.07431915484621e-12 3.82026688109207e-06 5.61997852516156e-07 9.94505318979344e-05
KRT19 -0.799907878444692 0.763630929398448 0.15840188771099 0.218253224658718 4.28080692409996e-33 0 6.35727018894962e-11 3.64775068757582e-30
PDCD1 0.0522968183889596 0.0870054113561901 0.0342481016429435 0.0502579576928991 1.14252201258525e-11 0.0716930187003294 0.349479117567389 0.0932152155238985
ACTG2 -0.0675775328990293 0.530338272158885 0.116307871922021 0.425202746093632 0.000356706221358533 4.71747607007796e-61 0.000298283675985351 3.15756628910623e-70
CTSL -0.0753462634504808 0.60796610990618 0.241281877669359 0.145508031872069 0.076346022472929 6.02795887782283e-72 1.39354835249655e-13 6.16778660752583e-09
BCL2 -0.383391910016796 0.792986507105795 0.194882429042572 0.130092807009619 1.72072060352018e-12 8.613949217163e-268 3.99048176645012e-13 1.00267491413664e-09
FCGR3A -0.0201091170537539 0.582511618365317 0.257397485328157 0.115099412514351 0.766271828499349 6.20634535767891e-60 2.05872977596395e-13 3.87816925832721e-06
IL32 0.218187635118574 0.352982754920303 0.199875149073619 0.120126183915322 1.24078228579715e-05 2.02774781418427e-19 2.13408001985323e-08 3.41044371439869e-06
CENPF -0.616250060008686 0.895393579530044 0.210141713931851 0.308177390021035 2.57874964695007e-70 0 2.48993329478495e-17 8.97235845822482e-49
CD163 -0.154924544499847 0.800806387621405 0.140011689626388 0.390683575685474 1.90425498161318e-22 3.59917631615255e-258 4.36711842632825e-07 7.74173367324738e-67
MYLK -0.195531448514783 0.762394675478967 0.151670973870721 0.173756614565104 2.9393140009986e-08 7.40048401799014e-177 9.22280746771335e-07 2.66659376650929e-14
GSN -0.0650128641604572 0.606515292813927 0.261616623389767 0.113622653770008 0.124795700696446 6.55283476777852e-68 2.71421950310196e-15 8.29109289361176e-06
MAPK3 0.118967906391567 0.303018221358777 0.195504647606528 0.109727467882604 8.44268253258462e-06 1.40104966991953e-13 3.06567661729222e-09 4.22097553331259e-05
SOX4 -0.641810786006711 0.824229952924853 0.0578872356982878 0.283286480665588 2.31714673214933e-14 5.19381529074467e-244 0.0528428715630893 5.06070044543201e-40
KRT5 0.17370885966476 0.263444488849697 0.0903471692345037 0.0441162115608482 3.89196028973909e-13 3.62576778723049e-10 0.00767501200513378 0.105386943701081
CD69 0.229960995924688 0.103460399796827 0.124211813772754 0.0913810880556852 2.35472993131141e-17 0.0144597957327155 0.000316566438580441 0.000694123552740449
PDPN 0.180074251583796 0.136704816643615 0.112051019778345 -0.0253630636419221 1.16928041065655e-19 0.00206173751119533 0.00111171809665257 0.361362701719334
RPL13 -0.338216104659591 0.502616827416349 0.264171776151218 0.342676524548138 5.84752897713757e-05 5.15308984867271e-51 1.30971443953497e-13 1.13685993661426e-53
IL3RA 0.114362493338216 0.252912105521679 0.023987935253053 0.0493572879068732 1.36421992356798e-13 6.90068150552203e-09 0.490247808050359 0.0727972265910541
FCN1 0.0797287710929213 0.370074511064961 0.117431174603368 0.0187701002510065 1.04003492803069e-06 1.56077317136328e-18 0.000535836694042473 0.494342907088457
ACTR3B 0.0834229416690448 0.423786549290068 0.228990253843969 0.113238964250013 0.00967497760747512 7.97960755367842e-30 1.78685981236683e-11 1.48668804442547e-05
BGN -0.394949267360348 0.754550658317967 0.0552965083917427 0.342657651940131 2.79746040763988e-28 2.5149042754103e-301 0.0272512222897101 9.51764347456299e-68
CXCR5 0.232616149600505 0.0963207563542004 0.132937157842021 0.0331903545055 1.18853608842574e-18 0.0300878888293527 0.00016549111876615 0.232811287040993
CD19 0.0552147296719021 0.18592020316362 0.123997910867065 0.00846713359711171 1.35563482797212e-09 8.26191461882149e-05 0.000214638543796208 0.773852998526093
CEP55 -0.12345805133238 0.823127196250549 0.223657105845418 0.131575494433358 1.45279826860143e-09 2.72054999460494e-198 5.49226783670085e-14 2.27757623220121e-07
GZMB 0.159601599912177 0.128662940874626 0.134332487276292 0.0923955804451545 9.9741885175458e-14 0.00280344654641364 0.000118714721745076 0.000746092657799422
MDM2 0.0391899803380935 0.469573107259189 0.225696335638218 0.0921323622241967 0.132275817504659 9.69779322221614e-34 4.71864838228237e-12 0.000432248811256386
SPDEF -0.384620789489352 0.848210574713631 0.0724984419972156 0.198615447229135 6.08309194309423e-15 0 0.0039880411466577 1.38552820329874e-21
KRT7 -0.109836667034554 0.597745826772322 0.159151840584547 0.27598997117659 0.00593831123220981 1.89185770592463e-65 3.28806573162089e-06 1.88791570233837e-30
TMSB10 -1.12620434206117 0.846342735792176 0.161601875010211 0.179474084953759 3.31726201805238e-06 2.8755521225195e-166 1.17798571070704e-05 1.49150773690849e-14
MYO10 -0.0912942666592748 0.606242026883133 0.248801443112747 0.155362123855696 0.13891432455552 2.66934192350883e-68 8.10757661063436e-13 3.21925076751339e-10
IL7R 0.0708609418162727 0.0745804190888265 0.0435913586005182 0.0208783117238292 3.19968672058373e-14 0.111950657639875 0.232443033560042 0.505940616779893
FCRL5 0.0319785294289158 0.291667288543223 0.0652013804589606 0.0784345398122646 1.69753751288998e-05 3.53264500510658e-11 0.0621848135026749 0.00803824658337664
ADGRL4 -0.0146222330190384 0.855201659139834 0.114338167323084 0.0503868094666498 0.0753032475962493 5.05075114212129e-172 0.000184546969273138 0.0612713615421351
CD7 0.0858983227016944 0.24192828185325 0.152710126406648 0.051518185834506 1.21631969369049e-08 2.82469039227725e-08 6.54203180136304e-06 0.0686177398310731
BICC1 0.0564948772465632 0.314081615428979 0.218572114159133 0.0734731416053973 0.000313768402409277 2.50322164098833e-14 4.276050921944e-11 0.00736581630565771
CD2 0.0959442230328814 0.141735251582066 0.0491701622550095 0.0966179568442835 9.19030698124167e-13 0.000992750611149365 0.160007459065823 0.000965558127259575
CXXC5 0.0294503311337571 0.555436715283762 0.291263320508546 0.0348264841055946 0.407508093473948 5.70874393465301e-59 4.32204440140578e-18 0.177539185208487
PDZK1IP1 0.0384578287489123 0.467800104672737 0.250590612069337 0.11313298087162 0.24266926983659 8.20176434522984e-36 9.72704677526168e-15 9.98242939718999e-06
HIF1A -0.348502558186647 0.619960853223357 0.266553105033042 0.252358596641707 1.12743501031443e-07 2.60842274692584e-80 2.51414739047969e-15 1.77894121395382e-28
RPL18 0.018360350745636 0.443468653222375 0.272022768914788 0.18969974583555 0.71206678667616 9.94941877218066e-33 5.94188369312975e-15 4.48864738044676e-15
CLDN4 0.0184020145430697 0.489119905958325 0.271776380766809 0.117282825754805 0.558147712807709 5.1489421308656e-43 1.42696871257663e-16 5.9208781362072e-06
MELK -0.243295906321208 0.937404884312871 0.190535102736925 0.13009407862494 5.91638460254184e-21 2.93158791616362e-319 2.74006999726149e-11 5.30660071812389e-08
SPP1 -0.290118233815007 0.544423695641268 0.255451433778277 0.510182747345579 1.65122974275087e-25 1.88871626640267e-89 1.95656915229021e-17 3.95221001383377e-123
MYO5B -0.0957167098915371 0.669711659019079 0.291867444016708 0.0635704484257866 0.0142719925853781 7.60448134519451e-93 3.17465886913178e-19 0.010695844797355
FGFR1 -0.333793010182079 0.815119740286669 0.1703844784204 0.16774339112738 3.32319463122331e-12 3.33525035819177e-210 8.46349669089599e-09 1.75534514181819e-13
BIRC5 0.0355735273676841 0.330999587707419 0.242296649215835 0.0797570613945004 0.00630766319068036 4.3168332572691e-16 4.06565224012025e-13 0.00461179042271222
TP53 -0.30802601502369 0.807485778542304 0.158768663964786 0.133156315234421 6.35722487239319e-05 2.521031552189e-189 6.64979524146326e-07 1.41723934998257e-08
AGR2 -0.224542184115267 0.59619095019283 0.310006895407987 0.212025123537528 2.49578249243757e-08 1.77782892758616e-80 1.44821187582995e-22 1.05794676926901e-19
ISG15 -0.0395290068009015 0.155827875179184 0.30076674489478 0.487863349380805 0.198856176979238 2.14396228017443e-05 4.62257196495902e-21 3.24546746887678e-120
KRT8 -0.583556020217562 0.866233502705133 0.0759769753877574 0.169148412259283 1.58026913246437e-14 0 0.00360930721413006 6.13559841787354e-16
CD74 -0.65742861544646 0.756022681482052 0.199131669559136 0.375301713770263 2.63951932097129e-65 1.19186854706115e-295 6.59206255762356e-15 6.58506928088271e-73
HLA.A 0.0202733167983629 0.535598750215088 0.111190188869032 0.150642677692739 0.142834087134887 7.16450587058204e-47 0.000585167279553174 5.70839531171029e-09
MIA 0.078612185008238 0.162725043756863 -0.0546539566067234 0.00603748048356075 9.84228220507306e-17 0.000397658232632783 0.131194638143618 0.838304695269537
DCN 0.0158995663673244 0.534548148666322 0.177628016116568 0.108199538885081 0.287821472100302 5.49902910548541e-49 1.43695495758006e-08 2.85536008361572e-05
CD24 -0.732097107087346 0.74966925261247 0.115744031672632 0.273183208960535 4.91037160544265e-22 4.63757135498804e-244 1.71397962004811e-05 3.56218153164401e-42
STAT5A 0.101183518358348 0.212390759671183 0.154335993767197 0.0609369158539388 1.07866206290544e-09 5.48945029134063e-07 4.95557853102449e-06 0.025258029768232
MZB1 0.108547346344632 0.182821136527104 0.130596817056721 0.0778410459593967 8.74200574896561e-11 3.81693937529133e-05 8.49939735673109e-05 0.00683905945904261
PECAM1 0.0608850982638005 0.509228014279701 0.212655171169046 0.0689875519430193 0.0417390813815151 3.25835803073093e-50 8.57744314869713e-11 0.00761998484795569
FGFR2 -0.0031796017074949 0.556671256795214 0.169101167899219 0.155087997432802 0.864153939641 6.81668949020418e-51 2.85383212319876e-07 2.23514849519454e-09
CLU -0.22249948234655 0.677917944103831 0.140236360738247 0.397411909359895 1.08487229096267e-10 1.28266113486277e-101 3.16986044421754e-05 6.62234404499844e-64
CD274 0.0553141765695889 0.000822187478612951 0.112432592135379 -0.00247013909384735 7.32293439191789e-13 0.986504557138395 0.0019874910657396 0.936559676734172
RPSA -0.493740934027003 0.762927648577849 0.180298659386319 0.182260806352749 7.73518156410664e-08 1.25698504071189e-175 1.98814620342833e-08 5.52088974356944e-16
TPM2 -0.859535014065331 0.698798297319148 0.26909378897444 0.241157806038419 4.26379608709273e-13 1.27640217192165e-130 1.233161867668e-15 9.88818198422056e-28
LAG3 0.0772737839018849 0.322058013773328 0.188548081218607 0.0553379057735548 8.49839515395266e-06 1.88880137026262e-15 1.41600034050124e-08 0.0480018006040635
MKI67 -0.289387283615846 0.998871249969818 0.183027671436831 0.17058896498488 1.52902646417176e-39 0 1.55580238622511e-13 1.58053465264695e-14
AHR -0.102158756426179 0.559995892464514 0.261368126245015 0.218488440080511 0.00440765558643411 1.19433026460717e-52 6.3870972849461e-16 4.58155126194012e-19
ISG20 0.227012293400094 0.0588165268250705 0.0546659346426306 0.121445806821045 1.81810313383108e-21 0.141665444374755 0.130867461490493 6.05289706230604e-06
HLA.B -0.794953416178111 0.738489671447377 0.202476936475401 0.378760708784898 1.84806085128632e-31 9.14503320343717e-140 5.53096937068927e-10 3.21411734465158e-69
DERL3 0.122823356091884 0.33845419612032 0.155483561737591 0.043596530354115 2.21194581514504e-07 1.2337792450896e-16 6.86983881336289e-06 0.112032969996549
BLVRA -0.0228100560793866 0.575464753461323 0.256803538308477 0.109938253689235 0.564216584362591 3.07381002000597e-60 9.39409150723338e-15 1.27413971035385e-05
CD79A 0.119433998239317 0.239262366635057 0.116481111441785 0.0503663037567662 3.14227087743112e-11 5.87476450085945e-08 0.00053563354631302 0.0681297516862734
FGFR4 0.0888861888887857 0.22689290621264 0.144081610605448 0.079828891705452 1.28925171724802e-08 8.33896266705628e-08 3.76107094719765e-05 0.00325270235897731
NAT1 0.147852110423891 0.240435242146445 0.0934416008127608 0.0478604909806338 3.23508938291956e-13 2.53225858936598e-08 0.00597464889281119 0.0767978667902003
PGR 0.0203240603993615 0.394123381946987 0.218091718305845 0.211290169663244 0.34880793902565 1.14590048987827e-24 7.62684953223833e-11 4.59089714185127e-17
STMN1 -0.416923799291174 0.831887697894851 0.160637564588639 0.147845137274548 4.35063745661314e-08 4.40850266569331e-192 9.26590688861015e-07 2.56435801250388e-10
CD34 -0.111017502793655 0.955557864481393 0.1362966096208 0.150109427254755 3.03888116246817e-17 0 2.19455484971119e-07 1.24507477016705e-10
COBL 0.0448066566329314 0.438644148557192 0.170358053125394 0.151150921686105 0.0699758258138568 9.02270033690223e-28 3.320693630451e-07 8.9680563073035e-09
TRAC 0.0764263342620415 0.202430772049357 0.0350357287683181 0.0894874361292619 3.87507286220901e-11 7.20904272343196e-06 0.325620187361722 0.00181008641668156
EFNA5 0.0698320313658284 0.105548819718324 0.0348745177757445 0.0750339209400255 1.79251699247942e-12 0.0273157402715677 0.325190570146106 0.0121673721325579
CD79B 0.0662581241118659 0.137162178567344 0.112495988292229 0.0671204926239254 4.01709594017508e-10 0.00320465781384123 0.00116752985569213 0.020366002368616
RRM2 -0.135382524842164 0.85796194528994 0.278147919927527 0.0982325429559931 5.94156611886249e-14 1.00880223428116e-223 2.17084617988559e-21 8.62646424568004e-05
LAMA1 0.131216434853091 0.0833310390340635 0.0967004223433419 0.0244476953544294 3.73475452839568e-18 0.0557648350462848 0.00616517266439515 0.383665830550301
AIF1 0.0929995070030573 0.224777883315317 0.141838106510313 0.0538926422925166 1.95786226537999e-09 1.98379891005711e-07 3.58530994797979e-05 0.0506938735702614
HLA.C -0.017283554396924 0.45882638484667 0.249526085998999 0.209518727600735 0.590130748471947 8.54151149773899e-36 1.220249469144e-14 1.23082199873244e-16
MLPH -0.221115040039918 0.910059017248319 0.0805538185368251 0.132737498841452 3.24456153857832e-09 4.31727251967075e-270 0.0066490937631768 8.73473570559483e-09
NCAM1 0.00909256532586302 0.388097687024939 0.181239279824995 0.289563699116946 0.72956630871999 2.74105874438155e-25 5.85460492092252e-08 1.30837276365819e-31
ITGA6 -0.379085374131566 0.76780625314008 0.218406261256131 0.23161837209542 1.99194149475409e-18 3.42349312772622e-159 1.18799650395529e-12 1.42412253514691e-23
BRAF 0.0538108508466846 0.492862295132692 0.21731076912694 0.0302465076598169 0.0200847281689253 2.96979083897191e-37 3.53731776384737e-11 0.252370603805649
PHGDH -0.356938846967847 0.728042928162765 0.196846522983627 0.217444718253848 4.7896185339984e-11 2.18543911072757e-148 6.01640359800877e-10 7.18092465048434e-22
FN1 -0.46045585274832 0.902286056415986 -0.0481055159909827 0.298479049621575 3.60053482304439e-30 0 0.0388193502110376 8.12014419418023e-54
EGFR 0.0414553339284647 0.484228256880008 0.169718259179575 0.0752892132745952 0.0168348085060175 5.30883691460736e-34 1.47327854960072e-07 0.00636636902210863
CD8A 0.142853501266324 0.0575402498674191 0.136349632636838 0.0683600086209334 1.45019850703893e-16 0.190254770218476 8.56914088803184e-05 0.0143130177290151
SULF1 -0.133505511349828 0.622248035768366 0.188112504185864 0.224194938041354 0.0145993550948428 3.07591923016705e-67 1.32689438306032e-07 1.29800392621128e-20
TRDC 0.0325364921372637 0.429355339591635 0.274848142323002 0.0431349460782895 0.0381699185552405 4.96280645329312e-29 1.79913284968297e-17 0.118012288006956
CD36 0.140023159902416 0.195642910870061 0.169192399951491 0.192791711275414 3.28947505661655e-08 1.47285022170304e-07 1.01956397390649e-06 1.6445268521162e-14
COL1A1 -0.559996026525334 0.940718408345227 0.0230544459097946 0.24150030838712 7.07421647129239e-42 0 0.325544952391508 1.1636516279534e-32
AKT1 0.0832609612659494 0.508847753996671 0.20970673615314 0.0968739395352075 0.0323201232700546 3.37926521817416e-43 5.3700798328733e-10 0.000165856892482557
S100A14 0.117964803981378 0.231382472732994 0.142586159069467 0.136297382046463 1.05949511041254e-07 1.02496628167374e-07 3.91588266120091e-05 3.88733322071757e-07
HLA.DPA1 -0.153321819176191 0.799092386768207 0.197566591108741 0.196979010697106 3.48275555415211e-13 6.60062398235121e-218 1.13780130858166e-11 4.96242080745288e-16
MMP11 -0.333936663809448 0.674363715795944 0.135975763402722 0.482703738639095 2.03896893016513e-31 4.90798518585156e-159 2.31650365853429e-06 2.2382848075758e-112
LAMC1 -0.567551908959164 0.776980156673695 0.23363085294266 0.225472485398615 4.72159930414451e-23 1.33469865584621e-175 3.86947048728343e-15 2.64347003841226e-23
NDC80 -0.14223891532381 0.80063031872278 0.299461481103299 0.142204661956386 1.32740704393363e-14 2.1073545410844e-199 2.99464493648618e-26 2.29773298415151e-08
MMP12 0.0318610381604289 0.264290614775598 0.0698934535239665 0.0627955128768021 3.4710038691208e-06 5.69087209679194e-09 0.0389997624654087 0.0408921941010948
TAGLN -0.0694592730480504 0.609636680062641 0.165409900198972 0.254051706895147 0.00169535087999183 5.3383719168396e-81 1.82506320456768e-07 9.37595446822757e-26
PI3 0.266867116252764 -0.000247272825077795 0.0830983168972974 -0.0555046414864721 3.60736258820455e-32 0.995477769909982 0.0177595577406785 0.0475158723045067
CD38 0.106114669874705 0.124657122573165 0.0354805388470271 -0.0222365382821794 3.0786084714684e-18 0.00853557419149624 0.328730815088822 0.459407511405667
ALDH1A3 0.103749845806244 0.176956344598483 0.163951399756265 0.124105024782175 2.59328168302082e-08 9.28565944293595e-05 1.23213093676625e-06 4.43661421112715e-06
CD9 -0.0841214825843003 0.599228333857976 0.270502719681864 0.136595747536851 0.0498237962805114 2.82114492237297e-70 4.08963371225124e-16 3.50377827546901e-08
HLA.DRA -0.276888496643706 0.761632215905274 0.222926391437092 0.276236074765013 5.2217939598201e-29 1.89112721111575e-253 6.01916821336595e-17 3.42616774423561e-37
C1QA -0.0956297368395067 0.756289072174307 0.212770951107625 0.148895496018063 9.56370299883531e-07 3.46847850046386e-156 2.13670222891309e-12 4.58206778365778e-09
COL1A2 -0.302903962819588 0.978718292818599 -0.0679164048813258 0.213313502706938 1.37231275212117e-20 0 0.00295191771904181 7.24901436381086e-28
ITGAX -0.151410859571029 0.937377520828213 0.135979221836189 0.218946803082346 3.97465914359271e-15 2.07731039451734e-241 5.41499264175798e-06 4.36972213942538e-18
TSPAN1 -0.199611144767335 0.525878065595768 0.204806932509679 0.40352381360309 1.02319592484655e-08 4.06636598173223e-56 2.34463534632844e-10 2.62524161280208e-73
EIF3E 0.123168098007268 0.501980781893659 0.218941791101929 0.133609850601059 0.0712960807122876 1.99000509659885e-39 1.5074675837884e-09 6.2306242405839e-08
S100A4 0.137609316954045 0.228939343921065 0.189721792960229 0.124028221903471 2.38286088039255e-08 2.02397039192379e-08 1.04693540835466e-08 3.56809213526598e-06
LDB2 -0.145321784896825 0.767410067558129 0.229328701526487 0.117925863817173 4.0619552548355e-10 7.29254095646235e-171 6.70436253392335e-15 8.00284640944407e-07
TBX21 0.116571778249805 0.0721625804043922 0.127439509162819 -0.0226546579758597 3.86220156142958e-17 0.112258395243903 0.000440443538572181 0.439635320474325
FOS 0.0498054568810128 0.376123963120115 0.159216563535631 0.306317715264919 0.262672697248965 3.79209480588291e-22 5.58990464393235e-06 2.81169678023734e-37
NDRG2 -0.430304063405035 0.74592628605268 0.254818984117357 0.208487183910034 8.08269616508261e-16 1.12377430464401e-130 7.59044769686563e-16 3.8641944269921e-19
CD3D -0.0316642424461448 0.912824649318732 0.0702859902465608 0.0914595283085444 0.016398752078171 3.20491130607389e-223 0.0247901242901441 0.000492121612449169
MMP9 0.061391193854655 0.148402605963921 0.100381747683525 0.123657587374312 9.78389688387446e-09 0.000702394076129409 0.00314439937460862 1.22015566132037e-05
CD96 0.0321818346001268 0.4269387823806 0.107673080744555 0.0666524965910717 0.00106198469802569 3.04937899699749e-28 0.00152818861364602 0.0274140617880595
PIK3CA -0.0894695063213225 0.538084256227934 0.292711677321833 0.175963648198245 0.0359836510412597 1.07460699658606e-52 9.9779458846807e-19 4.10574859481533e-13
COL3A1 -0.258520978448988 0.891644509066961 0.0453948019090765 0.19835040623478 1.14758594487873e-18 0 0.0681793168351021 2.41623666280748e-21
ANLN -0.278317663530729 0.860214674004348 0.176743030764712 0.285060823277329 1.89574047782313e-29 9.88656061519161e-279 1.99854486308275e-10 1.22280833299106e-35
HLA.DRB1 0.0785184165573185 0.512736920567085 0.0977075282637278 0.0672889379482563 0.000643828904359391 8.96565950906192e-43 0.00341597298011943 0.0120125963436303
S100A8 0.00343901842039757 0.399030311736969 0.258495792104828 0.157412198708727 0.547409476488246 1.03414429198788e-19 1.31755844040792e-12 6.48112117243724e-07
C1QB -0.0701532831753367 0.787762469721006 0.166951946239724 0.161141629684275 4.64907543112512e-05 3.03869247526406e-161 9.13987263789519e-08 1.10130682007348e-10
TTC6 -0.43327709968531 0.8393510148517 0.0941269004100503 0.238233035718555 1.58862804590116e-23 2.2622125982506e-288 0.000651020207343093 3.33420465462628e-30
ELF5 0.0613541459141686 0.446321751045324 0.236084453139999 0.0916191679080201 0.0482672171159589 3.08249689155561e-32 2.08389273632416e-12 0.000445159484583716
MS4A1 0.129718197024152 0.177170183395826 0.137919008879183 0.0249767640082865 2.83855324685703e-14 4.14674404516291e-05 7.50566692599743e-05 0.363564144480777
TCF4 -0.0524517493030807 0.711765081625565 0.182431858928245 0.101983466338751 0.0203476958095649 6.11730757906309e-104 9.18682487589921e-09 4.77756652897061e-05
JUN -0.587678343759357 0.654625547631564 0.150953077010151 0.369662335538677 6.81199108838484e-13 1.56519003023602e-116 5.45351859805599e-06 7.16911000411482e-63
CD3E 0.052724940131798 0.381853533412168 0.0633495139582112 0.134325366835542 5.96126669194432e-05 1.21788805637035e-21 0.0627241130661087 3.18195922485621e-06
NF1 -0.314543662434927 0.762424453832519 0.193280653008294 0.183722776159652 1.2926813533241e-08 1.17185124209142e-140 3.54098763491765e-09 7.20133857317394e-15
CDC20 -0.377044697015127 0.804053788358602 0.279940883151337 0.242830955615254 5.86003008632327e-31 2.74316090823832e-208 1.85626693442643e-23 3.75981425235989e-24
PLEK -0.0315420702805251 0.698898428428446 0.199974333181928 0.109505429433076 0.0315050793342761 5.46063046280738e-110 2.14471924057964e-10 5.43454037826964e-05
LGALS1 -0.76547352011812 0.845662389632668 0.124213027710934 0.194237153664574 4.07680921888688e-05 3.15297609052263e-164 0.00119488362192103 2.92415847164089e-17
AP1M2 0.00895195356839207 0.487475079060208 0.210927195294631 0.199056257007302 0.762590643008599 1.62594802772108e-43 1.54697302267249e-10 2.54172496548443e-15
HLA.DRB5 0.0306236388966785 0.469116265146544 0.199670037653511 0.0320114390050589 0.0224301782419357 2.17638431039693e-35 9.69649103354574e-10 0.24287796944471
CALCRL -0.0538358910188884 0.782391122748395 0.191087973493243 0.19154825602234 5.69881993448679e-07 9.85359309438225e-138 4.56729848010404e-11 4.02097246886495e-14
S100A9 0.0664340842771748 0.117331984510547 -0.0199209239751373 0.033205226151507 8.72944148036904e-15 0.011275727350194 0.576265272376588 0.282379020277917
COL4A1 -0.261611599299636 0.959052865556989 -0.0431580992254401 0.23702075386377 7.30093747137508e-26 0 0.0514294233268011 1.82104452928737e-34
TCL1A 0.048849769623571 0.0694438595546231 0.0978029817349618 -0.0235942926836733 3.87782387411123e-11 0.15805283180704 0.00987213632362544 0.456858868267833
MSR1 -0.0713136050922902 0.880865273485686 0.0890812171635959 0.138260069969754 2.36886145768657e-05 1.68622572316684e-229 0.00222511988607013 1.30646565082745e-08
TTYH1 0.0831426293327376 0.19520849103854 0.0591533111356667 0.122490293964488 8.50642443166067e-10 1.77648847877728e-05 0.0907448026728214 1.00790432681398e-05
FOXA1 -0.560025358116391 0.824608992759148 0.144556044912265 0.129521791934056 3.88562822396259e-17 0 5.12467935669571e-09 1.1488023455579e-10
LGALS2 0.0447059524586627 0.383514660788474 0.122168180785912 0.106450991551054 0.000791867637183596 3.90056843521246e-22 0.000325810220601742 0.000153940800751314
TFEC -0.0121032734642568 0.694173950485335 0.163347806964935 0.177985682334192 0.114957257037165 1.40357134006191e-95 6.58545626780985e-07 2.2278117261198e-10
CD3G 0.0725094040181232 0.462650397884657 0.204913990053042 0.0825931108394295 0.0129413420633359 3.22558231269941e-34 3.44852903597507e-10 0.00122952640578952
EPCAM -0.359791747273763 0.847852725792897 0.107694123951172 0.13955968188544 6.21611060233509e-09 6.99599838902106e-300 0.000119085895740866 5.89574021358316e-11
CAPN13 -0.167984100361064 0.744589268756508 0.177698975867472 0.172335986985647 1.64361787282856e-06 4.74939344710309e-133 2.61899013477382e-08 5.70521451529079e-13
JUNB -0.671276621861258 0.799313111453936 0.134910365903546 0.244655367561882 1.33816040457277e-11 5.98343422423634e-197 3.08401872113138e-05 2.64451736392747e-27
HLA.E -0.377074828072164 0.724846555147596 0.250481074021339 0.192684810361988 5.30712111013407e-12 7.17434945872101e-128 1.09218505464886e-14 3.72496798252375e-16
CDC6 0.0135096988707094 0.605198870883184 0.116372919340382 0.125306418988158 0.549045839511703 8.58486933572267e-74 0.000546003892059099 1.55030069586586e-06
APOC1 0.010047708635069 0.28906785193136 0.243017424842892 0.303264661802253 0.597560005144425 3.11645422131596e-15 4.55577012706772e-13 1.02249991780838e-33
PLVAP -0.13485886049445 0.689123981519497 0.175190835991136 0.211637176290412 4.09155478923321e-05 1.83852121255721e-104 4.49143703945518e-08 1.09871430049813e-17
NFKBIA -0.160065572214978 0.574798115775442 0.267962453725494 0.219732806087518 0.00115143389355723 2.45088428929632e-61 6.75415860490057e-16 7.01166879511425e-19
MT2A 0.156561484685867 0.205960249787178 0.227475303220681 0.134370850031074 1.76746848673483e-07 4.27709841585345e-07 9.09479330058722e-12 1.55834824956785e-07
TFF1 0.0977019283207562 -0.0171819785167255 0.042610939904196 0.0869979351194277 2.15329323984774e-18 0.711980422331965 0.23330415220059 0.00238395409821479
CCL2 0.0481072436560664 0.115044333968288 0.0740156996968215 -0.0382795101247194 1.67681258466518e-11 0.01410594116407 0.0416990012708927 0.201281581604296
SDC1 -0.349870761088619 0.85059340790242 0.113984000945525 0.149004111216981 1.5937323928592e-10 6.29359001147378e-298 3.92230160696265e-05 1.25456857021593e-11
COL4A2 -0.254055482749116 0.848834506811217 0.0193617955523656 0.287552772685102 2.31328935519716e-21 0 0.451315030232213 1.42702670624468e-41
TYMS -0.482741893732215 0.92429595865531 0.148328672251582 0.31222619444451 2.19996810297618e-51 0 3.28200642098178e-08 1.62724246994917e-46
CD4 -0.00850765619791433 0.574263216163645 0.178134690195583 0.161334140959177 0.616953587640169 8.16212461881395e-61 1.77787367023367e-08 6.60706493879659e-10
LGMN -0.299094608166354 0.737879952042072 0.222991955675174 0.173316550619051 1.8882884325802e-06 1.66164722529704e-110 2.57088726516035e-11 8.23630958174418e-13
FOXC1 0.100184758754975 0.245481113298642 0.18794863866044 0.141737186159857 2.27359386681161e-06 2.28673681642139e-09 2.08025393772323e-08 1.66204031037818e-07
KIF23 -0.346696407218 0.950657512211221 0.225594114613557 0.123959601917833 4.93472952347818e-34 0 8.58738211284305e-17 7.1691506534454e-08
APOE -0.106191890577306 0.757977075141162 0.194955719200361 0.202070489663822 1.46963337424732e-08 1.82351757154661e-165 7.02524610968375e-11 4.02902595573105e-16
CDH1 -0.513148113076167 0.837116423214223 0.14640715498628 0.127746571960153 6.59225359116393e-28 0 1.17469507777568e-12 2.8522844410621e-12
TFF2 0.0622262084735462 0.143251575065284 0.0561777426663819 -0.00475876513456031 2.83547458912655e-12 0.00335278243319232 0.130340072370279 0.869289775081784
POU2AF1 0.170393553920774 0.0950748503794575 0.065701872083139 0.0252198649076299 3.88043062396908e-20 0.0342041511658478 0.0654203403827022 0.36225046096024
ERBB2 -0.181656735605022 0.742670180839816 0.150266033285619 0.187758111353729 0.000168431989505467 5.2096811384879e-127 4.00578620607992e-06 4.65257400318142e-15
SFRP1 0.0112886717252019 0.586493207717403 0.042548185738001 0.187693214579709 0.302629983010354 4.58269113225468e-67 0.190648482394442 1.41303717596902e-12
NKG7 0.0927081752225704 0.3175747510433 0.0756728827089263 0.0599467212726154 5.10141407188207e-09 8.00390026035493e-15 0.0212989533319413 0.0297832917168451
CD40 -0.0181979851702636 0.81932431052955 0.0634421282759047 0.125907146322608 0.0969744498293699 2.2740009529446e-151 0.0377507877481481 1.28509690437472e-06
UBE2C 0.0123804861707937 0.506206806191524 0.179380585321111 0.1296848513395 0.509261533710528 2.74211227906296e-45 2.14858285746958e-08 7.73663480665675e-07
MUC1 -0.670718646598347 0.838838674186906 -0.0183991336555233 0.334360766189825 4.46056922379442e-34 0 0.436181345737285 1.35049723173908e-70
KIT 0.101492936777549 0.0891509007971161 0.0598553573667919 0.0740771549595325 1.67815686612525e-14 0.0563042164958328 0.091472287015963 0.00870474570872911
LILRB1 0.0902596108696861 0.432919588193617 0.127504107991176 0.0521808298146883 1.39417058363691e-05 5.48976509528799e-30 0.000178740641492336 0.0575192302761475
CCL3 0.170992442505714 0.215675654101897 0.154857686890863 0.15219672427999 1.10703377042889e-09 1.25896363109642e-08 3.7684820055697e-06 5.2088250643358e-09
HSPB1 -1.12637154912128 0.775278033385605 0.161053867103808 0.227274553161269 7.07672078019635e-27 1.18211074703362e-253 4.87909604258053e-09 1.68470421308517e-27
AR -0.341631791464628 0.757621728548637 0.225268733094987 0.150777014348481 5.83680096171065e-13 1.09073735828943e-201 3.3475986307533e-15 6.22550433584892e-12
CDH11 -0.0285985780118346 0.595473838192024 0.173701511739035 0.168200839036754 0.434694714625811 2.36705648831814e-59 2.21850536517965e-07 9.36738717753998e-12
COL4A5 0.0191307179417505 0.546474414605497 0.232130955419444 0.104251646165518 0.601102110253196 3.5369679942086e-55 5.18914815188048e-12 3.75102829333795e-05
TFF3 -0.123082164614114 0.579751178201716 0.296690540723292 0.165979939311691 0.00724096498189027 9.29008904726247e-64 7.02260469258233e-19 7.98381890774689e-12
PRLR 0.0385068148092096 0.472770619157533 0.267855962402041 0.101123778877428 0.2135377313229 9.936084665266e-41 2.06459311458555e-15 7.46673849798234e-05
FOXP3 0.227992903097878 0.261205764431788 0.126696533930904 0.122808482334184 4.19696666119833e-10 1.40944271426514e-10 0.000424526295572184 1.72698152735289e-06
CD40LG 0.0423948434756239 0.653287488662761 0.080939332723908 0.0439298324426175 0.0470919665592734 2.34494086950456e-85 0.0132942112598043 0.0962371015327714
NOTCH1 -0.138123647438824 0.74553380768965 0.20827106179307 0.114586013607048 0.000184264858736356 1.63506256653492e-124 4.19022739820621e-11 4.50303604206411e-06
UBE2T -0.220912516649418 0.791225317423462 0.220105722304493 0.164018350273924 1.03260046185604e-11 5.09590662803856e-168 8.231012845752e-13 1.87662917960244e-11
MYB -0.152321033082122 0.611767692533447 0.308818130587608 0.169546699441192 1.19224376038324e-06 1.09210683209707e-86 3.33738388252416e-23 2.27203024210853e-12
CCL4 0.089868645402179 0.198671519607577 0.0592578153166372 0.149344679818993 1.87122793272315e-09 1.6711209621056e-05 0.0946229088898642 7.48497145971528e-08
SIAH2 -0.17334131355949 0.655433066097868 0.255417020808903 0.147909042497463 0.00378199053501339 7.89817013916921e-89 8.65384709224377e-14 8.9231818046011e-10
LRP2 0.119291166569894 0.283723994544817 0.148966707678451 0.0786443494488552 3.9125352516052e-08 1.01381499953409e-11 2.19873644309986e-05 0.00301215207018279
KRAS -0.190275163233964 0.726196311283357 0.211396961116139 0.127824495619122 0.0052280892272594 4.62991573366891e-107 2.27424378579987e-09 9.91446896888e-08
CR2 0.0493745359164627 0.192465879463802 0.129849230400111 0.0569087740778847 1.32076178729997e-07 4.51786832408453e-05 0.000174849226834535 0.0551114786362276
ERBB3 -0.394237990805926 0.852848441214602 0.152966340452434 0.0959388468330197 1.53606614804365e-18 0 4.87528471515472e-12 5.88829744199823e-07
PTEN -0.0828876673551349 0.601837330300318 0.284982319398566 0.1205142207997 0.0433460984734381 1.69330849335631e-64 1.35143624979395e-17 1.2041217151331e-06
HSPG2 -0.0902742586083207 0.915855018738649 0.0804366872374821 0.175296194860083 1.02862939715623e-09 2.39537469646716e-233 0.00600389428314723 1.10396043902732e-12
AURKA -0.233156044994256 0.808572887168285 0.262316092300468 0.162271526087807 3.21146223253508e-17 1.35581200481117e-196 2.56575645381113e-19 8.62649483095565e-12
CDH3 0.0521851473216596 0.423400559505412 0.255365246289408 0.14094910565661 0.0927645747271674 7.35133419092502e-33 3.37336485810958e-14 4.8934827328358e-08
FXYD3 -0.240768192455136 0.732765307943214 0.182491180540396 0.184238118717748 3.49918440973178e-06 6.02861341852845e-148 1.56181777122571e-08 2.98302600976061e-15
CCL5 0.047756861671815 0.338976848036053 0.176941445137758 0.0906032486242757 0.00077575401467212 2.55004015119735e-15 1.08749935039581e-07 0.00150443127017328
MYBL2 -0.533319519031884 0.877195123449383 0.221994426883861 0.305848157784062 9.20588898407747e-62 0 1.02520767280544e-17 3.38607121434405e-45
KRT10 0.0982409044846598 0.0103782160551841 0.0539390433144827 0.052078431930493 1.81930706299252e-17 0.825867394722655 0.141526960029038 0.0588635409103485
CD44 -0.0282729022989187 0.518828702070288 0.24892570016544 0.17353781475665 0.430451399657008 5.05422797629097e-48 2.80124358865499e-14 5.99784807764835e-12
NR3C1 -0.111707523773858 0.672381948121586 0.228825586695143 0.198885569513295 2.03121719408626e-07 9.99503229503225e-104 7.27252660745097e-14 1.6735137565742e-16
TFRC -0.245458501974071 0.737689190308035 0.184653186462043 0.19066646825643 1.71731735920991e-07 1.31057473463156e-131 1.34180093215262e-08 7.15806169683614e-16
VIM -0.855163346858801 0.65512512995757 0.224389021003171 0.30628199806602 1.73983837972621e-54 2.68087883304207e-239 1.51850355319798e-20 2.49314977170129e-55
PTPRB -0.0488895923442794 0.682896492873653 0.142632024121493 0.247477911192383 0.000245885459028383 6.732057549717e-87 4.02747810104492e-06 1.70437643358421e-21
AZGP1 -0.26790083913482 0.576054469312544 0.246169224028549 0.341048913282599 6.10445285510258e-13 9.75749740595455e-82 6.68504890429087e-15 1.90259812226115e-53
SKAP1 0.181714772264665 0.363861144353936 0.22420844555044 0.0651170648408918 3.67161725358303e-06 9.62758635347473e-22 3.28280753781502e-10 0.0133226476949849
CRABP2 -0.44571744997379 0.735518992345865 0.17813201569414 0.220543174848298 1.86589669304154e-11 2.45338210668174e-183 1.17462951370836e-09 5.97941285644413e-24
ICAM1 0.0545575858413508 0.387032629788689 0.153660377883333 0.238837442601055 0.0527616325304905 4.05035782066465e-23 5.03027714677867e-06 1.14626306083558e-20
LST1 0.255468978147036 0.00898527243233676 0.122824753659847 0.0709237924520625 6.44712878565005e-22 0.828815693767573 0.000564009341440548 0.0072993028801363
KRT14 0.0442571970624047 0.0370456967333506 -0.0238084288170961 0.044543190554059 1.61050447696273e-12 0.431308941599003 0.55264099753425 0.15838890963608
ERBB4 0.0852056294203776 0.359582043256315 0.23472847668456 0.145934782195762 0.006187963746812 1.9844577214621e-20 2.23638936970079e-12 2.3713277899454e-08
CDK4 -0.201584820769703 0.701229026849254 0.239230786639976 0.127630604432579 0.00256817048728297 8.64445998952537e-101 2.91158714330421e-12 1.67467770122848e-07
PTPRC 0.0369321329747852 0.319702688401547 0.130636008483208 0.128556045880662 0.00075997404428685 1.90546783605886e-15 7.93889824255531e-05 1.15545744090715e-05
CCNB1 -0.310018614447429 0.865726942403345 0.24412613486889 0.159691839857195 3.05789202908821e-23 4.1139651244939e-255 4.6115524558205e-17 1.7912066590278e-11
CD5 0.133042966467926 0.059925515114237 0.129497889228961 0.0201612250294717 3.07911657165843e-18 0.170836959941179 0.000237583936220616 0.482277641336942
VSIR 0.102286637755551 0.121891990313109 0.117562754196722 0.0406279117552333 2.15484602051054e-14 0.00478006480340934 0.00063580762052854 0.145909864960142
MYC -0.322305880475699 0.729962247003791 0.179319471842663 0.245096805445271 1.67769091263474e-12 9.3629419396256e-150 5.08469750175101e-09 3.12510179816464e-28
THEMIS 0.0352924948911037 0.425829428732746 0.0940743480204853 0.135645011963384 0.00453393632691968 2.36791515244519e-24 0.00612047048104861 2.48714749658704e-06
ICOS 0.0116948149737038 0.646303623235714 0.0465827615355864 0.0974815563888636 0.195276682355196 1.27590257601958e-63 0.178589382699083 0.000750244385929927
NUF2 -0.0218828470454437 0.608749055320043 0.224256354834575 0.124584852373125 0.114708945281462 3.53983684392243e-70 9.85671457248671e-12 2.41564727284571e-06
GATA3 -0.862592088535933 0.787107947005527 0.159187574990315 0.172639426347088 5.9732915826619e-36 0 3.07369776099239e-12 3.29031674433976e-19
LTF 0.0508895443035132 0.118272379799275 0.10237432250652 0.0692870089910121 1.65824068841316e-09 0.010844952972506 0.00441488561038874 0.0197723843319268
CSRP2 -0.193413518999894 0.669600370533487 0.231947812892722 0.253440437556098 2.05430080138964e-12 1.81096896628628e-110 2.83793506965908e-15 1.54490144970363e-26
KRT15 0.087798906859516 0.292617587179399 0.208077521393759 0.0325696742258536 2.61109278176565e-07 5.29555539904164e-13 4.67146008935381e-10 0.232340900947164
SLC2A1 0.0404165298013477 0.349716114018728 0.234596112317661 0.192501062249563 0.119917368432394 4.09027999665869e-19 8.37983266410095e-12 8.03859853132779e-14
CDK6 0.107944094921901 0.131521471422049 0.154593624587203 0.062085500609362 2.21788657074608e-12 0.00355398099978255 6.73332582562613e-06 0.0259810270966299
B2M -0.511269801991944 0.479294090851647 0.364725303008076 0.314420696905304 3.34087805265528e-12 3.13720960516017e-55 1.92324382574129e-28 2.44043587509534e-45
OBP2B 0.01007173800383 0.497716042619752 0.204756004749178 0.0328118194866129 0.135066618840088 3.41447815370575e-33 7.51164351080395e-09 0.275625190144822
PTTG1 -0.110803966737552 0.724081017449322 0.302266254836661 0.127643255575007 1.86509749250229e-08 3.75784650301663e-136 1.50926983561204e-23 6.48594146756633e-07
THY1 -0.0771492146226326 0.63190833341822 0.272747750920934 0.144485964011955 7.78865453373835e-05 1.58091769540271e-96 1.50916024966209e-18 3.60432088300699e-09
ESR1 -0.275557421387176 0.778505622996842 0.167251281566089 0.19256589656361 3.66717681295274e-11 5.75827621279051e-175 5.0582074731587e-08 2.69634636413301e-17
IFITM3 0.0470420153088521 0.396765177848634 0.189289622810406 0.270286890921049 0.250559693266664 1.89794429167656e-24 2.4008693416782e-08 1.8752942879132e-29
GNG11 0.0977657213964772 0.206679417174072 0.144210281539895 0.0487102463073085 2.07783603483746e-10 2.20031029652936e-06 8.90511687356534e-06 0.079163485384346
CD63 -0.220162633957435 0.686134742707063 0.223708830513085 0.158003434727801 0.0159080769631021 1.29766972536561e-99 5.36330944882531e-10 5.52935185509589e-11
KRT17 0.111702016284538 0.200986391335124 0.0454896500931439 0.16506650916252 1.16386325155746e-09 4.90954179484246e-06 0.228383014516453 9.13263365690889e-10
CCND1 -1.61093535900193 0.841644303263672 0.0362526227122214 0.353655347442515 1.78882532483077e-40 2.26216406150782e-314 0.180523797014276 2.55842568055314e-67
XBP1 -0.87342454677313 0.853353779045605 0.0449397787724602 0.210238019237384 4.5924644780184e-17 6.93906116574479e-312 0.0863129951674178 1.19232845864251e-23
CST3 0.218142499878032 0.105944137357302 0.1725354533428 0.0204760360368298 2.80459450971919e-18 0.012790707141634 2.83824563665828e-07 0.448161461272588
LUM -0.22460804438066 0.434907029937134 0.266673678225369 0.470747591315801 1.26986313720904e-16 8.41219467167383e-61 1.21343889016309e-20 1.30293292410526e-125
BAG1 0.26084543332544 0.418496752922684 0.241121007675755 0.0860037019015919 8.38661903507336e-05 1.40578607113972e-27 2.53789284426402e-11 0.000808061176872765
MYL6 -0.512563444072902 0.871354901497439 0.0620374298623388 0.187926831739932 0.000131039752642967 2.67376796270538e-197 0.0779524033121397 6.08226984835122e-16
CDK7 0.225981286917433 0.373350948852076 0.200363937731347 0.0701104595885331 3.35568471355353e-07 3.01945199360862e-21 5.93512730977829e-09 0.00677975900235127
SLC39A6 -0.574490909255628 0.843497420867304 0.113289238034292 0.155237986142141 3.25118186145599e-19 0 4.60240078536507e-06 4.99018093664871e-15
CCNE1 0.0130865008877437 0.565584107740128 0.146636543519214 0.107913024281601 0.451428292261287 2.4456645692228e-53 1.56322702490357e-05 7.97749495341962e-05
RAMP2 0.0727018848507509 0.393134517767568 0.175425669896365 0.0915374629538149 0.000623101583437055 1.24945031216409e-22 1.17695280215093e-07 0.000652938234503428
ORC6 -0.0726268738187048 0.715486255945445 0.152535724181011 0.137447168388132 0.0147836463892374 3.56063263243131e-111 2.74179850132317e-06 2.43262878778279e-08
GNLY 0.0757315662593428 0.128573146863199 0.113550734279769 0.149055243109829 3.53811129478018e-09 0.00312678460569581 0.00093891428447735 2.86637708955165e-07
IGF1R -0.275566385954484 0.644821798920751 0.222961831026363 0.285283347001711 3.64024250698104e-10 3.05762577113785e-90 8.58380953341353e-12 8.86159871102787e-35
FABP7 0.1603027736037 0.369688120248418 0.150484850138647 0.110511086909271 6.93564024069066e-06 1.79314404278742e-19 1.27012325293712e-05 2.96924989249317e-05
LYPD6B 0.106549249943255 0.114819069896297 0.132649794530202 0.135344795514246 6.80582367640406e-11 0.00780466310655567 0.000192335337481861 4.64631241606339e-07
XCL1 0.160460936507479 0.158881529854111 0.122800227587766 0.0884508152927569 1.10221718938125e-13 0.000207793345580132 0.000479928628503475 0.00113308361410202
CSTB 0.194254666139849 0.104443422810722 0.118888125583106 0.0713901199731639 1.55757745040719e-17 0.0168380630416431 0.000505588106873984 0.00766246282571498
TIMP1 -0.183066599839526 0.481624394194106 0.185169317495677 0.380723863147101 0.0281449931278542 1.65153534384069e-39 1.09750810715748e-06 1.02119625823225e-62
KRT18 -0.473062773166986 0.801308122820337 0.14582763843567 0.154178072116572 3.01700151926803e-09 7.54074719098756e-248 3.15290562909756e-07 1.77203091189407e-12
CCNE2 0.0655727618574885 0.333556849622102 0.172812140247157 0.043025548527511 2.00389538383628e-05 2.28478245771079e-15 3.92713147375156e-07 0.121318201365335
SLPI 0.0914832642916021 0.0860963852481246 0.0914019525423835 0.081832305690664 3.84323944054184e-13 0.0569393910970795 0.0102219502118883 0.00489940030643714
GPNMB 0.0083700141061497 0.651967596418263 0.116392876404173 0.093191671762349 0.671865501012109 7.39447860122106e-75 0.00018395457436827 0.000329507266890061
CDKN2A 0.026094047956142 0.415798700840904 0.286795282026707 0.0556928498668867 0.13188359226237 9.1352463659501e-24 5.95624542749693e-20 0.0449236507193239
LYZ -0.053860862706274 0.543048272583437 0.179492047144466 0.297442688112337 0.00855319063327605 4.46441107493729e-64 5.14705434648948e-08 5.86874980804945e-33
FAP 0.0609593271535899 0.431583436863545 0.229681342736301 0.0618035867577669 0.00927175792246505 1.01864037674008e-30 2.01602334062071e-12 0.0170466412454685
ZEB1 -0.198273933048964 0.680634071984042 0.199831795881284 0.225633636948559 9.17312114845294e-09 2.48489246124489e-118 1.00675187779991e-10 7.55201361348941e-22
IGFBP5 -1.74237226540951 0.742359611532475 -0.027343977312095 0.63985436817373 2.713021677441e-44 6.79818566871762e-181 0.386708991515182 2.15451730902218e-261
CTCF -0.29206583239369 0.868488523770726 0.147891123187973 0.0932882703375588 6.9614655752105e-06 2.09515943280762e-206 3.84598928148569e-06 9.88638520747035e-05
PABPC1 -1.00969400369778 0.877230005984647 0.0793878067551853 0.187834115651472 1.98393314264869e-12 1.45592682577237e-298 0.0066665247013586 2.18097082293734e-17
GPR160 0.0896406816830859 0.38281220622783 0.211712862871363 0.157927378009916 0.0100761598784029 1.283107906308e-22 1.73361378207152e-09 4.14287341784716e-10
SNAI2 -0.0511957329804087 0.491606072716562 0.304878704677517 0.169735737646722 0.0799425338111844 2.67316293934596e-50 3.80788563012596e-21 3.69930254294875e-12
FASN -0.261332325468418 0.727975965347674 0.179498640246154 0.206354366415972 7.68630641369939e-07 1.47751131488296e-131 2.76020623393e-08 1.98480025365342e-18
ZNF571 -0.3068539249892 0.850842681061943 0.181827999372543 0.168811295224546 3.03361442251536e-11 2.68990566309717e-172 1.4000441748473e-08 8.94081300958372e-12
SOX10 0.0337389542510587 0.407032704906966 0.109740354512301 0.112512669289602 0.0029307502962355 6.52924062205397e-22 0.00131127889635217 0.000110749708123378
