target intercept intra juxta.15 para.100 p.intercept p.intra p.juxta.15 p.para.100
SOX18 0.0229017601021961 0.365552038944404 0.11509363382047 0.143799336323441 6.53748357081062e-07 8.29510853873825e-56 2.84583565851218e-08 5.94344971014539e-20
GRB7 -0.299755140271603 0.908475819050566 0.101758662014093 0.128177467235841 4.90019455190754e-30 0 9.25450108168409e-10 7.34527433739462e-25
CTLA4 0.0599752564619089 0.187045154942439 0.0809561075053575 0.0400016830940732 8.62995163983387e-28 2.21530706500407e-12 0.000136259504117607 0.0129068858013057
PBK 0.018585342576295 0.505793514568144 0.178597004159072 0.140679150105609 0.0732821040466096 5.50423266319158e-148 4.40937688087189e-22 2.27127599952893e-23
BANK1 0.133486976134092 0.0996430468412846 0.118727992147592 0.109121433737064 1.32762048510845e-40 6.23410021508468e-05 3.54598449206937e-09 8.44171693328166e-14
IL2RA 0.100735907069179 0.277002686987754 0.0858707341306617 0.0910361292853138 3.40835584702614e-26 2.42661379629118e-33 2.11044649842944e-05 1.0326579634164e-09
TMEM45B 0.0131132155731418 0.456782350907405 0.18705896992919 0.210153017371609 0.328391623448972 4.41838804076974e-109 2.5322219408125e-22 3.049425578851e-53
FAT1 0.0411144168374566 0.467277123070757 0.208008927144218 0.100655563040591 0.00135183786713352 1.3401961508903e-115 1.29932183071921e-26 1.23041567609717e-12
MYL9 -0.163782166955129 0.612561160789191 0.182032545910426 0.267107481096425 3.70387160228168e-09 3.65889260303208e-266 1.54576527504348e-21 1.23513544574201e-92
CD14 0.1179637876157 0.289959383080206 0.15726808321841 0.0932528610037992 5.87790223049682e-22 2.19535001459194e-37 1.53585877017411e-15 1.01536968630117e-10
RB1 0.0127302469229128 0.437304021559667 0.21257325051859 0.228825765665115 0.515138972989108 8.87130024625316e-102 7.14534452793935e-29 1.59906359729189e-67
ACTA2 -0.169730173564222 0.624274695537414 0.18716307814326 0.311603099704501 7.81351301182482e-19 1.36092740342598e-271 2.7523048210745e-24 5.48064207892127e-124
CD68 0.127008434412598 0.33276709277158 0.116401026994941 0.0776101292602006 3.66852184104997e-22 8.22599254414081e-51 4.96570375813404e-09 1.28011259051066e-07
MAPK13 -0.00936645883260046 0.603210302093623 0.202258751716886 0.134290929284744 0.726773939418559 1.27503777017443e-228 7.61606308883709e-26 5.32946957951131e-23
CEACAM1 -0.129463448970953 0.694270842513682 0.202187277833828 0.197034071211485 3.1155318947003e-13 0 5.63867623784672e-27 3.6268354988787e-50
KRT19 -0.821471489541187 0.835107791931902 0.127294779490623 0.169820322919465 1.73757744026698e-113 0 2.89433250636883e-25 4.34657049687025e-58
SOX4 -0.452670215628188 0.718494884959682 0.159268724097136 0.294104772038425 2.1830951251715e-29 0 9.90284389384715e-17 6.75287044563743e-120
PDCD1 0.0962812793519723 0.209322241686515 0.138998285145206 0.0830029881275473 1.18515320234405e-27 8.12728919592814e-18 3.67697038221519e-12 3.03763178177549e-08
ACTG2 -0.0295351838254927 0.369226150680041 0.215561023695324 0.549271735742687 1.64011901663947e-08 3.31507989418733e-60 3.71252519938767e-29 0
GSN 0.211616613267432 0.29422482572324 0.181003698061028 0.0945562732524878 1.28722911984502e-25 8.61427945578851e-39 2.64359345889841e-20 1.15993371636414e-11
CTSL -0.0135486917536563 0.583382091387225 0.233611125650563 0.135630667655832 0.701931288396283 4.49604945276608e-204 1.25651152195718e-30 4.10831622908353e-23
IL32 -0.326405234238849 0.576725927949591 0.261652747138871 0.387633201462637 5.18116756716584e-79 0 1.29511577096682e-61 2.56062884580075e-241
CD69 0.0672930291356548 0.296657469636307 0.156092858002094 0.0992631037786691 8.6297651877998e-16 7.46703698178542e-39 9.68469917621386e-16 2.34989136600931e-11
MYLK -0.125435968607375 0.60120178096293 0.226785036281646 0.191312782670172 0.000800571191193064 2.27975250141633e-244 5.12479668197508e-30 3.30404964370229e-48
BCL2 0.103393767519966 0.2823471888655 0.140000199680522 0.102204358289691 1.03411424102644e-20 5.61189892709244e-33 5.30060221218938e-13 4.10133135255164e-12
FCGR3A -0.164084566818165 0.689297737102539 0.176999748305757 0.198548894396278 1.810993825891e-08 0 1.36433803712308e-20 8.5492787580717e-50
CD163 -0.241539351430956 0.877181261092543 0.0816351871453517 0.245354627232979 5.09351874631929e-33 0 3.19056983081779e-06 9.17186998812502e-78
RPL13 0.227419514400925 0.402029569036162 0.153154063755875 0.125446696981597 2.17918587513368e-15 5.20348435617489e-81 4.0139780472902e-14 8.48668782471911e-20
TMSB10 -0.969304746784739 0.759452515581969 0.070348086013339 0.298104922946201 1.05175522403784e-37 0 1.74616341614777e-05 1.98847428534501e-141
MAPK3 0.253065981072366 0.0974538418172283 0.122131069076995 0.0850154477019599 2.55115203476222e-57 4.03897541400224e-05 6.33935133479909e-10 5.66387776336293e-09
CENPF -0.441292524738906 0.837583092727363 0.19757298395184 0.295402339759996 1.16725551818903e-167 0 3.77212575351167e-45 9.5877347158885e-141
PDPN 0.0515813886650612 0.108793880023971 0.0274023870560762 -0.0244160057556785 1.12621869265379e-36 6.9646978063785e-05 0.230294582644331 0.149583078637581
KRT5 0.131472716861237 0.324090148835732 0.145858546264898 0.0986012504388245 3.32939120793886e-20 5.58857098153413e-46 1.14123056928163e-13 6.52261429755787e-12
GZMB -0.000308227973289649 0.536025348842391 0.137473263743402 0.2127658609896 0.960462765644851 4.32358988730554e-140 2.06099410772179e-12 6.98481775396343e-44
SPDEF -0.365494853959268 0.754030234536982 0.172868402380503 0.278601811396597 8.05956038520227e-73 0 5.10337829869329e-27 8.53301980018474e-119
ACTR3B 0.187424335105125 0.278411303253203 0.18597724899695 0.0980600453729978 2.47890056106471e-24 2.55704341802265e-36 3.6723640971802e-21 7.05468727590941e-12
CXCR5 0.171429169680715 0.0515329717697277 0.0754052837798128 0.0520435102959563 5.10510662952911e-60 0.0442943699539617 0.000301209472780763 0.000545392846195285
IL3RA 0.0696473153901173 0.292803414166027 0.0633623511058596 0.0220635310481531 1.56714166687792e-26 1.687259496824e-32 0.00236136111250017 0.165814360867418
FCN1 -0.0520420984112119 0.396612334655759 0.202025831887014 0.470179674985873 4.72727743296697e-09 1.46055203441668e-86 2.18058286118789e-28 8.89267262793399e-295
CD7 0.0771758277385088 0.194724158872021 0.0975903598890715 0.066291437614133 9.86576412965693e-30 8.52403203404312e-15 1.59196444945257e-06 3.10842319937868e-05
CD19 0.083313854903675 0.080019099515364 0.109081340314744 0.00619777093183715 4.68226713964898e-41 0.00201849058705769 3.30495498464348e-07 0.700190829545043
BGN -0.718869887724018 0.896008764011733 0.0336168393099557 0.320451989911661 4.69623546108381e-94 0 0.0293581863718023 8.51835465479902e-173
MYO10 0.077859628619125 0.495493481709712 0.168693657705253 0.153789341098727 0.00153063336676011 8.21088049656527e-132 1.64439057876109e-17 9.84532392256295e-29
MDM2 0.102645575566811 0.326450465274263 0.12687068325924 0.0939687991993912 2.41563558998397e-18 1.75665638741858e-44 7.46830032266373e-10 1.08812812725649e-10
RPL18 0.295490548489725 0.199755880714704 0.208087925342875 0.0715605473239801 3.82716155980044e-40 1.1579663465854e-18 1.0496514315993e-25 5.23497685176685e-07
TP53 -0.310222878768818 0.692588306550964 0.246532082969558 0.164588576602054 1.26921506008506e-11 0 1.42710719990815e-36 1.249471653036e-36
ADGRL4 0.00156142441781236 0.656798468903442 0.153878517176482 0.0604776273089891 0.771050970726065 3.11570395995651e-244 1.32838492838663e-14 0.000111709439251434
CEP55 -0.285882576900305 0.834256401395142 0.277994357652801 0.101718825222576 1.02961461966266e-62 0 5.97965313284791e-69 9.83661030860915e-16
PDZK1IP1 0.293965221647805 0.0946908958382851 0.0860454050795854 0.0761244736117835 5.5882915266655e-65 5.15772322320456e-05 2.33374437255432e-05 2.43366325008025e-07
KRT7 -0.750352210436218 0.887697881144014 0.0624553744915988 0.176764195480652 1.2514183080926e-99 0 5.01712895115243e-07 5.39210623640062e-63
IL7R -0.0825958680357475 0.560524082128673 0.263020111691089 0.439707645330944 7.14498182340281e-37 1.02685461022299e-297 8.32790381217949e-63 2.48497138867116e-298
SPP1 -0.0156261723402201 0.296073986424269 0.300955849926683 0.354076414093885 0.0262255085684454 3.66138732934133e-37 3.29322585540082e-58 4.78935295164394e-137
HIF1A -0.68235645193441 0.679957004342178 0.184289451698847 0.344254626821881 4.39629883193718e-74 0 5.50197548472142e-28 1.59545164099119e-195
BICC1 0.03008998349757 0.440460379948459 0.115934911072173 0.111689754640909 6.42533217582317e-06 3.64044688325915e-77 1.68744019983293e-08 1.27850167827605e-13
CD2 -0.214410443558426 0.922054521900915 0.162206004734835 0.243491036114791 1.15635285403502e-93 0 4.87756172760089e-28 1.92070567077552e-91
CXXC5 0.0926879794105479 0.476082001651366 0.189609828055284 0.0794028938423089 1.00442829809895e-07 2.52866619582121e-127 1.77873474998641e-22 2.26546024195993e-08
FCRL5 -0.0398299757597669 0.8557116201717 0.173202991883968 0.128460826148345 1.32538821336961e-11 0 1.19751630706651e-20 9.25435634813979e-18
MELK -0.163941338595807 0.866629981302522 0.170615223530297 0.14392155758884 8.38380715740819e-36 0 6.87027228154538e-25 4.53737879648659e-28
CD74 -2.15080674455093 0.865540823627255 0.194758680174424 0.344930080888267 0 0 1.65447918029421e-44 1.38701920504463e-232
RPSA -0.416852503306672 0.673566632573194 0.28409442601049 0.163168789216368 1.39649950749064e-15 0 1.91410201107614e-50 7.81950847363985e-37
MYO5B 0.155202619684824 0.367329099705323 0.223719379906861 0.103651099144699 5.94805925224358e-13 3.08098055805205e-70 5.16510033064712e-30 1.21006689581886e-13
CLDN4 0.0872811847471179 0.23963003007756 0.110842110282858 0.0383309346656102 2.95133375931448e-29 3.08078382593337e-24 9.8066665169692e-08 0.0128225542639251
AGR2 -0.379666491825914 0.649314777617106 0.139539663345299 0.40608410745095 3.8403462805959e-46 0 3.34197210563521e-15 7.40374215660741e-252
BIRC5 0.0298351495684235 0.454833020399428 0.163173990820888 0.080477504215036 1.08921857703818e-05 1.25007363937823e-103 1.82176214669155e-17 8.80172803910634e-08
PECAM1 -0.0505046954841066 0.766017637391912 0.116805017976515 0.149801088322848 7.76749549295412e-06 0 1.81154791511596e-10 1.56368593870469e-25
TPM2 -0.060383872908549 0.580691270558548 0.199888376704279 0.199871218240961 0.00232086775306478 2.0207490075227e-242 4.21308692519654e-27 1.10850584251862e-49
MIA 0.0651766523441693 0.120963457670425 0.02854940743223 0.0420120028885689 1.29965010056478e-37 6.05819752334922e-06 0.181035445324702 0.00832345195305553
ISG15 -0.39872174835622 0.393346188775475 0.231430743461615 0.510563750737059 1.57617096411804e-12 7.07461183458282e-81 5.04553188402825e-29 0
HLA.A 0.248476352517889 0.327768144491711 0.185323279559315 0.125250818777161 9.21864302888979e-20 8.59391571388685e-52 1.12511868969612e-20 6.5803305940621e-19
CD24 -0.77719655278605 0.695598401642756 0.185784458777299 0.305227945133054 4.62490209919161e-113 0 1.31819063537025e-37 7.78155049500511e-171
KRT8 -1.27014778841451 0.86246721615571 0.0898278709060198 0.214466164843282 2.55575033767176e-131 0 4.76993386610949e-12 6.8905979825858e-89
STAT5A 0.173555197049369 0.0920450773510157 0.109785381481626 0.00865411079702664 6.43839048589736e-58 0.000213107779837107 6.11547881683482e-08 0.566543769180603
DCN 0.00908658061695847 0.514153964604552 0.153548740630254 0.184330651278706 0.360126430914786 9.29550719987271e-150 1.81842939530299e-15 4.56731671144902e-40
CD79A 0.100311000008326 0.200197379850775 0.139640799913491 0.116948533663303 4.47759544255856e-25 4.74364665175611e-17 6.08592178356666e-12 8.4468848011425e-15
FGFR1 0.1795764396143 0.121174895903473 0.118106658401115 0.0342255858373814 4.79778493728127e-53 6.68646546649544e-07 4.82795401081261e-09 0.0240057573925119
RRM2 -0.0339339164631858 0.659729413589016 0.203472733488566 0.142554505215254 6.77552211163197e-05 3.2173109647503e-295 5.54950061504602e-30 9.84352805223544e-24
MZB1 -0.224752471570409 0.781343355708575 0.182818615645507 0.415080946265374 3.33420594276363e-81 0 2.83573790502783e-28 2.91222172144017e-249
PGR 0.0376156245692987 0.138404310994832 0.0906988158019356 0.0241839582049678 1.24762746589948e-23 4.14608782275135e-07 3.74989939168131e-05 0.148328013562135
CLU -0.155817065191052 0.689490325955827 0.248673583556631 0.201249396161957 2.92749253092066e-34 0 1.2063310506252e-51 4.24925422714305e-58
AHR 0.039156517966621 0.482770731463863 0.153540662468799 0.205877386990172 0.0424950457930739 7.78846582639079e-125 6.0876755135178e-15 9.69806561511776e-52
TRAC -0.0429888444889979 0.753347521215082 0.162855934896694 0.12286846508139 5.44065432077269e-07 0 1.2923006568571e-20 1.75163715287756e-18
MKI67 -0.219209271294864 0.913578603628683 0.171760754478615 0.15385096412051 9.32341155773002e-66 0 6.52716574320911e-30 4.61898641232425e-34
CD274 0.109068377440382 0.0746203896622969 0.0513976854044436 0.047170975240357 1.63769645566958e-50 0.00429150356104895 0.0151634494849269 0.00298116001883429
LAG3 0.0851425177753512 0.28839656402543 0.134335246629063 0.0755884175098343 4.48744794167339e-21 1.07577448254903e-34 8.14484110463136e-12 5.93632871170706e-07
BLVRA 0.137456088489193 0.362358085162989 0.221426651486655 0.128603180758826 9.91338281391012e-12 3.79326501053437e-65 1.98656969096021e-30 1.77341845555461e-20
CD79B 0.0264868964747749 0.611408884428368 0.128418207472397 0.0691951570962282 0.0161360816278429 4.07804278326577e-227 4.68124227970473e-11 2.33090343202232e-06
STMN1 -0.582193542313377 0.767228154525602 0.199740657878131 0.22491900973753 9.38747509268931e-59 0 4.18295572390769e-33 1.61894251676151e-73
HLA.B -1.11288728480626 0.803609190503167 0.218584226634556 0.240433703290314 4.30750551709895e-53 0 9.75378387777657e-30 1.98544779269233e-82
ISG20 0.199310085796625 0.23084063950752 0.174058835901294 0.159488035829732 5.60812571080191e-23 8.47267946920659e-26 1.3339287034368e-18 5.32995302297215e-30
S100A14 -0.107631946648325 0.573045528807575 0.266748114838951 0.182093180505784 1.15371689039952e-05 5.84326788651672e-218 1.77439159327752e-46 4.89417232956119e-43
FGFR2 -0.0905232503809277 0.490738846784809 0.269591727821574 0.352776755072468 1.66774524792703e-14 7.85992709106886e-128 3.03081538017051e-50 5.70574185900292e-154
NAT1 0.136063792245624 0.224046563268238 0.0995086488481122 0.0456959428533508 7.31688131510023e-37 1.32863861503861e-20 1.19533267347624e-06 0.00237914811694619
AIF1 0.115000533886835 0.196490369118694 0.110481797676178 0.122747586306061 4.20885678753573e-29 2.07671387936947e-16 3.82862658573545e-08 5.71188698830797e-16
DERL3 0.0927605974178204 0.34989000462195 0.0961590020116578 0.0639583274181603 1.27255992745659e-19 3.4966315834212e-53 2.45226710212839e-06 3.23426244988575e-05
PHGDH -0.363788923508367 0.575998446981853 0.292354811150996 0.330255200831857 2.39474061062861e-57 1.53147718388555e-274 5.72980566284542e-67 2.60358418175011e-164
TRDC 0.0988404641624646 0.170355838508276 0.11343656628093 0.103873891069331 1.73036152912158e-28 5.67532480967751e-12 2.71401933161512e-08 1.54215322773029e-11
LAMA1 0.0823141454258867 0.198106752824974 0.0621781759243282 0.0481013755477304 4.36132147117111e-34 1.81487084689641e-15 0.00291194740131259 0.00220765445563457
MLPH -0.126411299113508 0.861824790501638 0.114676630236051 0.100558287619078 2.08497041463167e-12 0 9.16236533926276e-11 4.76618014661684e-14
COBL 0.0396693368990117 0.461414200989289 0.25052666938403 0.161060525158018 0.092206342813274 9.23170447532441e-115 1.52085459893554e-39 1.37147064717118e-32
BRAF 0.108521968547 0.12086738890059 0.0509701570213565 0.0479555994932296 9.328855164106e-47 1.33981886313496e-06 0.0154954147665509 0.0020182338211484
CD8A 0.0859302696831425 0.234949174330668 0.0664365648080353 0.0329301686611016 6.16881278263138e-33 3.3753656965055e-21 0.00136726204038009 0.0378142265614492
CD34 -0.28023901186623 0.985132258186165 0.153761915865634 0.2302518310348 5.59510033117271e-92 0 8.12115235463538e-22 3.01098587647513e-71
PI3 0.0359343304078167 0.174597919898182 0.170148255479575 0.146164019482044 2.60484264919484e-13 1.0482444514885e-12 2.65841253491931e-17 5.66871726641924e-20
S100A4 0.247375775858401 0.165816855048109 0.126271470334383 0.102121196179486 8.99816775153742e-45 7.60625093385991e-13 1.4967162725006e-10 1.69356862694956e-12
NCAM1 0.0682109893055332 0.251353732357075 0.211546482638498 0.131417411550537 7.07129069785965e-13 2.86913281829227e-27 4.5366793271227e-28 9.44428397858029e-20
ITGA6 -0.26246169956026 0.710087553852093 0.194190595771753 0.281825970971305 1.96070460954104e-33 0 1.08841376766719e-26 2.48567948238186e-108
SULF1 -0.0385403909493557 0.635530749658633 0.135849998758289 0.214220252776929 0.00249839079221081 4.14119077537585e-271 3.98586583740555e-12 5.14171945288658e-55
EFNA5 0.00917862949601752 0.533625591501193 0.15148014542982 0.172949771993834 0.438039642367442 2.54779338576856e-168 2.47211254507741e-15 5.83521001191862e-36
FGFR4 0.0113449176857477 0.381970291744483 0.260506386683576 0.2030907427525 0.305780963347136 2.4577839186498e-78 5.53093997692071e-43 1.28753874971346e-50
HLA.C 0.190728990996458 0.446900604410881 0.205384763685019 0.0985331942771772 1.29771557318624e-09 7.34453277030617e-102 1.62357750065359e-24 1.48005689974434e-12
AKT1 0.18606099981534 0.418370414246475 0.195368506213283 0.134621497831489 7.91738046974769e-11 8.14277002355571e-91 5.26098352498279e-23 2.70627624668975e-22
TSPAN1 -0.0897637057012694 0.656287025338011 0.201078314502404 0.175775394557658 9.46909455124996e-08 9.13053076140457e-319 1.18175345862695e-28 3.76444238928608e-40
LAMC1 -0.0585467064309342 0.588826483077123 0.18906697232496 0.200727746655179 0.00638254640882716 7.01199418807165e-213 1.12893789458929e-23 3.0436864987204e-51
MMP11 -0.110358583493937 0.69228609953101 0.0888874887524845 0.370141935859403 2.86155595922068e-21 0 7.43164460511583e-07 6.1909615885421e-184
S100A8 0.0511819022164871 0.117228097154579 0.053046917121154 0.0248427453735019 2.7589266049265e-31 2.35351282395244e-05 0.0170169366515299 0.135472796164773
C1QA -0.210012193511542 0.744308377695696 0.195232119763661 0.174140543002936 9.04607910973862e-18 0 2.3398015696389e-27 5.07441463386246e-40
COL1A1 -0.62733297889595 1.00849342624012 0.0359870936929542 0.238681630109921 5.20929295895518e-221 0 0.00129916328122868 2.94959655904061e-125
CD9 0.120451199478553 0.40343652402589 0.221371712291253 0.0939237617753673 1.62658206455697e-10 7.09937335682921e-84 6.96715018471635e-30 3.30869962985175e-11
CD36 0.276547137231712 0.183309724756729 0.163574365108978 0.206507520620843 8.69554000848736e-29 4.04117387421185e-18 5.32486282321458e-16 2.89007514981455e-53
EGFR -0.0649466594888106 0.803842671833819 0.123741468196705 0.185088108611321 1.13835989322654e-11 0 9.48148854649182e-12 4.61660215742454e-43
TAGLN 0.0487787272139127 0.34337743215888 0.194944366423609 0.177174051570523 1.77854449356957e-05 9.78277900057139e-54 1.76365114146302e-23 2.55083099428627e-35
ITGAX -0.246033143849647 1.01166945371679 0.0886162464966654 0.224680797055137 5.28959066907915e-67 0 8.07967884961191e-08 1.11256316105784e-68
TTC6 -0.360211893936618 0.953137393819367 0.0191701633517997 0.235361397644837 9.30956941907616e-61 0 0.226782593970608 2.90283481025434e-87
PIK3CA 0.0839781673998367 0.450782465775952 0.187157799017235 0.12054112153986 6.16660771049445e-06 1.59371743018788e-102 1.78492826675606e-21 1.42002743634507e-18
MMP12 0.0514335691496052 0.228347873862775 0.118425545783532 0.0638130031292088 1.83875873673996e-20 3.07163701151723e-19 1.2796147081372e-08 7.07736097475616e-05
HLA.DPA1 -0.231554250475185 0.766285304885404 0.239442948689215 0.140595229036997 7.48430074741217e-27 0 3.70945851774912e-44 1.04867673173149e-26
NDC80 -0.140051006668133 0.846533660253109 0.235048132301029 0.104579238646683 2.93306306656009e-36 0 3.20363842152351e-48 3.53936092912193e-15
FN1 -1.29765251430961 0.931891565039306 0.0092433095017201 0.436371245922347 2.86974809617625e-287 0 0.498411879238281 0
LDB2 -0.318484001861637 0.832375866197534 0.151771918370787 0.255968071029862 2.42037600804211e-42 0 3.26012376964706e-17 8.96445445440204e-87
ALDH1A3 -0.022762647427226 0.508038513334138 0.199430669659075 0.228351457936202 0.252523964756243 1.35372873080173e-156 9.41451088377733e-26 4.90232609716445e-66
CD38 0.0666621522217471 0.194854366311047 0.0629622125342721 -0.00850587484314928 9.84242482450611e-35 4.18006060618405e-15 0.00278435534429396 0.605882467966455
CD96 -0.0732070542567486 0.839079790805096 0.158530059225427 0.158382566032524 2.25530103736715e-18 0 4.97875144067854e-20 4.14636578542324e-30
COL1A2 -0.599467836769964 0.997134260674152 0.0899718544617073 0.157123485126914 8.05627008235815e-166 0 1.99003386832589e-14 4.82619089481527e-51
S100A9 0.185159159316437 0.0384282460379488 0.0525727303034908 0.210944676472189 1.35177446815382e-47 0.122251927972732 0.011255098030967 1.74323574929011e-49
MMP9 0.0257047275072261 0.0809829973932601 0.159333450616134 0.245445592524724 3.23023527706223e-11 0.00210896146222556 3.10164124931827e-14 2.17378861078695e-56
TBX21 0.100473501853047 0.136203452619371 0.115609614961752 0.0425127934724568 9.19486496821385e-38 6.99572139527195e-08 9.78379337984211e-09 0.00646637814781467
C1QB -0.221032975731728 0.798956300993267 0.172190365507588 0.179001975266176 1.25729260835868e-25 0 1.77231605539183e-23 9.88585785094993e-42
TTYH1 0.0571752428121238 0.0662139636952982 0.103260218731422 0.0424448384904023 7.15002284046394e-33 0.015578258280042 1.0948273896336e-06 0.0102083255579767
JUN -0.449639850531955 0.724203068578688 0.17594018092686 0.225057917435923 2.46883169311798e-15 0 9.11694853947556e-20 5.42706781019657e-69
EIF3E -0.124619679543602 0.600507687220788 0.30095594545488 0.125967816327568 0.000213966042219701 1.66918301408507e-231 5.17537604061015e-54 2.94256953523726e-21
PLEK -0.236814365679448 0.757475278728755 0.203406614693141 0.224123397607853 7.75083234284409e-33 0 1.52836374339241e-31 3.10106594217677e-65
ANLN -0.253242172526782 0.852442920488149 0.236573251215853 0.138946444763596 1.53331038846564e-65 0 2.32895410056589e-52 8.52645474688515e-28
LGALS1 -0.509250096473852 0.680854961681536 0.247077092266365 0.23480176112425 3.4363582963897e-19 2.31219377330468e-314 5.60726169013492e-34 6.55938035284218e-74
HLA.DRA -1.16765678599997 0.843739973431227 0.203140914620431 0.289853736080815 2.74296230621985e-167 0 5.79454210363674e-38 1.57457606344843e-143
NDRG2 -0.169214754969443 0.55745094445071 0.254595098071071 0.258839277926336 2.86737253261398e-15 1.16723191364347e-216 3.77186107239282e-44 2.64595349702293e-90
FOS 0.0660744065031564 0.262931873682629 0.116912028901543 0.343159234188126 6.79739866620531e-06 5.29750927587569e-32 3.54865491875027e-09 1.07675231920694e-139
CDC20 -0.25141694761255 0.790984413813485 0.203385140026583 0.22739385712714 7.62854844963774e-57 0 4.93269673060343e-36 4.4205194591193e-70
COL3A1 -0.50208276691868 0.985908780585636 -0.0118649225696364 0.251427599904204 7.44213087498536e-116 0 0.346481145227973 1.2093790097099e-121
CD3D -0.0898787471245478 0.913189089751459 0.121373059819473 0.124784424944433 2.18894564757812e-18 0 2.26476056469148e-12 1.93180122947609e-19
TCF4 0.0281192167281466 0.502548992454731 0.143429314510729 0.0828736330039116 0.000132952659986046 6.84028264801867e-131 3.2162573099473e-13 7.13102143614093e-08
MS4A1 0.105867332403326 0.151133275787408 0.115910592940307 0.0885484256424656 6.06899015416923e-35 2.60834176359191e-10 1.91399234593093e-08 4.50716184185952e-09
JUNB -0.361395244699374 0.694426787197298 0.188251356242323 0.243048472131709 2.06674896879161e-11 6.5703759163597e-288 3.41208824556978e-19 8.02412014454047e-77
SDC1 -0.617395924545803 0.858741526732268 0.156093219777678 0.180231536698911 3.2151078827659e-45 0 3.50093312607961e-19 9.22074620507341e-48
CALCRL 0.0672316271063156 0.359285131141394 0.14747185159689 0.0691935871680984 7.37672433338508e-14 1.06507688035555e-58 1.2571993447275e-13 5.65356194112363e-06
TYMS -0.226830888948494 0.771518305286754 0.223985427426757 0.21119897660751 1.9734649774234e-46 0 2.16001937005063e-41 2.77834877221471e-59
LGALS2 0.0157693879083427 0.291401388074216 0.247503487818603 0.199046872298773 0.00731609624856533 2.30974117229477e-32 3.16566711504241e-37 2.47670215118318e-40
AP1M2 0.0650950464786726 0.416987253697185 0.243871224446537 0.103905373566922 6.2752232670894e-06 9.4176636631146e-95 1.41085857426521e-38 7.81737365063158e-14
ELF5 0.126659726511934 0.197297427473204 0.0949556744111667 0.118935891913459 5.44187302865578e-31 1.95621003822663e-16 2.47332219898308e-06 9.86155505352308e-16
HLA.DRB1 -0.0177090857109471 0.624579733267189 0.17996400057974 0.124988128142044 0.160650226869628 7.51516065123186e-264 3.34875742355921e-22 2.73519365676189e-19
NF1 -0.0951040580629347 0.648308986866938 0.241820103353577 0.127599533142676 1.37992448910261e-05 6.76915402983441e-276 1.60114073333914e-37 4.15422852864338e-22
PLVAP -0.138457222194844 0.79062373390468 0.172857568926545 0.116223518301309 3.26586462759249e-11 0 1.96798350868947e-20 1.8737085862754e-17
FOXA1 -0.556577671071383 0.830629698718159 0.134569657267341 0.173380174685627 2.12492624023282e-52 0 7.78641807181484e-20 4.34034340511092e-49
CDC6 -0.193192802742272 0.779899552302325 0.146486275063207 0.250820961288567 2.14783958847523e-32 0 5.42634046754277e-17 4.63583713958069e-83
TCL1A 0.116433510955894 0.00181552044540578 0.0808510935188271 0.0256134177901301 4.9454561786642e-58 0.944418813514354 9.78213365513076e-05 0.110064512474537
SFRP1 0.012969448100606 0.57556443748337 0.125571126151814 0.10622867571497 0.0558541702544557 2.88408958037535e-198 4.7004744997262e-10 5.17068967027123e-13
COL4A1 -0.558391953596359 1.01264338073899 0.0663633813755116 0.199950835445467 3.40681801895047e-174 0 2.63587495644373e-08 4.02054476839845e-78
CD3E -0.158341414971173 0.979157927304315 0.164920448046369 0.169356063000687 9.95711786125782e-74 0 1.55611599768004e-28 8.75767992379323e-45
MSR1 -0.0929931277628659 0.676209713056052 0.184102222102143 0.182605953907395 7.99069452573336e-08 2.51321312726525e-319 7.75154665782186e-23 2.05561766324046e-42
KIF23 -0.25431455200567 0.900681721670675 0.176260722834402 0.148497847683404 1.30414709244343e-64 0 2.30852383585481e-30 1.08415398106024e-31
UBE2C -0.0166578219885892 0.614140027007926 0.194759894414739 0.12359880669266 0.0763190693202847 2.43250180893677e-246 1.05051179927031e-26 9.15489444108179e-18
APOC1 -0.493332511824168 0.522186503134881 0.256219973753045 0.384510992977221 2.10663650392922e-108 0 3.13932398029406e-71 4.75194480020125e-260
LGMN -0.789834076060949 0.847706633311947 0.200103233590653 0.261863718874509 1.92755766045698e-77 0 2.38315528940074e-28 6.66507835152081e-97
CAPN13 -0.192243184403861 0.812437895544149 0.0793526956787197 0.240407268687032 5.81676305244608e-23 0 1.12542662653634e-05 1.1692038488035e-79
HLA.DRB5 0.072782511327686 0.372362913228209 0.133254669724358 0.0557497079747084 1.00454315574563e-14 2.37068862999639e-57 9.85016626966126e-12 0.000189012709758727
NFKBIA -0.00993253345491897 0.479801282954171 0.242839734512543 0.214819589244211 0.75683505757357 1.95938132881538e-128 1.08762708388734e-34 3.60127389692756e-58
EPCAM -0.555106914229408 0.838756190043835 0.123746607265912 0.164727666546033 2.02003548777797e-60 0 3.25508288492515e-19 1.99980949709401e-47
TFEC -0.0353438546142567 0.788094179425407 0.169918842290855 0.132892537455724 1.95402469337401e-07 0 1.19010659445525e-18 5.66942209637935e-20
FOXC1 0.0199222382351378 0.52018753246813 0.218977933839972 0.154113256660311 0.401297542937067 1.1545392847447e-154 4.20767191494606e-29 8.46934070733701e-30
KIT 0.0558372331233313 0.234442298561727 0.115637518779947 0.152947648561827 1.01230310658044e-15 1.80946126172948e-21 2.45931122664431e-08 1.52232769910526e-23
SIAH2 -0.0553541686291676 0.573595008613935 0.237439680553652 0.172501534494542 0.0980954282828765 2.53545812830209e-198 4.16349110409056e-33 7.93143241777042e-38
POU2AF1 -0.0615911745940424 0.865825028674759 0.158762809361351 0.196585271304473 2.70937267315142e-19 0 1.94540781676833e-17 1.34884947278631e-40
MT2A 0.14079632863288 0.163902815291695 0.132232186685583 0.133301210840728 1.26583937000463e-32 5.62365839477641e-12 3.34244912888561e-11 6.56565604993872e-20
COL4A2 -0.418683264083606 0.995821482144048 0.0854256875343645 0.167653285096825 1.09913722409662e-92 0 1.01163259019969e-09 1.62735007512987e-46
CD3G 0.109198135513926 0.245064898102904 0.0543941364450487 0.0135224688530808 1.51752851807565e-39 7.16084934560596e-24 0.00746843471484778 0.387412367358064
CDH1 -0.652129344610241 0.880563433918457 0.0950409891609828 0.186905067714414 5.09783246343965e-101 0 2.36826979043188e-13 5.99208684401811e-66
UBE2T -0.0611483416338604 0.603763398223302 0.247784183882676 0.14228824215932 0.000189882046626114 3.32599920778436e-253 1.85190769212192e-43 3.92550761960847e-26
APOE -0.431916669005483 0.836834903915155 0.0773797198213467 0.256752035633954 7.31745335733772e-81 0 2.48309479460547e-07 5.77776535715792e-107
LILRB1 -0.118594675527311 0.8881519611226 0.130638504719387 0.171484425814778 4.54317723267399e-26 0 1.84690887941088e-14 2.00370833104846e-37
CCL2 0.0868641347649229 0.129725414845762 0.0430865637055373 0.0848134334070267 1.12498960989441e-37 3.47304924321004e-07 0.0472511816867706 4.91308339880518e-08
HLA.E -1.05369779797043 0.847607577030074 0.205755139187321 0.235935820954027 1.52292607333365e-62 0 3.91037708238664e-26 1.90457111839597e-78
NKG7 -0.0400664375284936 0.731438821686649 0.161163423572496 0.156340776385814 3.50214843303117e-06 0 1.88669095406775e-19 9.48873584176059e-29
ERBB2 -0.713352684022501 0.899197439044249 0.0864340963117249 0.145705938453484 2.58305579809508e-91 0 3.05409700441169e-12 1.77552936561874e-42
KRAS -0.0511507530071399 0.564153256535384 0.26732736181378 0.140272834820185 0.0226228997763349 2.51442664578724e-197 1.71453730476967e-45 2.83700418865376e-26
CDH11 -0.0228488691977217 0.790398344936392 0.117081047199631 0.118903368896415 0.00045596967558015 0 7.33825091742653e-10 1.23249710063157e-16
FOXP3 0.0970492304168872 0.3018172382708 0.111763061476505 0.179182624853731 4.72230793699556e-15 1.79251175023268e-38 1.3058386024712e-08 5.22951524606185e-35
TFF1 0.237237627772238 0.018221529614394 0.0595591776446428 0.0194998970724481 6.781256641821e-81 0.452210492724002 0.00455694061902939 0.194665501727691
LRP2 0.0683094800509422 0.0770134960578613 0.0690398720414393 0.0247619020389374 4.32119693837731e-39 0.00399641748436842 0.00145992507384055 0.129278217630243
CD4 0.0189159285673811 0.519764167414102 0.152851173619334 0.180514379059107 0.187242377619113 6.2682878297809e-162 5.9162474913978e-16 2.62928299037848e-37
SKAP1 -0.000232593687362636 0.603697196324174 0.162396699832138 0.122944304264515 0.983502914909715 5.50494058015062e-229 4.53267798470809e-18 3.41047104162942e-18
AR -0.0248270188370002 0.556722653142426 0.23571821329792 0.170464756044174 0.00641147942011121 4.71456402389012e-179 1.00908837941162e-36 1.46085838629369e-36
MUC1 -0.360704841927426 0.832619233650622 0.0849936151512759 0.262100169978707 2.44761668042844e-46 0 3.90930191495362e-07 2.31640667575514e-102
PRLR 0.180126170322225 0.221932405295844 0.129328388688847 0.134887520211305 1.99635684856946e-30 7.57949761535473e-22 5.33225321825788e-11 3.09474830914332e-21
VIM -1.89965992344526 0.878018387209498 0.178649829753059 0.278497844611028 0 0 2.14286864740542e-47 7.50589330416604e-160
KRT10 0.064755596704859 0.0425524137205369 0.106102849400363 0.0551685157238837 1.59604211498733e-35 0.119294579809355 5.6552282438332e-07 0.000553262323236619
COL4A5 0.0400736103662093 0.431649954320098 0.174180812149655 0.171445308334734 0.00412686740882988 3.59507360666074e-91 1.82488696033623e-20 2.99579386094667e-33
HSPB1 -0.685339649026766 0.701521214964693 0.149593514299316 0.316790551702526 1.42138073218958e-14 0 2.9323273916272e-12 2.3987470491749e-144
NOTCH1 -0.1896511373843 0.816012215161815 0.152680391491089 0.178472151972104 6.95631020793285e-20 0 3.05797587576581e-17 2.3230792266066e-39
ERBB3 -0.341053472572429 0.910986544298546 0.0943461110989255 0.147867726393779 3.45910947841729e-35 0 1.13543012276546e-08 4.15371448865585e-32
CDH3 0.0743346536752016 0.345415685263301 0.103266627591924 0.113718452909416 1.73271673195229e-16 3.27899141380137e-55 2.96133086426625e-07 3.78144103307957e-14
CCL3 -0.00964702716357914 0.509161344447731 0.190564470470556 0.209229579523729 0.542179748629061 4.02171343697037e-152 4.20422858987261e-24 5.03646853529567e-51
TFF2 0.088760987114902 0.0772799217012536 0.0560417897033721 -0.003620567735566 4.96247255594532e-48 0.00374788549151217 0.0112245737554819 0.823737380089916
KRT14 0.0431673719859459 0.0875779034998136 0.0528352880878376 0.0793634176641721 1.45960903272396e-27 0.00154701406381771 0.0167015725995068 1.85479881698458e-06
AURKA -0.409529200867021 0.814023886523012 0.232691906157061 0.190696131133279 2.5794384545568e-91 0 4.5482391476783e-52 1.178556630692e-54
FXYD3 -0.0724631897078427 0.689614618393645 0.160256226998711 0.148297145799418 0.000815210286793013 0 5.09057128635504e-18 1.22820389025401e-28
SLC2A1 0.0748540345834911 0.446817781895345 0.204143579783594 0.0854094386567605 2.77468921144416e-07 1.09807650463831e-101 1.6421565700522e-26 1.72284287998689e-09
CD40 -0.0195697651079491 0.698187898289071 0.141641864538675 0.114794449262012 0.0936542084119557 0 1.76477413756244e-14 5.39660621260099e-16
MYB 0.0547535074830233 0.32742527861539 0.166394779434799 0.119165568641825 4.46093006876312e-11 2.55130513939366e-48 4.89478281189465e-17 3.09318847532473e-16
PTEN 0.183827095199139 0.222300419192343 0.0958996616340589 0.0622872415544932 3.99060116182482e-40 5.33711925199164e-21 1.70548049827827e-06 2.34158779733606e-05
CR2 0.0745312037933421 0.137297346088214 0.104609757456011 0.0198258399751028 3.31897132819657e-35 1.53617635256592e-07 5.75196361061082e-07 0.213658214232431
VSIR 0.103777325615946 0.263074865687151 0.0978667726980882 0.0916485657611349 6.04036790829159e-27 1.17090674753298e-29 1.10504990330943e-06 7.87050577994205e-10
LST1 0.296130510684282 0.0544475482927979 0.0457548427696518 0.0593035728385808 4.65587924168506e-76 0.023355770739256 0.0292599769685573 5.85897329414794e-05
CDK4 0.0538195831746092 0.483360752311619 0.256319558261049 0.156644817097003 0.100478144774838 2.80731916360196e-121 3.94513772184541e-39 6.42672989665197e-31
NR3C1 0.132382937762321 0.396993329178351 0.17745308832146 0.10983711931764 4.46979041481306e-11 3.37009329099697e-73 1.7395782858338e-19 8.27250917832761e-15
HSPG2 -0.0888782912085989 0.817538976045627 0.152324837090141 0.127658501121573 8.95960995796989e-12 0 6.31800164396274e-17 8.26582574210894e-20
ERBB4 0.00876847253575132 0.52972487506542 0.209412677368635 0.13627454941039 0.564016900440674 1.44360624016312e-168 1.6307957758265e-28 1.10219470084249e-23
TFF3 0.132428218700777 0.0926109058308045 0.0728488088201125 0.0645245944460797 3.03587293469499e-49 0.000264550308571329 0.000430072258949488 2.09159658276846e-05
CCL4 -0.0310970755737308 0.489830790906688 0.288700231427469 0.245164025485442 2.3360166111892e-05 9.83890337934258e-124 4.04114209687421e-56 4.34351521871544e-68
AZGP1 -0.623080054661273 0.800802873982355 0.139221883371716 0.267610384119032 5.09978368798041e-88 0 1.15318483818313e-18 1.59680702563193e-113
SLC39A6 -0.159425200871578 0.69558887737047 0.217561499822893 0.15958976091357 7.08872921389497e-12 0 6.43667626001437e-32 2.66794265647369e-34
KRT15 0.0614143981137507 0.333159604536819 0.122861758500273 0.0552154600775863 4.44686671111161e-17 1.55355043016703e-48 3.63242235002303e-09 0.000247311225716619
CRABP2 -0.365306030895774 0.404233015818456 0.326550307702271 0.484839578396917 1.80881957177643e-70 6.18962118746235e-146 3.29321651648495e-96 0
MYBL2 -0.5926301780201 0.796154188372569 0.185225640827511 0.29259038820309 1.28593392042107e-126 0 1.55792317208368e-34 2.58561711225358e-134
GATA3 -0.00795684195377159 0.429760356213797 0.21115068637472 0.26929015706868 0.666511545252711 4.31926532890486e-99 9.80310203064086e-30 3.16293251374277e-89
CD40LG -0.00112644469634061 0.575451443425977 0.153163937321814 0.158560111972713 0.915158673027716 1.3280751104244e-205 1.42351756395945e-15 1.52000360506622e-28
LTF 0.105704772559599 0.0973744928469785 0.0252743897072597 0.136514492271019 8.66437038006313e-41 0.00014577705234388 0.233315807256164 5.81803067758149e-19
PTPRB -0.00453055177851564 0.660587219002858 0.138526436107649 0.100397797541037 0.686137113604102 2.35495229851306e-246 1.05188126164436e-12 1.61338131785847e-12
XBP1 -1.33143337956635 0.727611556237977 0.114720433369303 0.407530324531301 1.04202838161966e-154 0 3.54457060830372e-15 1.53203460205154e-314
CDK6 0.134409622274677 0.0516954531428265 0.06161201733369 0.0530626152378588 4.83696765986741e-54 0.0460622319003821 0.00320041446581837 0.000585873681004575
ESR1 0.100171546398037 0.132353127592629 0.0341986932517012 0.0217469187168919 1.84852746888477e-46 3.44696244524903e-07 0.114957501399034 0.17826587340836
ICAM1 0.00580017928562331 0.475304040020737 0.156571155711551 0.230565523979253 0.601458211451041 1.54482098866011e-112 2.01325508411369e-16 5.33731713587842e-63
NUF2 0.0065334526548315 0.539256915241837 0.201557735415885 0.112836905068801 0.475509792221457 1.67694325156372e-170 1.78438572399116e-27 1.91415486324339e-14
TFRC -0.118032940490793 0.696022854896792 0.17113832218726 0.188629579283948 2.70994024926775e-10 0 7.16217997114318e-21 3.36227847563895e-47
KRT17 0.0182638482572456 0.305314631903928 0.194806966615502 0.197358928620036 0.00063065247184542 1.27853658340531e-35 1.2511471085513e-19 2.42018775664062e-37
CCL5 -0.0940643447896582 0.600682477717635 0.188868417380191 0.371760338835381 9.74349976474652e-19 1.08230688772154e-229 8.31308903049716e-26 2.15825696186447e-168
SLPI 0.0647399275430616 0.334180530672635 0.283978561262048 0.219067351983754 0.00843110960034664 3.40589562839994e-59 7.72879522419146e-49 7.13405952219608e-60
GNG11 0.0967229197694984 0.159179789883392 0.0153018627078127 0.0846566573324139 4.78538293866891e-40 2.33055559449853e-10 0.475897943749308 5.36474568458659e-08
MYC -0.0154763221866697 0.426389608096821 0.218542314255372 0.27812525872481 0.349470833201384 9.6950817098157e-97 2.18272027269541e-32 1.08802394478462e-97
B2M -1.18909923881145 0.776793060766772 0.23376152014132 0.225432745116206 9.4522581442948e-32 0 1.33554920643376e-29 8.12958840239911e-73
LUM -0.305377410293449 0.659584394593269 0.228451698944104 0.322442582493312 5.94110451111494e-52 0 1.00248790074532e-39 5.65364495541148e-161
PTPRC 0.00142370233646119 0.576737175789416 0.180643255622572 0.116881511087091 0.84475834242653 1.41611222288104e-187 3.1943005861928e-21 5.54549539390267e-15
OBP2B 0.0336964754937163 0.378894363637433 0.0779349578832911 0.0662303446498962 1.01916210155139e-11 1.43216981218508e-46 0.0002783592560755 4.81805932119986e-05
CSRP2 0.0103701199878196 0.464325692147844 0.149192625276305 0.216389837699954 0.250238820342661 1.52210331750567e-102 2.5553745838808e-14 1.73755384169934e-49
XCL1 0.0861665984316818 0.0772863850373259 0.0714575290293913 0.00970375530222325 2.32174360059127e-45 0.0037940882551451 0.000709608377912011 0.548705886259915
CD44 0.0969152421379531 0.289244517759521 0.171124198146545 0.166565375115723 1.31770263327383e-13 6.52717032613965e-38 1.30165078781291e-18 2.37873863492031e-32
ICOS 0.0545238139971547 0.390241344586922 0.0885409663614426 0.132763023411218 1.5710320492279e-10 5.78834532455575e-67 1.21689223939741e-05 1.31792756054849e-18
CDK7 0.134360558513798 0.403535023660807 0.172106443728345 0.14157512046509 1.10758915121994e-10 1.40650716569482e-80 2.38078743799381e-18 3.7354826638901e-24
GNLY -0.0375436099924884 0.533244457619317 0.191141532123149 0.379289764789146 4.78541722137823e-08 3.84416641928262e-144 9.41610281996845e-24 1.49082437211324e-153
CCNB1 -0.349720113580088 0.810091459894635 0.242401165565237 0.20396304616838 1.212081410785e-85 0 1.02916419091557e-55 4.56708248046795e-60
SNAI2 -0.0718769849392013 0.671913426273463 0.121558051081099 0.274936246826913 1.13310371502705e-09 0 1.46194899098712e-11 2.23710924093362e-90
THEMIS 0.125244929744455 0.130051628112908 0.121865410877061 0.0897106537820671 1.59580958253756e-37 1.40096818124182e-07 1.51988861029795e-09 3.00007272214545e-09
KRT18 -0.703688514116548 0.806657331634387 0.133061048707934 0.201517315424107 4.9207285430403e-48 0 6.11017554111399e-18 4.81011061807165e-66
MYL6 -0.501866799650571 0.848553053746287 0.108148189690066 0.16759062269415 5.07219072892992e-11 0 9.28935970046968e-08 3.62853351444914e-39
BAG1 0.486113407587315 0.366604854880868 0.197210963566357 0.143229872699218 7.2616845109137e-19 3.48423829879648e-58 2.73302257662026e-19 1.21830836172909e-25
LYPD6B 0.0692303515449022 0.121175649684451 0.132785412400475 0.105840627196406 3.06567561308348e-26 2.79820787325313e-06 2.60686287406726e-10 1.13862309028358e-11
FABP7 0.278310102878481 0.180434177655012 0.0632231461181004 0.0572984612595519 4.12760961390833e-56 5.04581482416731e-15 0.00231782820704058 8.70817101730425e-05
ORC6 -0.249667766276735 0.869126079337386 0.172845881910312 0.168673692792283 1.55306571319683e-52 0 4.2432055370149e-26 3.35078144218992e-39
PTTG1 -0.0968138547663159 0.695635670190854 0.225988703757947 0.174493418692025 3.82269057454846e-15 0 1.04728941350879e-38 4.99289408432848e-38
IFITM3 0.0389999428878116 0.399416427183074 0.273924424447701 0.208928502200386 0.166846676017825 1.85662983394983e-92 1.73927619537427e-45 5.90652382125091e-56
ZEB1 -0.27605993273663 0.798690273678905 0.155220973093026 0.243534858473877 2.02931956954994e-37 0 2.94436741962967e-18 1.00722642503659e-80
CD5 -0.0962258784353401 0.839472206490118 0.121937875149132 0.103533336251395 2.42186597214045e-09 0 2.99788820688267e-11 2.69079632523433e-14
CST3 0.16068518866258 0.187772345469036 0.0979128541482599 0.0382035404593884 2.945425234878e-42 1.30549017543908e-14 1.42653528070104e-06 0.0108927984392835
SOX10 0.0437058059219323 0.310702723799986 0.0647970207879505 0.0585131680826026 5.69680401952918e-18 7.68111718502922e-36 0.00234470597725268 0.000381339799741094
GPNMB -0.162968857386616 0.784377984319957 0.193047428531287 0.198809527777855 3.59213661822421e-27 0 3.47210001488581e-27 2.18970050437343e-50
CCND1 -0.449948733234611 0.722143602408903 0.155934890478008 0.2549082944806 1.39383374086154e-24 0 6.83364187827382e-18 2.59076809507744e-93
CDKN2A 0.131006630506315 0.394682727817826 0.187781965506628 0.144473983566494 5.706628544552e-10 5.6881489462459e-81 7.90786330666624e-22 3.90146270705382e-25
THY1 0.148020821981942 0.323742465410885 0.0864265268036628 0.0905378196268712 5.73006091790756e-26 4.39677453070186e-46 2.19327372386649e-05 4.27510464671543e-10
LYZ -0.469998299704015 0.72507116919941 0.194811244646536 0.32473486803616 1.92093457328618e-58 0 8.54856734686251e-29 1.57355319197908e-156
FAP 0.0714481741621008 0.402508740238716 0.085925251362013 0.0671011897695897 1.20537327762808e-15 4.1264009169087e-73 2.88871728910719e-05 9.75696101066669e-06
RAMP2 0.097878400064726 0.336061169347112 0.126278721374977 0.0462221483013379 4.38460693643686e-21 4.07661878755685e-51 1.78848236135729e-10 0.00198526336615531
PABPC1 -1.03185271765003 0.728026901075242 0.144580812442609 0.268927891157602 8.70085364719111e-56 0 6.51904781689584e-21 3.68547309452919e-127
IGF1R 0.0584262761695877 0.439569921999487 0.115559296856868 0.180181661326893 1.76884101419468e-05 5.81408128383825e-96 6.36514124567552e-09 8.02534852894571e-38
CD63 0.0988184024707708 0.478930462362715 0.237099107094892 0.217930421886577 0.108416063349443 7.91941481787337e-108 1.2920467132035e-27 8.63708449780596e-60
CCNE1 -0.0760760071364348 0.627298908746398 0.226582064718071 0.166914549269258 1.19289063146648e-06 9.62354836030394e-270 2.09232479687375e-35 8.56825780186716e-35
GPR160 0.0441359885865259 0.470384125337039 0.190488497740666 0.160991600717647 0.0067450218483411 2.10266999448284e-122 4.85378491838517e-23 4.76116249327568e-32
ZNF571 -0.135039769996252 0.806226697931868 0.0806114845555851 0.166558204825522 8.99696050743603e-07 0 5.33318450516702e-05 3.75882001187359e-35
CSTB 0.078386631599803 0.474577209945312 0.13289553064037 0.122822732640106 1.76296167297388e-07 7.33207715640871e-124 1.10888876060953e-11 4.91840292968951e-18
TIMP1 -0.469302004504657 0.707840482388333 0.0676597057616725 0.470960016936352 5.02612456819315e-52 0 0.000189916040397555 0
FASN -1.020751300758 0.813501117848075 0.107968065239752 0.29554396766215 8.70832085884439e-140 0 7.09731566477773e-15 1.92262519990083e-163
IGFBP5 -1.06357408440923 0.717202851154835 -0.0068553466140763 0.607411870537846 6.41831279047104e-176 0 0.653555789157177 0
CCNE2 0.0373706954378965 0.443452729120099 0.23345373790341 0.0879971268294167 0.000729708724654707 8.39868762038249e-105 6.35432317979383e-34 1.13528053521827e-09
CTCF -0.38792746382329 0.805368029264782 0.229761153014133 0.0884247791291105 1.36726280457273e-22 0 3.1375668305428e-39 5.06002400277854e-12
