target intercept intra juxta.15 para.100 p.intercept p.intra p.juxta.15 p.para.100
CTLA4 0.0498044146571172 0.0410045158487986 0.0427675277303471 0.0155621319136049 3.50324441044183e-26 0.211532517374579 0.112356414111537 0.445870334868204
CEACAM1 -0.14450553597136 0.791607597194255 0.125332735952829 0.16126011400844 5.56025964124066e-10 0 8.9938401491222e-09 3.95260763485007e-24
IL2RA 0.122281733609608 0.157497510952072 0.0653872687042916 0.0388830041895564 2.29312240372629e-30 3.50777384847888e-07 0.008665480642766 0.0363353590634032
FAT1 0.127387486831405 0.257150757008805 0.119871291068854 0.115015887606509 3.23875890748332e-18 2.16043538672713e-19 6.11817280454034e-07 4.90542554346727e-11
PBK 0.010877120864104 0.528864771005886 0.178590775620121 0.131994876590268 0.328240311806633 1.05930250267509e-114 2.40431736877803e-15 9.83720356566556e-15
BANK1 0.13368798534624 0.0927929231784405 0.112747483971024 -0.000886304985904712 1.5411594134797e-37 0.00108001425620439 4.19513635233114e-06 0.961937608924486
SOX18 0.0622901477467308 0.235949524359887 0.0499247110695331 0.0658395151432652 7.29948931326786e-20 3.00640420061516e-17 0.0511973936457149 0.000526345874490113
KRT19 -0.557265377577282 0.528742161413482 0.301063906035835 0.281973991760848 1.07085718949233e-74 0 7.67779171720526e-77 2.03781757696409e-107
RB1 0.113689999659775 0.295458084459036 0.212700779577044 0.178559503455269 1.04621464874238e-07 6.80860700050845e-28 1.27222760484772e-20 7.29156511791469e-27
CD14 -0.115660607461473 0.613645209718866 0.225981453126611 0.201362385357325 4.09522859257165e-06 5.9671096177173e-187 3.06551437834809e-25 1.729647369883e-37
CD68 0.243914107325915 0.15867397888463 0.122698281575009 0.0843412848341557 1.59145104337357e-31 3.02230960653319e-08 3.02599548481426e-07 1.64895511551959e-06
TMEM45B 0.126163084209824 0.157964301881784 0.16124322183314 0.233203883798885 3.95387129438591e-12 5.43292304912287e-08 2.75257840561722e-11 6.42986870227279e-45
GRB7 0.133762130305064 0.0792819896561827 0.0579905580367661 0.0933834688679129 8.16680853221399e-34 0.0117773194800059 0.0188619453679887 3.87454647464987e-07
MYL9 -0.0791487787402835 0.580325950271702 0.224744122814173 0.198128414255441 0.00233551850120666 8.06081615918309e-156 5.19903980869834e-24 1.97298410577252e-33
MAPK13 -0.0967509885291578 0.674202449096061 0.244527909602405 0.108923780579052 2.5850345919711e-05 1.0540791893123e-241 1.96240311227315e-29 9.84423923991064e-12
ACTA2 -0.153417902478397 0.538106020017235 0.229763786244032 0.389150156098539 8.51529385278692e-18 2.57693877716239e-132 3.24289517407931e-27 2.24145691997289e-141
PDCD1 0.0936167470488184 0.0222380924082944 0.017713520097287 0.0267455351902587 5.9224268066767e-38 0.489420594101005 0.501367487524929 0.180846439699995
CTSL 0.365477668585016 0.305402062675445 0.194571084258559 0.107034918192454 2.80538266531218e-16 2.23066473102699e-28 4.95794749320516e-14 2.49181414222288e-10
CENPF -0.136778351668715 0.750586990932898 0.239350449731114 0.200932960375881 8.32645083937115e-29 0 3.44143259003368e-35 4.0644705549658e-39
IL32 -0.524388922514888 0.689070731096698 0.129434566100185 0.328219250607763 6.70549810834319e-42 0 7.71488509584625e-12 1.10112912502314e-123
BCL2 0.00811385545728322 0.441906483416564 0.282299785850547 0.157584628550184 0.597480261514689 1.11708144171548e-79 1.06890659179539e-36 6.78199182600633e-21
KRT5 0.0906202010931499 0.287075607866035 0.106794647913023 0.0791627481164469 1.76114488026826e-16 8.36588874071408e-26 1.28884344960743e-05 1.51350590882068e-05
CD69 0.1213793491202 0.169526150050757 0.144153823491549 0.0672414688772819 3.98634364710634e-26 8.74243805208253e-10 2.11768429039438e-09 0.000202547995287447
MYLK -0.263322446893644 0.68690717418467 0.220894531664025 0.19174942060096 8.46587037500519e-15 8.90100481144199e-274 2.47147875824078e-24 4.41760248557291e-35
ACTG2 0.0201933242690992 0.226998871449771 0.111702108910273 0.251234490752136 2.45122278774238e-05 1.11428013779482e-13 6.03596377865948e-06 1.69743597903756e-40
SOX4 -0.302659493774354 0.674662707117085 0.138329012468256 0.285626749167191 2.74013409928209e-25 0 5.32833810200055e-13 4.45748639981436e-89
CD163 -0.327769174728437 0.843582860437731 0.0719257277220437 0.302299622653993 1.46507591895627e-39 0 0.000257551302134353 6.97160696385999e-93
PDPN 0.0490661579276239 -0.0139852382374073 0.0848150519163818 0.0159069521694705 1.69785899531035e-26 0.67104656956811 0.00132622314410646 0.419938063625927
RPL13 0.9058006058552 0.0135891954042387 0.0573431529287386 0.0935496712719383 5.47219010919726e-68 0.655655310488872 0.0314103702167143 3.07272383971646e-08
GSN -0.0125470667139821 0.500801873648611 0.283126274175142 0.145924430022331 0.485813359570061 9.07021453851043e-108 1.34440091301535e-36 7.4509117548971e-19
FCGR3A -0.00817238150140701 0.626791443965928 0.159439448101991 0.133180743102469 0.801412515043091 1.12206394032119e-186 1.11756983662122e-11 5.83153077743013e-15
CXCR5 0.113928136202636 0.0726466723092961 0.0521512639999301 0.0132040649741205 3.65544070026725e-38 0.018485613699857 0.0404692749057778 0.486543226849268
MAPK3 0.235694909122102 0.233641983849702 0.172919731985714 0.0880100196227115 2.51178652966268e-26 4.30337278729987e-18 1.49676739915062e-13 2.5684042931331e-07
CEP55 -0.136869746206865 0.781009813691469 0.185913833055608 0.161048365023319 1.73910195870316e-17 0 1.99172399053666e-20 1.98984525822545e-24
IL3RA 0.0845026344622857 0.20741303086328 0.109867648283861 0.0488003644077457 7.3577093321387e-20 9.4953370552192e-12 7.48496419125727e-06 0.00934623996077904
KRT7 0.0217903708171435 0.210609493121199 0.169617929669574 0.35315869468223 0.00908364028372944 1.43587128957892e-14 1.8548948393361e-12 3.36744020268458e-96
BGN -0.813294411879413 0.895687826984479 0.0421723548778147 0.312213392928136 2.82667151699394e-109 0 0.00742705477339464 6.99917178955735e-118
TMSB10 -0.904172549211473 0.805411306686428 0.0727911320686594 0.256434804086825 2.28736740128309e-23 0 0.000361932738575409 1.33896642263389e-68
CD7 0.0744104868489638 0.112341082435468 0.022829271833429 -0.0201335117439687 5.37071460623781e-32 0.000344062558432683 0.381970774226259 0.312661314142642
SPDEF -0.111512024537529 0.74746407292256 0.206192080092477 0.105569949622097 4.18310915827324e-09 0 4.58618089713375e-24 5.85276775128353e-12
CD19 0.0879182076864208 0.0305667835371256 0.0304235403449406 -0.00444330233008751 5.87966680065952e-39 0.332292641219777 0.223244266260895 0.820806981590071
ACTR3B 0.34986874815023 0.16630271004024 0.128435695294367 0.0742619096574142 1.12185152127716e-34 4.76755495392665e-09 2.45179125247807e-07 1.5342168087282e-05
MYO10 -0.0443723290168275 0.662438633052058 0.177678906098334 0.141626201548445 0.00713514923917822 5.49957135332404e-221 3.23019997109672e-16 7.57183182940188e-17
PDZK1IP1 0.339638885366102 0.00399486477941339 0.118040067676894 -0.00705950061120357 4.14683193222564e-64 0.889335268616797 1.05799537092827e-06 0.692592107496281
IL7R 0.00550351604806276 0.409740745324539 0.206548127826277 0.211414809599485 0.404575216247131 6.72229836721822e-53 1.81936656587196e-18 3.83203519966528e-31
FCN1 -0.0748119607039493 0.503894483813425 0.137523136299501 0.445353763877579 6.74404167627261e-08 1.11045914165965e-113 6.42301160880222e-10 4.16566628517593e-167
BICC1 0.0609046453361614 0.219636189285361 0.110295355446136 0.0918513194663735 4.72335862945162e-15 2.76083221558842e-13 1.24207962487418e-05 8.33921023590433e-07
RPL18 0.527451001919652 -0.0138979689985146 0.0511194503792202 0.0340133798474903 1.53172994482284e-75 0.639751164282157 0.0398076470252593 0.0523993372188272
CXXC5 0.0934570171658359 0.425501802995836 0.216383960158942 0.133626523961118 0.000102571026541389 3.69432842095816e-64 1.52559747884126e-20 9.40743423951928e-16
GZMB 0.0675861577088971 0.220557100356054 0.0915177452438456 0.0564339672827111 9.42635401872646e-19 8.37771454886187e-14 0.000308413500860916 0.00311173763222143
CLDN4 0.122939091284354 0.117198209242146 0.0802982222908396 0.0407839986718637 2.75136646082399e-35 6.05501859221741e-05 0.00115400441157851 0.0266068097116134
MDM2 -0.0933676823280509 0.603346462277975 0.153117918972742 0.275354538538637 0.000123078876613916 1.00523251345288e-141 4.47889454889598e-11 3.42215323721867e-66
CD74 -0.992734358817633 0.79676931766994 0.0902238589375766 0.352575672413866 6.64708400668909e-83 0 1.21083905184223e-06 3.19305828845131e-142
KRT8 -1.80172904192608 0.863475769084718 0.172039939549687 0.233044026031449 4.06900127432148e-116 0 1.94029044059786e-22 2.94682765313725e-63
CD2 -0.0347508029497859 0.693104207857409 0.151779414865865 0.220163002163723 0.000114076785703856 2.44580333738228e-210 1.14153797482155e-11 2.23875175286986e-35
SPP1 -0.0416715625801981 0.272103160213543 0.206725473618799 0.562833610990238 0.000116629181708773 1.85675900865429e-25 2.00535143324545e-19 2.29884938288863e-296
ADGRL4 0.0845407412393396 0.0768105895922769 0.047213658986412 0.0659276297593316 3.17687146845804e-30 0.0118124165025775 0.0653854950477894 0.000707010177878016
TP53 -0.0721629952709839 0.581284391217177 0.256424433132657 0.163960321424979 0.273619855232851 5.22194216461213e-118 7.03835123432134e-23 1.53977799576067e-23
FCRL5 0.0601924765649817 0.0118334033838542 0.0271391053953199 0.0330732371041805 2.28397841309688e-30 0.71112157591705 0.300863959270795 0.106667295470714
BIRC5 -0.0300667703155413 0.699687861565363 0.197257940824002 0.0939461746686744 0.00364609704544823 2.96583362039257e-250 2.0732742728863e-20 2.89433199100789e-08
DCN -0.00772869584368363 0.579600559765875 0.133442002771725 0.201363932218775 0.578019050774577 2.59614734291013e-144 6.0053360847525e-09 5.55803003805236e-34
ISG15 -0.426743165163196 0.531807121287489 0.277261603011064 0.320463496034369 4.81356282655999e-15 4.73924085862937e-143 2.90881225975614e-33 4.61663000112162e-103
PECAM1 -0.0188093506026846 0.630362922066683 0.163143936361286 0.15797448900267 0.114302444651671 6.73815912724499e-191 1.07970207608041e-13 5.05305063970621e-20
RPSA -0.161075415773522 0.576673854868759 0.314759859526207 0.150147174077819 0.0351866295211513 6.00748509369739e-115 7.04189999095483e-32 1.41737733180865e-20
CLU -0.458364052662922 0.840961510693601 0.0685799257760337 0.225551247745864 6.18186955414528e-53 0 5.30670971057301e-05 2.49163069030037e-61
MELK 0.00546640462148306 0.601754814591815 0.130948610792889 0.147259796051181 0.713330652442974 3.52537352031326e-158 4.34841648087712e-09 2.06914113447633e-18
MYO5B 0.184009882645523 0.273798208350183 0.202743433072209 0.131300227643249 7.79173244645329e-13 5.68412494738391e-23 4.84481292137877e-17 5.79295351560755e-15
HIF1A 0.131453973070012 0.316981418924188 0.249215423837317 0.234826004299209 0.00153573459730426 3.93297292510534e-31 1.50975155518744e-24 1.62949291021075e-49
LAG3 0.116630442386297 0.232479004954041 0.171891638187615 0.0881148599147339 1.8986177521854e-20 2.2627065515219e-18 3.98263169374806e-13 6.59796808804549e-07
CD79A 0.070389183722262 -0.055371392215435 0.0182145818176643 0.0836476946454679 4.38991378191423e-34 0.0949993166103821 0.482726885922369 2.29282199329312e-05
PGR 0.037064275756283 0.223306002272579 0.0452356370479644 -0.0299511659640083 4.5879535368457e-18 5.23182591085886e-13 0.0842036913933683 0.150092914663003
BLVRA -0.0880709068066826 0.605255739130069 0.28058698909539 0.135970284778194 3.72486142910632e-05 4.06889751121101e-190 1.9686924457938e-38 1.23332245159048e-17
AGR2 -0.214291728924549 0.466357504842449 0.200042103461712 0.436213767577606 2.02187980169902e-21 1.24620435060629e-140 4.05247644858243e-23 3.5995357762428e-213
RRM2 -0.0766872050666314 0.81410932085707 0.140283872263169 0.177588352633103 2.78698520203181e-12 0 8.82755432133003e-12 2.85050129786542e-27
DERL3 0.15499289231937 0.127741678560549 0.0786859403286262 0.0640469088378522 4.95542069089159e-33 2.05166057534831e-05 0.00178164470562103 0.000511776661598773
STAT5A 0.208914509854131 0.175044004111549 0.0905723476239033 0.0225354312995387 5.75149322934809e-39 6.21361346557185e-10 0.000186087666143578 0.223077447593596
CD24 0.103256427577779 0.202138724328441 0.134523516080869 0.296477949559711 1.17184110732226e-08 1.88713742228346e-13 1.38931966505119e-08 1.75680014278361e-75
FGFR1 -0.437456139829936 0.715200516930675 0.135699442859004 0.25079350026097 1.55132067246541e-71 0 5.33219444334912e-18 4.72088567469408e-88
CD79B 0.0761640119213775 0.0969563656083014 0.0718813320346946 0.0601348579559229 1.63987421956873e-27 0.00181636229324363 0.00361975465524856 0.00165741984464271
MZB1 -0.0802082343833596 0.57600136370518 0.1863330672395 0.263201738638752 1.73021071610236e-05 6.77588647051494e-174 2.15124938507472e-17 6.4713951114556e-63
COBL -0.11684633535543 0.601896123292231 0.273675146637171 0.146421169589497 0.00207857379429848 9.86397642831366e-156 2.58272195526423e-31 4.35425574691157e-19
MIA 0.119921048484677 -0.0441217434302121 0.0416692060286088 0.0224515037889884 1.1766041967858e-45 0.176693091964717 0.115920700362635 0.242270851298963
PHGDH -0.218045417696057 0.572437858365986 0.238425184143522 0.309342801933959 7.60139476927245e-22 6.81500871341797e-205 1.06681436422186e-31 1.48072614978046e-99
ISG20 0.402513538684959 0.115322332290675 0.105372155603112 0.0896577234123058 3.43128352479586e-42 4.10332761793386e-05 3.06850703500063e-05 2.94474058440405e-07
LAMA1 0.129454856604474 -0.0123348891374419 0.052496941391346 0.0785872081321498 1.04478634016858e-40 0.694709822913444 0.0385411022344682 1.62157526725304e-05
TPM2 0.00165748729138067 0.509429516938459 0.215519624804631 0.17658684667693 0.947876727735307 1.62099294145613e-114 1.37350032053939e-21 2.97106874767793e-26
EFNA5 0.0452395382478199 0.235496738512985 0.0316087107795781 0.0634904320528676 3.85189908641129e-17 7.09107250627411e-15 0.214177539525071 0.000987295617607221
BRAF 0.118666414658093 0.0978732999653539 0.0738778118850432 0.0355287838714106 4.31572778743358e-34 0.00160787097392035 0.00299377073953624 0.0560669577564071
CD274 0.105040155808492 -0.0113271068785619 0.0326438412797154 0.0537175814384506 1.40359868794462e-40 0.727857437302194 0.199178135000594 0.00534505668233797
HLA.A 0.322363811987586 0.246078568408829 0.139581849984946 0.147051627067183 1.1566267820522e-21 5.03112150879477e-19 2.67231621767298e-08 7.32453153065279e-18
AHR 0.197741448798033 0.268737364028732 0.122221641644373 0.066337433993572 9.80193300044997e-25 3.46996101630011e-23 3.92508061501163e-07 0.000116884502757446
FGFR2 -0.136607328561237 0.640748680756016 0.14155186646655 0.298590578623415 4.45531609207034e-08 4.1879479961959e-179 6.83772444489426e-10 3.72850029008798e-77
PI3 0.106599596579922 0.0102663759277985 0.0439789420530227 0.035196196614944 3.53345376255431e-40 0.745461581499738 0.0802267952558439 0.0711146818326125
CD8A 0.128155154303634 0.025852325928862 0.0260213732115986 0.0605332148711312 9.70786270941403e-42 0.410118256735965 0.317540222948995 0.00101545463170266
S100A14 -0.0287672663474297 0.514770826350507 0.2618988758541 0.179636082934425 0.159163894063125 6.1053534667308e-117 8.63417128149124e-31 2.65203453409601e-28
MKI67 -0.205827328981638 0.92726630400441 0.0655663329316301 0.212827305199197 2.26978001217591e-48 0 0.000144667038406459 1.65973140601771e-47
STMN1 -0.372668262523062 0.641598272819994 0.243479162243943 0.233501407359169 4.70444725996313e-27 4.29168714761049e-301 4.81843565009011e-34 7.08210134548119e-55
COL1A1 -0.716484817632477 0.953696873704693 0.0668357545237672 0.288070759245942 3.72826132153598e-182 0 9.06946909195625e-07 4.41618593134827e-115
NAT1 0.170046842577256 0.150840081269739 0.0588624289221485 0.0117197933960555 1.76843606402012e-38 2.79668205978079e-07 0.0190313411353552 0.521797597620364
ITGA6 -0.290622517142862 0.713228258353319 0.21903917458391 0.178421694376997 5.49767810284829e-23 0 2.16038494617751e-27 5.10933415834779e-32
TRAC 0.0429782819538295 0.329797136318128 0.117625176311612 0.0244882906819934 1.21191557864347e-11 1.32334546028382e-31 8.96570143736018e-07 0.211510581382325
LAMC1 0.179038026935306 0.245546635216078 0.186830885441162 0.1560633457881 1.02888320846288e-12 8.61004139937348e-18 3.72679869488486e-15 4.34216577239114e-20
EGFR -0.228927884501576 0.791966442711104 0.158098380268143 0.179149344515055 2.21833175100271e-16 0 8.62171814662106e-13 1.12085206249612e-29
CD34 -0.198276642552291 0.814451053566175 0.245314503220789 0.212081866429899 1.45976672425297e-37 0 1.46895375867224e-34 1.04690467076209e-39
FGFR4 -0.0141153292892605 0.553764196159079 0.239642087323597 0.132135416482894 0.627094404510017 1.32947928434358e-129 6.09870381721507e-23 2.05533732247002e-15
CD9 0.183586751881968 0.218330407745075 0.164332557469737 0.119649125587846 2.39124326331291e-21 5.26285737152626e-15 1.703039830844e-12 4.00930161318127e-12
C1QA -0.249245084099308 0.791316649296178 0.150726244187256 0.219576543726011 6.31237189347333e-23 0 1.13970129829129e-13 3.74711561623644e-46
PIK3CA 0.230263634195505 0.170522422751777 0.184929173292203 0.11165904586999 6.8709884502355e-23 2.63695217952151e-09 6.02220305267011e-15 5.71508290089855e-11
MLPH -0.105819664645571 0.895444274609363 0.0392385754734084 0.134907986145587 9.27788365575454e-10 0 0.048957867301485 9.33596381094857e-19
COL1A2 -0.498036877106463 0.987798410520003 0.0396164135432579 0.194667083932109 1.52241544243806e-86 0 0.00635238455205097 1.96111170027503e-48
NCAM1 0.0905993519137151 0.256303153009266 0.0561409479458747 0.063534536276997 6.30101907371183e-21 6.10752394487402e-19 0.0226253572222019 0.000669295739984315
SULF1 0.164841904518314 0.0560668597147065 0.0336686181321399 0.0491356184964165 1.90871341157507e-44 0.0717390755581355 0.152821363806414 0.00790084212773118
HLA.B -0.345252589531478 0.709059768197817 0.172374426348345 0.226351322713727 2.28624109269789e-10 1.0080346906498e-251 4.3353633412547e-13 2.14381436371556e-48
AIF1 0.133223284318415 0.0639380809996591 0.0564669246881395 0.0589955210487971 1.00098666896839e-38 0.0286228409527912 0.0232675751837829 0.00174238347751603
ITGAX -0.128299086521025 0.896559566652766 0.0848653380045769 0.221749641088226 6.09536008557693e-19 0 5.71023437176056e-05 6.93911720637809e-41
TRDC 0.0409052716046495 0.342499326148203 0.114316489389073 0.108247532153636 3.12165193649169e-08 1.40855020175681e-35 5.88864031288799e-06 1.99747842141516e-08
S100A4 0.296481470333815 0.102773996040682 0.0914460240644224 0.0733037612150616 3.65177899673677e-42 0.000486907654437857 0.000174892943601996 3.45999117346538e-05
EIF3E 0.467261837502845 0.166331987005298 0.182039191485204 0.154326320201877 1.4256035513418e-26 9.78193932602149e-09 2.4404772985784e-13 1.40459344108878e-20
LDB2 -0.326323099603077 0.896880448701576 0.132766458242675 0.250498522891228 7.63862830292067e-54 0 3.68920091187362e-12 1.86994488496705e-59
MMP11 0.0168248134235968 0.563876681935997 0.147552598688863 0.0856055176562691 0.0485820653880717 7.14271857561204e-118 1.8677283054667e-10 1.94571142561099e-06
FN1 -1.08025167872721 0.875702627242013 -0.0608364962770277 0.386884458913695 6.99671932368338e-157 0 3.34597593285777e-05 4.88096149645367e-210
CD96 0.0179180138343967 0.546924035233278 0.0928535260358785 0.090619615295865 0.00570974637457411 2.68151665125464e-103 0.000144592336129686 2.19987153001589e-06
NDC80 -0.107276744635452 0.751700220576843 0.213662889807569 0.200496494293242 1.51475701559509e-21 0 5.90269605844544e-27 8.6723128747977e-38
COL3A1 -0.385075531712734 0.965163201297612 0.0334605998450705 0.207022397390199 7.26237377059938e-57 0 0.0369932342086531 2.90593611439872e-49
PLEK -0.00982398395424589 0.626845334422088 0.1412878785026 0.150210613752499 0.502694175228555 4.13012477921373e-186 2.51464038500953e-10 7.05163742322634e-18
CD36 0.0860440897926046 0.27533021881641 0.18811975373564 0.310918004923552 0.000489252486273413 2.11188279765448e-31 4.04921370990178e-16 8.52673181816383e-85
C1QB -0.189927035102669 0.832994941526068 0.12382189313234 0.164236068729676 2.45437158386612e-14 0 3.00160887309053e-09 3.11386147404001e-25
JUN -0.430816258523584 0.647142121896295 0.181532867457047 0.296588730624835 9.54424929908047e-06 5.38405608772808e-149 4.20378663708554e-11 6.20535499266148e-80
S100A8 0.0553679359012627 0.0403916381913278 0.0177650035546114 -0.00885220384380123 1.58378837086951e-29 0.204584821708053 0.505462328843235 0.675394431194712
MMP12 0.0648975597621794 0.00994598118807692 0.0402246796994976 0.00634554233496015 3.65852236342981e-32 0.766476556444813 0.123176380849162 0.749914123294006
TAGLN 0.230720480532671 0.234074614787538 0.0992994645006527 0.109910873094818 8.71218397010278e-25 1.88679761476581e-17 2.9804607567339e-05 4.36033982479056e-10
TSPAN1 0.0279795485067861 0.413475627116649 0.203685789349426 0.175224412820574 0.0204536756310795 7.96023090542621e-65 1.66765650591003e-19 8.99528580760329e-25
ELF5 0.214588535976064 -0.0280716186171834 0.0449890364942854 0.029106492072323 3.4272094536144e-57 0.36500659055301 0.0695101009891533 0.116560051635676
AKT1 0.113974593455074 0.466868886185567 0.234621330484656 0.163046741091865 0.0073532965601999 1.84974268854932e-81 2.40518386204709e-21 1.29254124770142e-22
MMP9 0.0219981220503303 0.0551111998221284 0.0505108223771724 0.493509298226976 1.57008744066926e-05 0.0806191122354198 0.0513870183864048 8.71289061307203e-169
NDRG2 -0.341386340151708 0.706740068452008 0.181477670388112 0.230194131948653 1.69786178745292e-24 0 5.20792327888025e-19 3.38979133100214e-53
HLA.C 0.516412116231054 0.0665676502861776 0.0794639850769396 0.0696807288184593 3.32930184093258e-52 0.0256669272611105 0.00179328344801994 7.97149811148571e-05
S100A9 0.0525765683696035 0.106967711950786 0.0825232277951612 0.0587110437641253 2.23655550762919e-20 0.000692260915231662 0.00150488926471456 0.00309218280102954
LGALS1 -0.716639925482426 0.660984825354907 0.31952991900884 0.240936209661855 7.18924688943496e-28 1.15278237033258e-227 2.50704435282128e-42 2.16713998299612e-55
COL4A1 -0.566681038669258 0.960887229429311 0.0717220534771167 0.237156130811039 1.09665985390114e-126 0 4.83137250551096e-07 2.47355031250824e-71
CD38 0.0928428675152666 0.0248515524290933 0.0487244917743202 -0.0222975343633482 4.03216740939451e-39 0.441400220499803 0.0603952963077473 0.257665381637378
FOS 0.00440936068299439 0.400570491406487 0.157402256738632 0.335394403517545 0.854451897367985 8.85383342188838e-69 1.09765130285251e-11 3.9677340285994e-98
JUNB -1.013423949628 0.752703321731682 0.200361440933346 0.356355759450397 1.26211799799319e-37 3.7113467701822e-258 1.3472739728984e-15 2.71724862996918e-121
CALCRL 0.123319733619087 0.175630249305183 0.114355466307211 0.0427236139490019 3.95388575794299e-27 1.85941451372475e-09 1.96354651676996e-06 0.019613677658444
PLVAP -0.183157912652233 0.756129376834581 0.18063199399662 0.154419080601852 1.12115375709555e-08 3.56259492336491e-272 8.75809428090366e-15 1.28132917194542e-20
CDC20 -0.104244689056517 0.687974311794057 0.248898059580168 0.171427889166879 4.20316657575339e-15 1.14514044779182e-299 5.507528335363e-36 4.33105318671691e-26
TTC6 -0.0632638100165653 0.58730568330045 0.240608221640884 0.175974953888715 0.00043123918292825 4.58910955004317e-155 5.97655465602652e-28 5.78347848310927e-28
EPCAM -0.407717332319252 0.612248900016739 0.215810099449754 0.269970823940718 2.59950841256289e-31 3.9228812279795e-320 2.10417178216053e-29 3.9675867129687e-82
MS4A1 0.0857808296889752 0.0214643827019722 0.0437635438316862 0.0390881222415408 7.66566833653674e-36 0.504188635302426 0.0900115865555606 0.0370259255839473
ALDH1A3 0.0620302140785198 0.117230734543974 0.0892864276933283 0.213490396515438 1.20198752028123e-15 8.87378018251684e-05 0.000373551460554147 5.57868718731835e-30
LGALS2 0.069706970871171 0.0921700696005491 0.0575126798821366 0.00738308628247824 1.77040223896252e-29 0.00317587634999411 0.0264885229262567 0.709797937317132
COL4A2 -0.426984700366342 0.961775849501116 0.0796165341379794 0.198344223543706 1.72286304163161e-82 0 1.35396756830785e-07 3.97095871064867e-45
TBX21 0.129873067758888 0.00627871166346112 0.0454495666223258 0.0519230246005498 1.06253397631663e-41 0.839619417057021 0.0670871997208114 0.00573772017647481
CD3D -0.0856982914103373 0.9033668227892 0.124591190841133 0.205395888399285 1.15162319972629e-17 0 6.5062343294335e-09 2.51882295135298e-33
SDC1 -0.615015995480651 0.855612252518075 0.131641586833658 0.171249141467258 2.07660277740832e-38 0 1.16283477580012e-11 6.08839203687088e-31
KIF23 -0.123490101264774 0.856171181462719 0.163303675922257 0.160319801558746 4.2229270789182e-24 0 2.96328738547603e-17 9.53887570614865e-25
HLA.DPA1 -0.194355236692227 0.834405092752037 0.130322060489219 0.184118213614631 3.34229265120022e-18 0 1.50682796323405e-10 1.30142944779005e-31
POU2AF1 0.12792595751752 0.0647957236635152 0.0545646777350589 -0.0109344964469481 1.48381948230277e-41 0.0392048935591938 0.0320366515010276 0.570074054046941
FOXA1 -0.38191743906496 0.683573273098623 0.257098423937632 0.150495325439338 2.86339398332885e-23 0 1.12967127561196e-38 1.57742586419714e-24
TTYH1 0.0313309835472824 0.186086073693323 0.0852433169972223 0.201738341391654 8.49007057213665e-10 5.68825261208466e-09 0.000474277288465321 7.17758264775505e-27
NF1 0.077687267592931 0.411589385554868 0.228052814963251 0.153613393710734 0.00550982709951518 1.64701188345091e-54 2.70860284376935e-22 9.15641027250555e-21
CAPN13 -0.0463174813663827 0.564835116385439 0.236656745665867 0.18415220222952 0.00207429967745237 6.33154786443394e-155 1.53052790642002e-27 2.59366699589593e-29
CDC6 0.0374853622328112 0.481812039868243 0.125088707642411 0.142139596925267 0.00200303605914906 1.37477674374214e-75 9.92962058852842e-08 3.0227702037009e-15
KIT 0.0392257730824891 0.0754581882490751 0.12167852780525 0.0926796000366908 7.43036490325917e-16 0.0182752663533314 1.67956899097007e-06 1.98112574278797e-06
ERBB2 0.123748432939032 0.459403116327961 0.206814482827943 0.134911481317565 0.00154276753534267 9.79453175075797e-72 1.07550077360711e-16 9.50832528887369e-16
MSR1 0.100841651030233 0.42514273299033 0.0943622195861144 0.123276642817842 1.33364429509379e-09 3.53541166544526e-65 4.80793072268847e-05 3.6412476504085e-12
CD3E -0.036015901054849 0.781451124507374 0.184575606202634 0.144902484948552 4.60243657095796e-06 8.35833227819325e-267 6.5539634408403e-16 1.05927217434294e-15
LGMN -0.212145784113638 0.641727541927367 0.236140078316561 0.184975056696385 0.00144505928246714 3.26492474495361e-143 1.59279360692075e-20 9.29782769640099e-30
SFRP1 0.00771425300573174 0.652119703648161 0.104187436341422 0.0999459211310073 0.37627658752851 4.92357027816955e-201 4.16963401947152e-06 3.00519786330115e-08
ANLN -0.214977442121287 0.853085011752643 0.194651119953562 0.136644329765669 1.93162790086288e-32 0 5.91060008161407e-23 9.58242756828121e-19
TCF4 0.0866376352874752 0.312377776798571 0.14037630656777 0.10736418935468 3.14598666519078e-12 2.63120263372495e-31 3.22969358658551e-09 9.33592700083075e-10
COL4A5 0.271644625471131 -0.00537531908665276 0.0312475142759926 0.027113258854537 7.87285500500465e-63 0.857665294484692 0.206087769180311 0.139825485321256
PRLR 0.0924904874842361 0.401365590465108 0.236059108728144 0.181419038555329 0.00169590464144647 1.87348404152663e-60 9.54014835760371e-24 6.19076737477997e-28
CCL2 0.0794289813241193 0.10655928053946 0.0451383790051373 0.109556272021322 3.54296107356043e-26 0.000501088342233901 0.0765140707750789 5.58365069315946e-09
HLA.DRA -0.505473351839532 0.813875606168283 0.162235358555723 0.217143856637037 7.27253141989691e-35 0 8.86694794164076e-15 1.08586519230527e-46
FOXC1 0.147316600362631 0.267238516385967 0.163320804747287 0.118099365646859 6.91970196678671e-16 6.23707946798553e-24 3.41663678625803e-12 1.18821408123265e-11
TYMS -0.437876262963239 0.692438433678231 0.147911707678586 0.314061725340795 7.08960815175656e-55 0 1.19141334602497e-16 1.20613965987578e-109
CR2 0.0548220276882787 0.0458290470589462 0.0602096469898799 0.0304948729920433 6.91739724989221e-27 0.155726967258858 0.0207277050484564 0.126307151115214
ERBB3 -0.372247127362477 0.865251448446941 0.191388505848642 0.101007064971358 1.24227549758053e-15 0 4.85005135767752e-16 3.38727660041199e-10
MT2A -0.181011001656597 0.508452362270685 0.275553059823289 0.287219308479795 8.16889044132195e-09 3.12042803675967e-123 1.70534868994823e-34 8.62274860218932e-80
LILRB1 -0.02476990631893 0.838373715940465 0.111736825843347 0.0406887111203502 0.0437317835737864 0 2.6519696390605e-07 0.0180471114433555
CDH1 -0.577589358444532 0.886721823188863 0.0204004953758258 0.23120986245941 1.47141379191396e-48 0 0.24020832330595 9.14068699213448e-63
CD3G 0.172415010229649 0.0590617041970811 0.12016206437849 0.0272391821366087 8.44164598625436e-40 0.0452547828940309 5.33840871657291e-07 0.135911844851184
NFKBIA 0.411217580616962 0.288585880407139 0.130476362991038 0.14385545483045 1.74167106134999e-18 2.0173881779247e-24 3.45868988687047e-07 3.70693587754638e-17
KRAS 0.252304746218892 0.0634497132065892 0.127351475383212 0.053476567614305 3.49110599799756e-42 0.02941665173706 1.54906913477703e-07 0.00244486988809702
AP1M2 0.0153362229167121 0.396100291707928 0.29057989106746 0.169658993893074 0.220364687065521 1.93207108949676e-63 2.85445710391209e-38 1.54703433778533e-23
TCL1A 0.0875911450340736 -0.0516614430778188 0.0185392965479775 0.00582788978242683 1.02071072398639e-43 0.107434187172722 0.46836033555137 0.772161510510497
PTEN 0.158854142113587 0.219193028459869 0.110000328002268 0.129405782353845 2.28033696450643e-20 9.99564519332127e-14 4.50641811287454e-06 4.75179970226961e-14
SIAH2 -0.214064452498559 0.572667794772596 0.313534323439477 0.177042259011721 0.00115435969668053 3.77950476684375e-125 9.75886927871522e-34 5.10693372931362e-28
FOXP3 0.0477130596484542 0.4904831879044 0.120836030028004 0.169193810550745 0.00353364952805994 8.32169183153163e-87 2.23139645722818e-07 1.06975665698755e-23
CCL3 0.180838307917346 0.305491482719564 0.139903318983238 0.090676052368636 1.43673531365626e-19 2.88994142545717e-32 4.45871827909905e-09 1.02765816529208e-07
CDH11 0.04788714428286 0.236678920609051 0.106317083112437 0.0352438384166417 5.3004606498803e-16 4.7741939993508e-16 2.16871237170417e-05 0.0715422777820517
CRABP2 -0.158623596559432 0.54549899817652 0.215918542614076 0.314380546474537 1.63225662451305e-13 8.75350177864567e-188 1.89568136268089e-25 6.34702672079413e-103
MUC1 -0.053507525184549 0.335473169174362 0.104718328891824 0.555079909053057 0.000725461255064435 1.0226495713592e-51 1.39062528096496e-06 7.00453641538051e-297
HLA.DRB1 0.0221048582656261 0.644055029789123 0.116741169526186 0.109651897429181 0.325771703060172 1.63388141739423e-207 3.40911027284893e-07 2.68812270761623e-10
ERBB4 0.171156500748371 0.226739418515413 0.0513545586837519 0.0423446479836529 1.36831017296913e-33 2.40956013922908e-18 0.0335916495359924 0.0187562784524173
KRT10 0.0906063451821663 0.00256407694137859 0.00128507764338643 -0.0331117663347403 2.97935275958743e-44 0.936405333892925 0.9613338480255 0.0982759377820248
UBE2C 0.0169631366194975 0.482888029848653 0.18618211872563 0.149162437151823 0.106054948898133 1.22211883189353e-94 1.40078119633417e-16 7.54771228258654e-18
LRP2 0.0455581258132114 0.32594072139492 0.169337308255425 0.243219784735979 0.000245980002911726 2.51905941631788e-37 1.72019515673105e-13 6.34974849582921e-47
CD4 -0.00593734435753777 0.646527812056142 0.149375950313605 0.117647235993313 0.692412056211681 6.85993656919897e-213 1.04228889783573e-11 9.45262585563631e-12
PTPRB -0.00294029403134304 0.690401507655264 0.111686879010042 0.107136606604844 0.711658793270237 5.93010152779443e-196 1.84681460509172e-06 5.50126973454803e-09
TFEC 0.0500754977824205 0.311942766178385 0.0236213699273555 0.0193752773845299 2.69820036988581e-17 5.64144502846286e-26 0.359194375041409 0.337087673420851
CDH3 0.0338697520802305 0.0788487518748725 0.0888073553060007 0.122240759002872 2.31012995399302e-15 0.0125130263761202 0.000407505834111742 1.64248581094676e-09
NKG7 -0.00629582676383695 0.552240413010435 0.12327629016906 0.225946885369887 0.552620675403994 6.21674077955812e-117 1.34798540810163e-07 7.328956580097e-37
SKAP1 -0.0172704820788077 0.493830599971031 0.297333998213457 0.146777677013353 0.345727677634241 5.91226438892071e-110 4.82535887208791e-40 3.10545492542647e-19
APOC1 -0.767969729057279 0.537407039470796 0.193239719196922 0.394552455688151 3.88283120961926e-119 0 9.46310887392642e-38 1.71901268638383e-250
CCL4 0.0576883296623079 0.230089828176709 0.0748270992665529 0.169041527509126 1.34053155527089e-12 5.5796825825671e-15 0.00209929764648238 4.76540384145426e-20
KRT14 0.0419032463700463 0.201666968728532 0.0747185940479254 0.0862535956095337 1.16359356042525e-14 1.69940724678185e-10 0.00255025863227594 7.95052656630102e-06
FXYD3 -0.10984433894831 0.687330256172383 0.250419031695642 0.105488332770842 6.04985731465285e-07 4.9321407187215e-278 6.18773385916014e-31 2.59853616405296e-11
MYB -0.0347368110272746 0.545719995163733 0.216036395159247 0.223493561346687 0.00472446758319964 4.24813470785491e-135 8.20825347173789e-23 4.82024385574149e-44
CSRP2 0.188148677005536 0.165391698222153 0.178403698180347 0.0615024636711884 1.04510376084809e-30 1.64131072894473e-09 2.54112597028606e-14 0.000430491328039089
ESR1 -0.0586912929157567 0.596361530661886 0.221607419342077 0.181223046200169 0.000535343107957325 3.76836857396308e-171 1.29608729780753e-24 3.07056311997565e-29
PTPRC 0.0451981269463873 0.406446593866518 0.110571040658412 0.0932940632472172 1.49283343117768e-07 1.27953913615889e-56 3.52601652625207e-06 4.1826444211915e-07
CD40 0.0602232475895433 0.510118994994506 0.178514242085822 0.0987046975070056 0.00175735771295059 1.28083803356995e-110 3.5985607456051e-15 1.07872314639748e-08
HLA.DRB5 -0.275890465250107 0.837108799639557 0.178494424754372 0.157700373624407 2.79146789737802e-24 0 1.83558750699847e-18 1.86204409582843e-23
SLC2A1 -0.0271394242567191 0.581604741714569 0.232731112044415 0.154178582619503 0.0654298457601053 6.28738984769039e-162 1.89751035835924e-25 4.95331566204759e-21
UBE2T -0.113374479002426 0.639012602328875 0.2100729574361 0.204677165104396 1.32930684222642e-08 7.93208039592625e-231 2.90962178220432e-23 5.72931049020829e-38
CCL5 0.10517959007056 0.0485243126338484 0.13226549567131 0.0468427614851105 5.31765698408714e-31 0.0984127193670765 6.50372805319552e-08 0.0146760846333884
NOTCH1 -0.0867858756663413 0.778387492514354 0.1628951038352 0.0955752041174167 1.31647281710417e-05 0 2.88397898534679e-14 1.76309268773059e-08
TFF1 -0.53264846779948 0.468538858207361 0.241133274795172 0.404309281733762 5.72950145056215e-34 2.10865395015439e-171 3.99550675822943e-35 2.7192113909568e-195
KRT15 0.100659530478928 0.10369537089115 0.0393705814454499 0.069716103158585 9.47674933933847e-33 0.000576346110974236 0.121725923090725 0.000218359118609346
MYBL2 -0.294907707511062 0.852379609283472 0.0475357220206104 0.269410286301595 8.3492643261372e-46 0 0.00797361315196507 2.28703984413671e-78
GATA3 -0.225758386647712 0.79385829053812 0.153249272386292 0.135893105561017 4.88413173692306e-29 0 2.84479675222454e-20 1.69828014652625e-23
LST1 0.202537089131252 0.0454937208303512 0.0637026248439972 0.0301755964223364 3.00942982564328e-49 0.126101641806639 0.00870469622220666 0.0963295809015541
CDK4 0.168030309612352 0.381622289762868 0.232429112881781 0.218727531192525 0.000295447754619044 3.02168259339541e-49 3.1249293953135e-21 2.38243698401898e-40
PTTG1 -0.0589331387545751 0.640631340159483 0.209242521523605 0.178465958278615 1.78111440235115e-05 1.50556921881655e-210 5.41718097263344e-24 1.11410271748245e-26
CST3 0.469831992743287 0.0336992202566273 0.0820247159805025 0.0439331045418237 9.02973930061279e-60 0.254487392239637 0.000919949443553928 0.0137138014092722
APOE -0.596560553425004 0.84390640342329 0.0660929265113441 0.20997703896104 5.65816332092004e-82 0 1.41833589155807e-05 6.69739504204738e-62
CD40LG 0.02549371923063 0.528708317253299 0.135771311296563 0.0951308823929594 0.00885069359393828 2.21758308253714e-96 8.13308269247251e-09 2.58511379294195e-07
KRT17 0.0545332863272617 -0.0200238940088049 -0.000115057102637273 0.0440535288986223 1.00874538828544e-30 0.533445288978962 0.996577840467471 0.0294468266563531
FABP7 0.241186686562681 0.0899134927384166 0.100533745532539 0.0256675767420031 7.12112571856369e-45 0.00153662581112255 4.64720493156886e-05 0.153735416576748
SLC39A6 -0.206016725898943 0.632776782231695 0.228841596088853 0.226368750172012 3.3790990252404e-17 4.21196131088304e-241 5.44838163978595e-28 2.97864862575598e-50
HLA.E -0.411011930304345 0.759032778440657 0.17942685669132 0.179488070679604 5.25624694008938e-15 0 1.76934673543897e-15 3.85567098171049e-31
GNG11 0.101852740183103 0.107514239903829 0.0548529445770306 0.0783409007536892 9.28310938521145e-31 0.000425621249924262 0.0252847268798264 4.39440767524304e-05
CCNB1 -0.195613108590558 0.742062471253457 0.239795363216248 0.188924895373617 3.01599277913342e-28 0 1.94014846300572e-33 2.35963842832595e-33
LTF 0.074305128180589 0.19918205676162 0.102529861668827 0.0853730632672216 5.47504495547544e-19 2.39796410687573e-12 2.98288442691429e-05 7.87154975280926e-06
TFF2 0.0740628821106613 0.209486822507345 0.146438506514387 0.0233421714499108 4.64569544170629e-20 6.33474266252983e-13 1.39110875776612e-09 0.211659932436993
MYC 0.098460346161261 0.364056885711795 0.198737665037597 0.288940721814754 0.0463074773886003 2.89299803886644e-40 8.13342366545631e-15 3.73720287167154e-73
VIM -1.24327122356835 0.834542737885887 0.161066026848384 0.268347746925524 1.4907184942653e-142 0 9.51132377619539e-24 2.37702128631395e-87
NR3C1 0.250084227804567 0.289505491386141 0.12327059202914 0.0888056412370166 3.29855880093686e-22 1.35473555912182e-25 4.79768320767886e-07 2.70037195813696e-07
CDK6 0.132628397071355 0.114120701597494 0.165770312577997 0.0711153484544491 3.80633936675763e-26 0.000112291893798626 1.09735979428499e-11 6.76589546074765e-05
RAMP2 0.0390036666884459 0.479535660564557 0.13342347017537 0.121328925619521 0.00143209272147041 9.54921749443659e-91 7.15545789864204e-09 1.91465626851866e-11
CSTB 0.223836130362209 0.0307453271919043 0.072002943606826 0.0203287466773958 1.45784016361645e-48 0.329674678930153 0.0037696577079335 0.264894709516235
CD44 0.141041956731071 0.18710630514473 0.0246995142544149 0.0340966263449067 2.47756690463053e-33 3.13554739230829e-10 0.328752469467139 0.071314287344456
AR -0.195066194019098 0.771111861357295 0.166648049304138 0.173613912425408 2.86916275451182e-15 0 9.83790681502399e-15 1.81569039851289e-29
SLPI -0.104664853236395 0.426072182317526 0.246436716593076 0.344230168452158 0.000639423893807757 5.28916660308972e-74 1.57581685377262e-25 5.03445330152711e-113
GNLY 0.0196369352790369 0.344551488841805 0.0634529698386468 0.288157449828204 0.00182271915933534 1.67463952776183e-35 0.00902362510319598 7.56946876362817e-55
KRT18 -1.15927350126591 0.775632483712889 0.203521628690408 0.240473013047085 1.47017692244242e-45 0 2.78282478302966e-23 1.8526221767445e-60
NUF2 0.0394550652300849 0.391026362305918 0.21811833964879 0.0476240856932185 9.39777093268107e-06 1.24372576281696e-50 1.02340971019997e-20 0.009299339848656
FAP 0.137796160304509 0.0269128956490297 0.0757106389076301 0.0402252974033913 1.15341345513657e-39 0.398579340340012 0.00214710676524941 0.032441297276496
TFF3 0.0302600464325104 0.4675097570227 0.258464033947486 0.141412660943029 0.116041474242269 2.94485641459711e-89 2.15153839599357e-29 2.65944472693739e-17
LUM 0.0947203050727001 0.341803268147456 0.215199415250165 0.235230713071804 0.000241953411238643 2.50475277955192e-46 5.33507432384878e-21 8.65666457552984e-49
CCND1 -1.00051515691173 0.718856929203044 0.0929521208086771 0.391590918367084 3.89861213518144e-48 0 5.65832675364743e-06 1.49938569753793e-175
HSPB1 -0.722884176529161 0.674129355867231 0.186143104631729 0.287019731345355 1.18969199278364e-18 3.85477093438028e-260 3.89232934227785e-17 1.29106841638603e-83
CTCF -0.20992326596471 0.685321437168174 0.225538942297776 0.156834201040705 1.75176457599239e-05 3.91358798080249e-210 8.97309672089386e-21 2.70779053512856e-22
VSIR 0.0770444008063078 0.412150586906348 0.0723688640320609 0.0386628425626126 5.10958518083123e-13 2.4451123650368e-53 0.00287674715082145 0.0369091342945782
CD5 0.0963287745041373 0.106086776904828 0.0100773266104762 0.0229292748468391 5.73675196252296e-35 0.000714799674160263 0.695775012494868 0.235833886092964
MYL6 -0.237674011237983 0.757950220776128 0.16851685088358 0.13392972161658 0.0856628575346427 2.95803244799118e-240 4.35614337925184e-10 5.44453811061211e-17
SNAI2 0.0516797170993186 0.404810121482089 0.176397803883088 0.167795978432701 0.00117019010813811 1.42687097849303e-55 2.05228645647152e-14 3.04542648801988e-21
OBP2B 0.0973219504961327 0.0356364108622717 0.026728893132711 0.0266985840406414 6.6541328838649e-37 0.276660134886223 0.297539689552544 0.16349502627479
CDK7 0.218205686839132 0.259867577729481 0.194859380298881 0.112942370028773 3.93953643307775e-19 2.743536369108e-22 2.40969490504939e-16 2.40796788914491e-11
GPNMB 0.093423812269754 0.295958506033712 0.110043398354075 0.0858272208237529 1.39857457724562e-15 7.43593031892278e-27 2.76260605980697e-06 4.22839062753525e-06
LYPD6B 0.11318113118123 0.187706023854006 0.102344265286005 0.0941727881411786 3.29983409614601e-26 4.0717741488427e-11 1.50692842189791e-05 1.21184970045441e-07
AURKA -0.254083610889128 0.730215633914917 0.20164052051764 0.222448423448464 7.63536522826687e-33 0 9.04233695369602e-26 3.32338807681801e-48
FASN -0.532383944590912 0.806110340141057 0.0851887578722786 0.231365816354416 1.97991066219822e-29 0 9.01029914154483e-06 1.52598594510959e-58
TFRC 0.143045259654805 0.331165336615408 0.143286306319669 0.0865863443089703 1.02581231399408e-13 1.14782743546185e-32 3.05313976101529e-09 6.71058931425412e-07
CCNE1 0.0666555157025836 0.359519431094371 0.143871374512847 0.118578613182036 1.70279971183861e-08 1.80904356293651e-41 8.92238005698462e-10 7.4819806059377e-11
SOX10 0.0651730698858752 0.0536144853488447 0.0612892816146789 -0.00866453894980679 1.29696833414129e-30 0.0920311716340921 0.017791232503356 0.657796897317822
HSPG2 -0.105997779227437 0.906935444150144 0.121094430345978 0.156470179542619 5.02777109910184e-17 0 3.47432851528851e-09 2.98816066385941e-20
CD63 -0.172537341510092 0.670156325650946 0.200534771719485 0.179034617974508 0.100515399918383 3.04339244557379e-190 4.79703921711349e-14 4.25432371732558e-29
GPR160 0.0509059956544229 0.369580681284436 0.129064025839267 0.0992225021836777 1.26624176604405e-08 1.21029295112289e-44 2.82788905773912e-08 5.76788046295611e-08
ORC6 -0.0439263058722911 0.60827660436464 0.180916796602207 0.193359388581726 0.00436372911324255 1.38271673427092e-189 9.39433743588193e-17 2.00355611090733e-32
CDKN2A 0.0612215509616899 0.31040829472064 0.2419347712062 0.129358767341448 2.62779764236238e-07 1.59441031509669e-33 4.86267244239435e-26 3.59785839813008e-14
LYZ -0.281189313527544 0.525468841586658 0.187117721038192 0.396224980545043 3.94136735949857e-07 3.45989357104536e-109 4.43324958550359e-14 2.46581225038191e-154
XBP1 -1.27199090593559 0.895333753263227 0.103640067665438 0.187503142255624 2.46776982297512e-33 0 1.5558021355654e-07 8.62671224095993e-37
CCNE2 0.0668816082085392 0.176601488882104 0.0602881836542174 0.034202050580435 3.43641008359938e-23 1.57359056260401e-08 0.0192352429911925 0.0802117265510441
THEMIS 0.138707738469761 -0.0561325969396337 0.0232408492470108 0.030243056984494 9.17491575773872e-52 0.079359847399306 0.350094396952285 0.110302580006034
AZGP1 -1.0254864331735 0.891154667333989 0.0895476679620288 0.200504982394977 1.51053605321349e-40 0 1.73615186329507e-06 6.92393606390767e-44
ICAM1 0.0992046008669066 0.331473937696629 0.1732801027569 0.209240719680695 3.11139390731027e-06 5.59754476038815e-39 2.63545124006536e-13 1.85668266631615e-35
XCL1 0.0701792097023397 0.0816570862607926 0.0496343627001554 0.0490326597984554 1.36014607341596e-28 0.00806396696460001 0.0580692996127914 0.011473341539575
PABPC1 -0.947501906996584 0.655762383476497 0.213990035452697 0.305946906610625 1.50462430413413e-23 4.13256417030141e-252 1.21806501195443e-21 5.23998233120065e-97
THY1 0.120437862369478 0.287858886776752 0.126957549647464 0.0599186552328324 3.84057252871966e-19 4.41084606565208e-26 7.1365497677238e-08 0.00104371432764572
ICOS 0.0645040861815307 0.11156130293904 0.0520496808821861 0.0345138914294136 3.18845253375742e-26 0.000331141764278069 0.0395605452485878 0.0877285437137664
B2M -0.592417431012545 0.612489081885747 0.209259992373015 0.291607670305485 1.99799334168025e-23 1.87181911602149e-251 2.32553389334445e-24 1.09232659114303e-91
ZEB1 -0.107633609452829 0.639558836938286 0.170796013345587 0.211272793284682 0.000482577715603633 1.2074569795454e-182 1.95131750903354e-13 1.65751316907061e-38
TIMP1 -1.14456111031346 0.690692051856034 0.203987395931613 0.428288043561 9.52713736544715e-88 0 3.48797620627562e-23 2.07467221846824e-217
IFITM3 -0.338604817478732 0.688723708692658 0.2009687455661 0.21499207941195 7.96972839308825e-22 0 9.14718374976757e-24 2.55893459773429e-47
BAG1 0.44188659444691 0.505322010267722 0.148622525121321 0.155150833306819 1.87347215798125e-06 3.13087622066569e-72 3.61662531854941e-07 9.38614427080482e-21
ZNF571 -0.0748763310972901 0.758997025947721 0.127237710921687 0.110765950949484 0.00637250294180852 0 2.22247575736109e-08 4.534416506762e-11
IGF1R -0.123418212319488 0.718791210922771 0.183023663203867 0.172286570702823 1.20857810413831e-12 0 9.60703761053755e-20 4.14714593293935e-29
IGFBP5 -0.38503315307232 0.539659190578553 0.124525543462729 0.731130260862663 1.85824998524752e-91 3.38104225227056e-216 2.44477619403526e-11 0
