target intercept intra juxta.15 para.100 p.intercept p.intra p.juxta.15 p.para.100
CD14 0.00701369027747963 0.790845992178482 -0.00170336961612645 -0.0722482398052129 0.00128707398607647 2.4043580045443e-117 0.972003934796224 0.0257150963058403
SOX18 0.00515305023768344 0.736670388049838 -0.00891344196644855 0.0425285207219646 0.00590325466534894 4.54410490825022e-94 0.824242207228533 0.196651645707399
IL2RA 0.0133816701558042 0.150060624696748 0.153239893573537 -0.0114212698585989 9.48968973957749e-12 0.00153025056561075 0.000469444517104895 0.71668017242552
PBK 0.000552217677812464 1.04196855557435 -0.0306785642868163 0.0189545875993787 0.861507820419434 0 0.428224065309455 0.517838564478771
CEACAM1 0.023031668111084 0.69679042445049 0.0166996141065577 0.0527321179001406 0.000399867735518567 4.96655564208469e-107 0.684740488572601 0.076439427917906
FAT1 0.0364128151267932 0.548087052396899 -0.0152932402320971 0.00976174600558009 1.86352015837482e-10 4.18724029442548e-50 0.718645802980425 0.737103341872885
ACTA2 -0.0893761212169755 1.0850496742899 0.116721587937385 0.171123481647596 4.43490604126231e-17 0 0.000738071884195524 1.72560283925137e-14
PDCD1 0.00692397816453947 0.110450434442662 0.00627931909797026 -0.0503238247534608 5.09057265444679e-11 0.0200271356033332 0.895934340944461 0.138937277837818
MAPK13 -0.000984709260421462 0.915276739274182 0.0286252671536954 0.0753284588368273 0.938710597925843 0 0.436721002635106 0.00440323124485517
IL32 0.00983946351359031 0.630957572385863 -0.00153907772140843 0.0641485849664041 0.000810630203522655 7.80091452340069e-72 0.972576442870351 0.0366235338860646
PDPN 0.00543985430978031 0.0612031501153123 0.0799426213557042 -0.0293613669601254 2.0622189287558e-08 0.245709199947662 0.0861873910829328 0.405526465384284
CD163 -0.0710790887143788 1.25751179516056 0.0273012685357557 -0.0123477511632595 2.62507877258371e-05 0 0.379975596203217 0.584546062914367
ACTG2 0.00504386134946199 0.849297587478057 -0.00960159007512149 0.0397046113506319 0.174602507984958 1.68223000377497e-142 0.823202805952932 0.174643469810626
SOX4 0.0306980479985789 0.76724345689122 0.0744376327425513 0.0601408855037081 0.0718043368894251 3.72771378705736e-132 0.075138691399209 0.0322706304878806
IL3RA 0.00658544600266074 0.476418610138892 0.0447842536511907 0.0343446952787962 4.96490656569369e-05 1.11690486185828e-30 0.292096067792863 0.282408221578726
CD19 0.00721265495921689 0.109621759410059 0.0214739082311016 -0.0111980487082354 2.30892166360342e-10 0.0518078966676786 0.608688180810295 0.736683011450282
CENPF -0.132059279302458 1.27763989508923 0.0508914175528972 0.099361868208891 9.56129737303838e-12 0 0.108628134812972 7.46892595288968e-05
MAPK3 0.0246293536614725 0.129665046177839 0.139174039953086 -0.0337957400953448 3.77350874426987e-18 0.00365991579158493 0.000733191659549249 0.27071102018531
FCGR3A -0.00848519187787078 1.05993181198917 -0.0094802582268381 0.0709389365699926 0.204885503192886 0 0.810528344333797 0.0139353062300303
PDZK1IP1 0.0258817019660512 0.251557430653807 -0.115109002192803 0.0610883030577514 7.58718307631704e-19 1.76042962833747e-09 0.0105949698705738 0.0450905398780822
IL7R -0.000851693847008331 0.992294024461362 0.0149002846571895 0.0741497691620461 0.807375129755418 1.09758955423977e-214 0.774764905810754 0.00796341629439361
FCN1 -0.0253468367039381 1.50221694735596 -0.0245769257336836 0.138736587121834 0.000191910814035443 0 0.522925781598418 5.56079682694006e-05
SPDEF 0.00636476222718353 0.740398333504419 0.111016355207401 0.0205942442155571 0.116397753232027 1.32775497213678e-115 0.0118941737271987 0.483312027575527
CD2 -0.0296015137708433 1.3992990551383 -0.0600770198088787 0.0877889741460486 2.34196255249458e-07 0 0.0766174380751495 5.5473741320342e-05
ACTR3B 0.0116523240273389 0.674502315833462 0.0743494289155762 0.107742857751884 0.0494602131187246 3.41218479222841e-94 0.0783042321545066 0.000212856242240868
SPP1 0.00587256829431502 0.103082627068904 -0.0638103227160437 0.0920671250565087 6.97898544874226e-07 0.103389728453326 0.17239036850511 0.00527618153623553
FCRL5 0.00745356076782171 0.104493914782264 0.00905291330167353 -0.0281328397543042 5.80125482777901e-11 0.0385999056438424 0.832410288542089 0.41571132687569
CEP55 -0.0305054460695072 1.2007853944142 0.00184651648744833 0.0903911715950227 3.84890701951881e-06 0 0.952520518004105 0.000231023101274001
MDM2 0.0378312998486471 0.691150799934608 -0.0885515779343226 0.0709160655084611 4.13846118062237e-06 5.13977005776936e-85 0.0525518207293307 0.0206371595642696
PECAM1 0.00108660255174398 1.04142453435821 -0.0710760041767814 0.0661607562347336 0.782632477255551 0 0.0826525853917226 0.0183851410415792
CLDN4 0.00528482035490165 0.153528112105654 0.0212497773274901 -0.0363549167824021 1.307229143021e-08 0.00379235839396164 0.641210393300848 0.278395266365039
ADGRL4 0.00132166133720509 0.904261893967951 0.0476466600900237 0.0361539852363677 0.682505029088897 3.29079895191631e-276 0.287510387709301 0.206823703150377
PGR 0.00619023878794145 0.133663867936511 -0.00606384333222666 0.0280007594357768 1.5297444093561e-08 0.0145811946247987 0.906044306652183 0.387461561424088
ISG15 0.0157076899447637 0.649369725225965 0.0766429869692993 0.206906674823902 0.317149500996084 8.2014438521323e-78 0.0769963831782873 3.80199369650226e-15
STAT5A 0.0163485706325864 0.359780951995414 0.0170444117363598 0.0153885505162031 2.61668996213163e-10 7.54820967629832e-17 0.710420804619101 0.617718808891426
AGR2 0.00380344818207917 0.0548518593907318 -0.103598589962141 0.196424208490417 1.36995358271643e-06 0.353704877831904 0.0454984409404547 2.7445564476725e-08
CD24 -0.11341041780027 1.06836708174301 -0.0280276748736487 0.144270786171967 0.000135491912795353 0 0.416745226628739 4.43860329088026e-10
MELK -0.0106481131967352 1.17062660320791 -0.0242681045224132 0.00107986544120445 0.0460527679978839 0 0.452391322160231 0.967495738207766
PHGDH 0.0095520640558096 0.481583013995377 0.109283533419452 -0.0345523417264981 1.7458193113576e-05 2.20469685386232e-30 0.0148511274788486 0.266172718352239
FGFR1 -0.462984890771956 1.11702001615455 -0.0469360088200188 0.0783339302389204 3.06988977921013e-05 0 0.0823825071248003 3.40784313522876e-05
CLU 0.0204969936528922 0.644488729205718 0.00917679681151566 0.0466341068621231 4.19658283013415e-05 4.151771795736e-85 0.823894494051588 0.105457408505694
CD274 0.00758226623755134 0.138848484233191 -0.0373921570584387 0.0514205771534874 2.4845255751202e-10 0.00659296197862816 0.446822193860137 0.11722027177005
PI3 0.00229923648159893 0.118998873353934 0.151531881111617 0.0219614066513887 0.000564681555960627 0.0448684877337 0.00177058559197651 0.550104716180355
MIA 0.00809605049761167 0.244765581924081 -0.0304668893413387 -0.00712966661975755 2.92876652724821e-10 4.01934241497193e-07 0.496905679134473 0.832948968199018
FGFR2 0.00437754992030811 0.244060928327171 0.0765297664337605 0.0186056010812971 8.30180488150555e-06 2.87417896350685e-06 0.116098981591793 0.576827759500648
ISG20 0.0202331030088754 0.495546261855585 0.0707017212879936 0.073429584002709 3.41046095017867e-06 5.48177108597131e-37 0.105080139026309 0.0163198950853762
AHR 0.0228469757804972 0.514627792058236 0.0689369674081482 -0.042458436762033 3.88274318253672e-09 5.64251081215161e-43 0.108857370069934 0.141071364842844
COBL 0.00992284140142147 0.308506045952884 0.0694953073146484 0.0737165378758662 1.82540627332092e-07 3.70897045401744e-11 0.116860999999427 0.0129966316560837
STMN1 -0.0752136282066441 1.16909106837866 -0.00513353008168744 0.0788034827667878 3.56742049602784e-07 0 0.869814150702274 0.000439946705073402
FGFR4 0.0115045149064279 0.211376841671797 0.0297764754483919 0.0275259265513737 4.74694658507812e-10 4.98571839583306e-05 0.525545559488591 0.391440394004927
AIF1 0.0119237704847229 0.17349354440474 0.00780933143935251 -0.0159662982336117 3.32282462890989e-13 0.000436251078243948 0.863570566420483 0.639848677792449
MKI67 -0.0104546822288782 1.16653347131981 -0.00764958038176553 0.0351282953007307 0.0493999190065944 0 0.81706527324109 0.18645497996124
CD34 -0.0276487016008566 1.15955253617744 -0.0175519943174679 -0.0324405871155008 0.086870660233101 0 0.531010602340582 0.114743775168751
PIK3CA 0.0475004195275396 0.593107789584164 0.0344018439752295 0.0477315133374802 4.99103494581226e-07 1.9075693360309e-65 0.405779689445658 0.099601928835757
ITGA6 -0.0253731611020232 1.19688167585955 -0.0198152505038216 -0.00282463361614604 0.0215458906661851 0 0.541381580814596 0.904449014929125
SULF1 -0.00677045828145019 0.652558789225769 0.111151474353403 0.399663655850165 0.0104456020086064 5.40567123736731e-66 0.00307886285098385 3.70537419550148e-55
COL1A1 -0.0624236542101005 1.34801412764356 -0.00326914713292447 0.22190801085999 1.04314979245871e-22 0 0.925904707648965 1.11309863521101e-28
MLPH 0.0164200269431604 0.720556985256205 0.0105487615208556 -0.00732818907562158 0.000124259475219511 8.07498015969873e-113 0.803794830925669 0.798798242785081
ITGAX -0.00293239420716091 0.97314608381742 0.0206751449519024 0.120932115912001 0.336007480739329 2.46555658403122e-267 0.61486796161976 4.21208250055399e-05
FN1 -0.449572124525555 1.10724957227018 0.00317317701130393 0.238960961114114 1.11893284196747e-22 0 0.917260641103953 8.40997180486364e-34
AKT1 0.0417972890788408 0.40586131578507 -0.07539335326961 0.0751286496555301 2.64193992316801e-15 9.98847659981896e-28 0.0866887651612897 0.0114095257192643
TAGLN -0.00821003442843368 0.913192636981839 0.106764228621056 0.0884674020290624 0.130924427847113 6.34356089258537e-197 0.00860521980328442 0.000985833152031682
PLEK -0.0137917131924689 1.15733481527715 -0.0338107717931552 0.0462848736098269 0.0543268776466942 0 0.329304543476961 0.0818157249128727
CD36 -0.166117539698547 1.27827920980999 0.0318115034663616 0.328848809450025 6.14936334000046e-33 0 0.344217160676474 1.82759093513883e-54
MMP11 0.0104159832023739 0.477424022036848 -0.0556093486223064 0.231798969506866 0.00054322952085388 5.02715976375607e-28 0.205707189540176 2.21881214847993e-14
COL1A2 -0.169879796766707 1.27410939288615 0.0220283061885036 0.179518697073329 2.00384714555959e-28 0 0.461001738085056 2.32039458741514e-26
TBX21 0.00648699664688194 0.548854534012249 0.0160969535323436 0.0353813441883233 0.000185988379748547 5.82955806042092e-38 0.713264173500767 0.259633916969111
CD38 0.00549364778539006 0.533483371659796 0.0640714023833087 0.00984480366446689 0.00031585499144677 9.16125425193799e-40 0.171935669054065 0.743210796884237
FOS -0.000231542488013736 1.09218777300391 -0.0466628247437215 0.0406592652309277 0.975462102632247 3.33892144114757e-225 0.320131180887339 0.226686910188671
MMP12 0.00452836482058639 -0.0335349520267944 0.0544600555407799 -0.0238411519827068 9.06725804032879e-08 0.553199410142866 0.314031405828371 0.519766179477279
ALDH1A3 -0.00845756568944513 0.75274268971402 0.0378080917902565 0.277842834636901 0.276681181284439 1.08427499259577e-117 0.406218432924916 2.89206393091263e-21
MMP9 0.00249029684782184 0.327331451067537 0.0853326692904516 0.0516474490752964 0.00325344675117289 3.20209259931669e-08 0.0207141883604768 0.121850800151305
JUN -0.263143565431115 1.13877681439526 0.0329092813328108 0.0620566336037013 3.695858283819e-05 0 0.364788397619116 0.0143743457733722
CD3D -0.00125809888291075 1.18357181252872 -0.0159507330107641 -0.0141354856899902 0.496615513658096 0 0.728456440459678 0.666908841646866
PLVAP -0.0311893864242899 1.10826036754708 -0.000649398638196995 0.0810966829797701 0.000676198072055009 0 0.984534476632574 0.000543842674381073
MS4A1 0.00745932248830263 0.0261619361445833 0.00191918416565238 0.02461369727574 6.0161236098009e-12 0.617100052159841 0.96064602369075 0.454487947919303
COL3A1 -0.0858329049735429 1.19532625724959 -0.00314922394738966 0.251130723488769 1.37313977918406e-17 0 0.931912544547339 1.44028504361047e-37
POU2AF1 0.00347586131520392 0.615914748897131 -0.0110906772342223 0.0848163017927202 0.0752553190485851 1.41213467417609e-13 0.731429857339755 0.0585914877405081
ANLN -0.0260266085583976 1.2215924188357 0.0580812107203644 -0.0338855070359064 0.000103642816677268 0 0.0382134249202765 0.146222518809417
TCF4 0.0205748348186431 0.748368686381665 -0.0897335855273244 0.101654200142217 0.000503069313347478 1.66003410596118e-127 0.0347350590255629 0.000490472047088624
CD3E -0.00941750765305618 1.32921788036994 -0.00673061231162038 0.0122850700445339 0.00129927413355548 0 0.855171482045997 0.610433143183471
FOXA1 -0.152520552129754 1.1152322526704 -0.0690169483250448 0.0850420594695943 0.00173056133136029 0 0.0173202732242411 2.03738603624048e-05
TCL1A 0.0032386780152793 0.49774723464284 -0.0227007124461055 -0.0160123915483334 0.00109446598575073 5.19701735477725e-22 0.488936849915119 0.663065619428523
MSR1 0.00324140898843437 0.886070533998789 -0.0207658350617049 0.029124216803612 0.162719364063065 1.34965900065162e-207 0.629927373807774 0.368861298497707
JUNB -0.00263895899654063 1.00968371953852 0.0167116212487285 0.0242897716847591 0.862929295942406 9.51134136493284e-258 0.726826285008437 0.4006255577047
AP1M2 0.0214588740753947 0.307951164365681 -0.0531944164408616 -0.0492126824066561 2.57406343552792e-17 2.37065889516202e-14 0.236929756607164 0.106108744187094
MT2A 0.00618021798314814 0.0823256245028317 0.0354741222031038 0.00404072853287616 3.60480692491139e-09 0.120977646954063 0.491157274981464 0.901056144039387
TFEC -0.000545082349399662 1.0850099877292 0.00394451780403715 -0.0177087277750415 0.789100962908676 0 0.914612974789154 0.572113112882036
CD3G 0.0168804612220068 0.242035503626454 0.216510806506566 0.0237098177049221 1.32472273058666e-08 1.53895679317825e-08 2.79313236954148e-07 0.434271757475856
PRLR -0.00395836513143224 0.905377846559813 0.0235935954596897 0.103928901164414 0.712565482643216 6.43721479606235e-297 0.518365770712971 8.75589856633204e-05
COL4A1 -0.148751073103479 1.19230347198285 0.00163334676867894 0.0553928894120125 8.52021043891415e-08 0 0.95575941696862 0.00974678795865758
FOXC1 0.0217557279047618 0.637186916834977 -0.0508190621871563 0.191211937605657 0.00170984420532219 1.56532102314354e-80 0.227391978345186 5.3680819453534e-12
APOC1 0.0156156751393272 0.389583521952031 0.0189027440377069 -0.029665497842054 5.70403203135542e-11 3.1245421791721e-20 0.678450887578804 0.338395386153433
MUC1 0.0132596181797236 0.464029683890055 -0.0751119288488302 0.261061712379442 0.000854387705548565 3.17093838700308e-27 0.159161510897767 1.10574961677176e-17
TFF1 0.0152353968034321 0.285895578014667 0.00932266712637977 0.0210684434555182 1.77118546020062e-12 3.24519314716728e-10 0.818551172576911 0.497520845693549
KIF23 -0.0324698468789736 1.25069364705697 -0.0213156932387041 0.131106545899187 1.16005829557937e-09 0 0.43609329175227 4.38360709797826e-09
TFF2 0.00230065585646864 0.127884558094111 -0.0445753672624699 0.000272800586589605 4.08410075263876e-05 0.0469385052391747 0.385413664506376 0.993805484874726
CD4 0.0133937634197095 0.673251841408099 -0.0318896546839859 0.00466417001628144 1.35837312523405e-05 7.11712895392278e-78 0.484970735830326 0.874615401477007
FOXP3 0.0116197064638217 0.19213826311223 -0.0335866322136551 0.0999300226621476 1.48944341407348e-10 0.00014632949819042 0.487462781710995 0.0018068198163233
APOE 0.0116676716005909 0.738309779370771 -0.103287233189576 -0.00996457973471702 1.15679544381951e-05 1.75951067181515e-101 0.0227453281725437 0.745357990242201
TFF3 0.00678638986773946 0.149784154795137 0.0606846613496321 0.0116133717929027 1.39757698733692e-08 0.00400439685407935 0.162101295779028 0.724975945632683
PTEN 0.0543058252871819 0.41960730344307 -0.0292491897218065 0.0505436338906493 1.65708364388422e-14 4.46909668850205e-28 0.51521845318767 0.0684125425424835
MYB 0.0108864156802652 0.70144288975515 0.00912204419469966 0.0514106883940431 0.00550727226154763 7.39372191918221e-89 0.838216590205845 0.0841133343381594
COL4A2 -0.0631731185354458 1.12974934206881 0.0199098757178958 0.00345113721102036 0.00315218229298705 0 0.533706121824642 0.881634937076769
KIT 0.0104688972600207 0.645145503425613 0.0783983036836544 0.1730213133542 0.171391438370675 3.12122373427092e-83 0.0472834516396848 1.53764598303709e-10
FXYD3 0.0152862859493846 0.661640199802314 0.0759630126416458 0.0263746064047661 0.000749183137088295 4.12783816952581e-90 0.0660508319222552 0.357495753872798
CD40 -0.00522451622673348 0.928723212366315 0.0874137446428314 0.0555995719495325 0.381878143183178 0 0.0188444402464195 0.034761339220455
PTPRB -0.0124229552187785 0.965173087918078 0.190276104688265 0.074234312472296 0.000630402685893247 0 6.45767168144293e-07 0.00832787655282667
AR 0.0141228020609673 0.705887941345407 -0.0398187210828976 0.193143750657386 0.0617083176042492 6.88157576274957e-126 0.336911689599563 3.08613789297195e-13
MYBL2 -0.0275456857444734 1.21147759122958 0.0743380975509928 0.0362866500502803 1.8331060716059e-07 0 0.0226721278664367 0.148023380610092
TFRC 0.0171911396407999 0.565859217790804 0.159330247248833 0.0128744890778332 0.000378541550408573 6.37722595500777e-57 9.8147169534338e-05 0.656207290253779
CD40LG 0.000346834056589911 1.01160235716995 -0.0314923830224545 0.0070213959095637 0.845896963364856 8.15820552085808e-218 0.504784812964989 0.818149656378023
COL4A5 0.0225269515242712 0.362308463011175 -0.0120620933139677 0.0352779005834069 3.31163585180949e-13 1.49975995982918e-18 0.770538994685465 0.243637564382137
THEMIS 0.000850502121643001 0.765796896600961 0.142138499544052 0.0196025433612802 0.510679366668761 1.83929035224525e-98 0.00746753436818687 0.524115175372159
CR2 0.00490744078586489 0.110301558832666 0.00528004725364406 -0.039096761670155 1.74379145625946e-08 0.0443805954832347 0.913975113165845 0.284503953850064
PTPRC -0.00559017591666209 1.11858414591949 0.0689276358968346 0.0443919223171088 0.0604602668099976 0 0.0831413306294188 0.101513350734114
KRAS 0.0414506837405576 0.435159638686283 0.0152789431739897 0.0788121107496221 1.46466049227564e-10 7.28683416362835e-31 0.73033761186729 0.00627406154628279
GATA3 -0.438564963359069 1.09257137938261 0.00446329961916272 0.100699091633253 8.78275824501893e-10 0 0.872427443624706 2.7239043474353e-07
CD44 0.0149339809820847 0.559145634517604 0.0153778837284752 0.0545028041555255 0.000513375360716345 7.21764366946088e-35 0.736125301597378 0.0734660791132991
AURKA -0.0269550153002659 1.19888591355892 0.0492362514153145 0.00179460669307144 2.48571941393509e-05 0 0.136631034001055 0.942160378850566
MYC 0.0270916911210864 0.63682899084139 0.0413844360309313 0.0635751985187311 6.78655811788641e-05 5.79806445992891e-95 0.310635270515291 0.02933726314171
CRABP2 0.0107006092105484 0.113500142451474 0.0293151862701561 0.0171660171653782 4.72319153232009e-12 0.0233243865786834 0.5444985745156 0.588816305420276
KRT10 0.00659782677458947 0.192591239495453 0.0161359259477775 0.0240269572815609 1.11668102115238e-08 2.15900089442375e-05 0.732874757126901 0.483066464709935
THY1 0.00407476442706981 0.790436887038862 0.0118121426184941 0.0807438655855829 0.133307133162199 1.67438782917455e-108 0.778693433234251 0.00557342558775125
KRT14 0.00322453939048653 -0.0404803151228544 -0.0287780912800784 0.00603128638378705 1.86027841752133e-07 0.452700530632985 0.516155324438532 0.865639443890628
CD5 0.00328675137692031 0.61521202998942 0.0209433923031029 0.0698317702364596 0.0115637720375576 2.17638200596128e-53 0.650788368496397 0.0273643276153212
PTTG1 -0.00514170209386904 1.1557412832899 -0.0222455542890611 -0.00691139758132282 0.186451665615564 0 0.53895583176952 0.803431593795286
AZGP1 -0.00454554527945421 0.582952302789289 0.13237450357875 0.425993484821047 0.0562902653098045 1.74903468698866e-43 0.000857654320724031 9.76579220168921e-70
GNG11 0.00931231554062894 0.661850124305995 0.0585353206174309 0.0140079652002024 0.00112866269990634 3.04939369716969e-85 0.180407632611219 0.657000958569165
KRT15 0.00911005487677567 0.346783618016428 -0.0516234333058925 0.0396565605178136 9.91436422441403e-09 1.31729614830478e-13 0.217218916191871 0.213510526331331
CSRP2 0.00622166609536241 0.82168544453693 0.0108035230383297 0.0952484591876555 0.288746625559852 2.49941671897056e-160 0.800064820693583 0.000537844734124725
KRT17 0.0031106836548289 0.0317027729159691 -0.0142686915663658 -0.0090908711088103 1.69927075132251e-06 0.600396784092342 0.790338183382552 0.812617586482681
TIMP1 0.0252833862809887 0.575324627289231 -0.00862335098885915 0.0427463904624538 2.7480233811533e-07 6.14257205113184e-52 0.839351691265617 0.140838853517029
GNLY -0.0457513768324651 1.54281005088566 0.0186284027409269 -0.00163045192063124 1.8462512731819e-06 0 0.552754589634962 0.947503540337329
RAMP2 0.00861624420019397 0.70047145792074 -0.0170838070129332 0.0643631676666776 0.00145050711690636 6.42259024527504e-101 0.673961456316465 0.02968271987212
MYL6 -0.115322659530499 0.996062835832665 -0.0204485750935037 0.143703599443117 0.0576678346183107 0 0.617590081750508 2.92605595606672e-08
TMEM45B 0.00586740267017105 0.0404182589209437 0.0108190463907588 0.0373575963080872 2.87482733423967e-09 0.473613724265161 0.808328040976476 0.241906828655496
CD63 0.0735705965137392 0.628447760342266 -0.0168664217136253 0.0504669266019002 2.88321432744363e-08 2.39141064732448e-74 0.703045577348334 0.0758511357095882
B2M -0.777900633552473 1.13112148088136 0.0231817788655573 0.296101767298034 6.30410909949906e-25 0 0.525418579489286 2.09113580739805e-41
GPNMB 0.00837962762592021 0.4959814549616 -0.0160400887136267 0.043354371461615 1.04644982506839e-05 3.16942630920242e-26 0.729931753876716 0.178960203157487
CST3 0.0524407756780556 0.733175878126652 -0.0468358776315248 0.0799091754103148 4.92875862669284e-05 2.8541116932286e-139 0.257991982174418 0.00442512523657737
CD68 0.00862899366089078 0.297330653928651 0.0330633611343006 -0.0148175958763835 1.173958994045e-08 7.98016614596292e-12 0.507813981025801 0.648408959127108
KRT18 0.0359349301645537 0.726757783863496 0.0267454371746833 0.0921787415498234 0.00746783747958574 2.79795455652443e-127 0.521308081570562 0.00106385590355826
MYL9 -0.017110753076241 1.00842804035111 -0.00700850180897323 0.105518576666367 0.0546377845385958 0 0.849410944371009 3.32527779816731e-05
GPR160 0.0168638854646599 0.147652057412237 -0.0459122965992367 -0.0588715069401666 9.92324610900773e-19 0.00152733254737781 0.326467946670837 0.0687858808275877
RB1 0.0543345073688742 0.671918969075618 0.0994949103092628 -0.00219144300859229 3.25106003561868e-05 1.56595270947433e-97 0.0146211327360354 0.938935895661786
CSTB 0.011387438336279 0.162476307593766 0.150582477535718 -0.0303747910109741 8.83973069647131e-11 0.000488262726695732 0.00118874123417823 0.371509213391393
TMSB10 -0.0327832051502526 0.914478823861293 0.0456722202576609 0.160829654335932 0.0623271935362079 3.45703824579807e-248 0.240734553228749 3.76075706230559e-09
GRB7 0.00905628663751734 0.118160495752424 -0.0586785045441956 0.167933396030306 3.28576918952522e-10 0.00962520361373256 0.179168630505054 3.22703103743363e-07
CD69 0.0075405979892713 0.789685786003103 -0.0322334563324445 0.054721016779742 0.014228639475208 1.7009053929881e-104 0.437249203569003 0.0779135579414909
BAG1 0.053086692100425 0.768649533361442 -0.0484324786977628 0.0853556475157983 0.000517589757750864 5.37376972459138e-145 0.258378955067204 0.0022695055513941
CD7 0.00702427182856586 0.146003028936636 0.0388499677933696 0.0282437508670619 2.67912138086842e-09 0.00204330445636269 0.360580519318846 0.390131197831616
KRT19 -0.198587608971854 1.06310536609573 -0.0179519031258815 0.196233405917367 9.46487997685627e-10 0 0.566704670189063 7.33808745077266e-19
MYLK -0.0681238648010135 1.09141177713414 0.027862513140563 0.0683776672158495 2.48441860170599e-05 0 0.414415666663063 0.0016612450372098
BANK1 0.010473952781144 0.247291062505964 -0.0269335818513639 0.0542494180665593 8.22655114199175e-10 7.58067655214845e-07 0.519552816301868 0.12437967198569
RPL13 0.0435256182133736 0.538045453347074 0.031194133210834 0.0421521051592701 1.94771303889832e-08 9.78199264410493e-53 0.466596604837398 0.145254982284804
GSN 0.0184821504215539 0.480691487298772 -0.0394906218681928 0.0385909102104618 1.1823314103953e-09 2.60670969787135e-32 0.376377223321969 0.188690081920597
KRT5 0.00420459628961676 0.0103534875157431 -0.0481597076733039 -0.0356524319673096 1.2009304506007e-08 0.854135322567067 0.343660924186586 0.355226380706559
CTCF 0.0723248565252159 0.834757221504158 0.00157992461126149 0.0197372367454472 0.00231739166049932 8.7651759098542e-191 0.969856379553433 0.487304169510998
TP53 0.0559424960435099 0.684492417324776 0.00106711577355055 0.123347904910208 0.00076790915263766 2.62177340497777e-96 0.980433675677115 1.30401612802107e-05
GZMB -0.00174869434807042 1.14662625226359 -0.0274010097841858 -0.0030842783945532 0.321199198084595 0 0.439379612885918 0.91944029271036
KRT7 0.0051813668341643 0.160840639706414 -0.00763266491985763 0.257791594184466 3.2801807818969e-05 0.00155046743582547 0.879436438391512 2.64203297536775e-19
CTLA4 0.00556906329133386 0.357205943032455 -0.0149655144605701 -0.0352473437140041 5.52523564419363e-07 1.25073581140254e-13 0.723974606831672 0.296067252213228
RPL18 0.0189906238171628 0.207589060590192 0.00632828479236567 0.0752004551962084 2.00870234098349e-14 1.61489958196712e-06 0.882086529895908 0.010856661117979
MYO10 0.0173930597093589 0.913327765690049 -0.0300772373057547 -0.029993198303717 0.00412137570184364 0 0.445604934152762 0.305133785163067
BCL2 0.0335519936468638 0.576621074841841 0.0374919217033231 0.0684323011524163 8.38416709035624e-07 4.93321267884351e-67 0.335292068448858 0.0176579071611454
CD74 -0.569988098219468 1.13990758629291 -0.0597951397198728 0.42167246560422 1.85856249898328e-33 0 0.0744274041788199 2.53296179284479e-100
CD79A 0.00529790490767738 0.12572711711302 -0.0199539847383216 -0.0223790076808966 7.53322834853097e-09 0.0223664389765864 0.675942392203427 0.506111618363821
TPM2 -0.0206662794554204 1.06094255382029 -0.0185384787321467 0.0573628696927464 0.0638462065033674 0 0.614506878713808 0.0185956711900402
MYO5B 0.0109664374468558 0.355037555894859 0.0690907394575804 0.0573987505854446 5.67791411484133e-07 3.79883712198296e-17 0.12548565739678 0.0526165400101712
CTSL 0.0236812550988113 0.426644057410333 0.0243206270655543 0.073833943305386 5.20179798448865e-09 8.63238384788904e-28 0.570687182418896 0.0133854408516255
KRT8 0.0119182361142547 0.836519439246895 0.0277914940887486 0.0963671327864684 0.333070178150142 5.65840070920255e-212 0.488706113206404 0.000470702548518028
HIF1A -0.0117527473515552 0.940371714828772 -0.0206684038834602 0.127167825886174 0.59004940462892 1.27881983268918e-284 0.63344328120332 3.50315734476861e-06
CD79B 0.00503120967941654 0.238750834256131 0.0362457743917469 0.0182118193845097 7.04163331859842e-07 4.28739943595862e-06 0.417423482082023 0.578349799736003
CXCR5 0.00337295748629403 0.072556172844205 0.0292860650557703 -0.0237603568972416 1.12671638028283e-06 0.207094407047343 0.466874278964822 0.531942159178129
MZB1 0.00333251338119723 0.790292985358727 -0.0489736019955923 0.0714876915691281 0.0513891820987158 5.06228554960422e-64 0.232861079197136 0.0313001309515276
RPSA 0.0752510495737748 0.788989601473914 -0.0421234467105624 0.0620991823801306 0.000174346986321979 3.47215303448161e-166 0.301335886549215 0.0245141583649289
TRAC 0.00223078983846923 0.880132342246016 -0.0903688748668273 0.131509163968133 0.276220091481635 1.68887777026058e-179 0.0394081992628362 1.48929613700885e-05
BGN -0.0586636487344976 1.10644571867528 -0.0275095876623381 0.0634428163974607 0.00859000044078404 0 0.404715498781374 0.00440069177283836
CD8A 0.00817505192918776 0.440953720017814 0.0267295075595106 -0.0222458539180596 7.77986212350702e-07 7.64495279963389e-23 0.526504334863571 0.477632027665314
NAT1 0.00898615643401527 0.11840245154147 -0.0368851176833477 0.0559167562274419 1.78164638951966e-11 0.0261672482548108 0.437965592246066 0.0878451003000017
LAG3 0.0232115000049439 0.317775963880428 -0.0050663664133168 -0.00391851054843301 5.80213072560819e-15 6.12348926089476e-15 0.910750736962507 0.898892701071591
TRDC -0.00408542723877148 1.26067436161789 0.0127322854563529 0.00913026522610258 0.112163670028765 0 0.731207306241988 0.784080519318695
BICC1 0.00633442266463016 0.181858263129043 -0.00275554676509815 -0.0214993781800551 7.03268716933458e-09 0.000549460721384225 0.959448279642965 0.534694800516185
RRM2 -0.00332020939603061 1.10943843695519 0.00111279379448826 0.03687559031776 0.134390927839601 0 0.97506439619148 0.225140141101325
LAMA1 0.00580263250967012 0.172772139495719 -0.0617044719437996 0.0151594570765772 1.95409770531829e-08 0.000762870321211745 0.246771659364208 0.655440624524692
CXXC5 0.0173234658650299 0.618565064957478 0.0361869386358811 0.101651466407989 0.00045994686106855 5.18839727627843e-75 0.365990726916715 0.000502352737527358
HLA.A 0.0163693799584009 0.743420102331392 0.049193099104542 0.124131266699003 0.124681779693672 1.12683729438991e-142 0.217398496569665 6.32612576750125e-06
S100A14 0.0042595937450709 0.00281597310413004 -0.0373577312372008 -0.0215508916234169 5.61798949505947e-09 0.956639658026712 0.399681523184455 0.555520211798226
BIRC5 0.00254568493666742 0.625833561701315 0.0158500721999807 0.0469100508675681 0.0167541809278829 5.6111340595978e-51 0.737662202666743 0.140675495825358
CD9 0.0106420263897742 0.390835804038678 0.0177950835245959 0.0378302204243728 5.34998023061767e-08 3.25426706175042e-19 0.695225295251418 0.203507430014604
TSPAN1 0.0120078230282589 0.246313628561694 -0.0306615787339222 0.0241904356061557 5.24244796005734e-12 1.68582635497018e-07 0.496050151659408 0.433116485281458
DCN 0.00518592559128029 0.489324750192178 0.111232525745336 0.128068335247368 0.0116472537679375 2.35522706856182e-27 0.013474649296578 5.42902642964191e-06
CD96 -0.00193479316276158 1.20569719832763 -0.0079122891757599 -0.0214725424886937 0.33119086077216 0 0.840609309181108 0.443618055653915
NCAM1 0.00245122778519816 0.964487835911188 0.000614516652202649 0.0591601611642101 0.849686604834223 0 0.988033490583775 0.0304957790026342
S100A4 0.015786992740985 0.238034174149543 0.0901557437820277 0.0317051077774863 4.1209166604603e-11 1.01408296770348e-07 0.0321399414692579 0.292678623870243
S100A8 0.00209352324827784 0.0843144358327306 0.0155528293032042 -0.0311885423860594 7.87366946967941e-05 0.142493177070807 0.699902076423926 0.389431642974535
DERL3 0.0127225234373476 0.21400454186956 0.0178837318563909 0.0257153520082252 3.33809961592049e-11 3.25322456011944e-06 0.710467602288975 0.430870421023115
LAMC1 0.0484867269423934 0.821700884439978 -0.0273530663060314 0.074081626204907 0.0110396252810762 2.95744230084276e-161 0.499680423308689 0.00781789227394372
HLA.B -0.515975903751307 1.09787184806098 0.0144691574333398 0.271419490306816 2.04731335258771e-22 0 0.662373029580744 3.9028212394951e-38
BLVRA 0.0440014200013795 0.663523158339721 -0.0757298128775319 0.0468612037717825 3.59937343942905e-09 2.09247655400262e-96 0.0578530564692402 0.0953745603290632
CDC20 0.000348140247584815 0.962065362455274 0.00516516413655825 0.0407296613436162 0.869726320328176 0 0.899170561705579 0.173827030440907
S100A9 0.00339459344724863 0.132913393832281 -0.0490624832375352 0.0328524412909354 1.78275854472859e-06 0.0316871177853115 0.269094905095835 0.341130415498462
TTC6 -0.256694809237388 1.084345196093 -0.0160165534980765 0.154491999986507 2.86289356573505e-08 0 0.615199637313375 3.41583710238127e-13
NDC80 -0.00368932537589296 1.11148580205606 -0.00520471175352933 0.0225199660588353 0.255880068591785 0 0.89325364291753 0.436136001475086
EFNA5 0.00319273957420672 0.247174397341528 0.265243651354499 0.21486011848809 0.0381248016064624 3.96638496003798e-08 8.35538726666053e-09 1.25441161554671e-13
TTYH1 0.00482187509066744 0.073884308746706 -0.0162110097210265 -0.0281063046178334 1.85852915313111e-08 0.172701934974953 0.703510715356774 0.419891040174319
CDC6 0.0067756015124807 0.924282395726026 -0.035859728741376 0.0143167815654069 0.0765774795543914 2.74171078242638e-209 0.378024471005641 0.615592030369728
SDC1 0.0134165597030205 0.661517523328154 0.0839340974462262 0.0315429146437901 0.00207028644450546 1.08145757783833e-92 0.041526628242146 0.296066798146973
BRAF 0.0325771687163425 0.536359305726927 0.0376521021460668 0.0502231415122881 7.31037564754092e-08 1.6518169138695e-55 0.370516742997581 0.0824138667085645
LDB2 -0.117049163042964 1.12766185108607 0.0486574619936867 0.0935406411462786 7.09547683275443e-11 0 0.0788304956804837 3.1133302366375e-06
HLA.C 0.0237458212505517 0.878521949515251 -0.0358545145699528 0.0916980477618049 0.107501938274405 5.29645486092751e-241 0.377604688744213 0.000683052527413901
SFRP1 0.00294673825921005 0.154874695084773 0.0859474331687082 -0.0226654815962667 2.44677724436604e-05 0.0100048937576218 0.0246373924829658 0.53141452744407
NDRG2 -0.0237585210665114 1.00943497903798 -0.0210713050143749 0.0914814622857263 0.14733807496874 0 0.582213923077686 0.000294057316634185
EGFR -0.0284232958150267 0.881619584570038 0.043065937104888 0.204966282921511 0.0217433668327655 2.98299125628625e-255 0.240304451077785 2.39183478752287e-15
TYMS -0.163557262885556 1.29284523378316 0.109031850069809 0.189976621084594 2.13127193655621e-26 0 0.000607042653371012 4.09327544640879e-16
C1QA -0.011275663770817 1.17319214908044 0.0365292335873257 0.0313532142579422 0.00618871888753211 0 0.346306907143634 0.257747428349266
HLA.DPA1 0.00452283421273676 0.911761883651809 -0.0151271806470655 0.0252974598521269 0.226009403134023 3.95940945271467e-248 0.727477245225198 0.410103909125396
CDH1 -0.116045403562122 0.954208803642565 0.0770924743227567 0.274980379926519 1.05534573817113e-11 0 0.0266104384087921 1.76777193525321e-30
UBE2C 0.00581710413024261 0.68424837837366 -0.00428089343440535 0.033696793286365 0.00215942796244523 1.22657763046105e-88 0.917719462125643 0.287138892553817
LGALS1 0.0384405757436823 0.709690303555538 0.0547464790727152 0.00251059558021381 0.000123504715001339 7.44327386154005e-96 0.187166159259072 0.931799386096928
SIAH2 0.0490158655335934 0.418131162493285 0.0362862554261236 0.0626268443774996 3.7667943407525e-12 1.6308295404906e-29 0.375185132891813 0.0267326576258948
EIF3E 0.0473011012112378 0.247003450049219 -0.00271609480952596 0.00200710249789165 8.63901277665489e-21 4.17629962789998e-09 0.950853832615135 0.946388055767916
NF1 0.0652573622632566 0.729249022576468 -0.0151353536323846 0.068234106556066 8.99214511091659e-05 1.84591103551815e-124 0.716139140967625 0.0158911844126451
LGALS2 0.0044529930598317 0.0427224780473997 0.207167197608822 0.0743688552207791 1.11883031253478e-05 0.390842096321778 7.83443828710729e-08 0.0224101080990092
CDH11 0.0181415106960969 0.880233418986189 -0.0681278208287386 -0.00040985087911445 0.00134229378711726 4.62686223956865e-218 0.127658928469632 0.988063753667987
C1QB -0.0168297740666606 1.19624486799271 -0.0238831425167413 0.033688787884579 0.00139412659565383 0 0.509813186290026 0.145629910806584
ELF5 0.0116301478755508 0.203226134694497 -0.0535559288439104 0.0133983375962174 1.90719018901821e-13 5.40712167966808e-05 0.221193899814677 0.685104642240549
UBE2T -0.00142712110539039 1.01265041709901 -0.0215955307102472 0.0342859447190208 0.813371940004725 0 0.572461410679427 0.222750131271988
CDH3 0.00514376861385561 0.14791298330783 -0.0352875622624409 0.102913904064365 1.89422734472091e-07 0.00431715867382322 0.390454269522036 0.00261433876400066
HLA.DRA -0.0837699476546338 1.17679262559057 0.0892411837557766 0.0657452369239322 1.53672019240473e-10 0 0.0116346069473216 0.00672024689733467
SKAP1 0.0279272899386783 0.916001383760987 0.00122730503026171 0.000953909977200674 0.0403625067843391 0 0.97483481435536 0.97233204942723
NFKBIA 0.00955318874007589 0.948707649305526 -0.0438233306073317 0.0295437677707351 0.193885804525813 4.49396817947232e-156 0.339191895624373 0.347600453387946
CALCRL 0.000646188472267468 0.854285367536187 0.0325458374017165 0.106015191399246 0.867712821481648 1.86564171879956e-224 0.414106801245811 0.000191298041741616
LGMN -0.0285629520511892 1.12750324434896 -0.0331459422132475 0.0450676495466064 0.0501612918514999 0 0.449053874624754 0.113903361426999
SLC2A1 0.012650206374536 0.29551841118179 -0.0195793099730033 -0.0453739349131009 1.91425336056756e-12 7.24820262942893e-11 0.679167081306369 0.155261939145175
HLA.DRB1 0.0185360948087717 0.653388847667877 0.0066506705669822 -0.0235285292257427 1.87691216310719e-06 1.22264390595224e-83 0.882343558837336 0.435591836076802
EPCAM -0.0231657139636067 1.00497413944798 -0.00119424605266938 0.0676428815016736 0.26949375181724 0 0.97460261790342 0.00686187783370166
CDK4 0.0409540017350847 0.526273463943183 0.033614678122665 0.0728300611746596 3.13174226464816e-08 1.41396089700972e-48 0.41791412629907 0.0127462652389443
NKG7 -0.0113091439713186 1.3645486022135 0.00598157615656981 -0.0122637526962013 0.000489690979885962 0 0.874403774314453 0.636281371553749
VIM -1.03066910817083 1.09278973718682 -0.00272741942859424 0.326171821441655 1.4666452849033e-53 0 0.914214088067089 1.93301380570932e-80
HLA.DRB5 0.00695079134542009 0.170590134441464 -0.0862420883227468 0.0100107076693115 2.21378515753464e-10 0.000656076516032355 0.0904824039243738 0.771098294410218
CAPN13 0.0162286265330744 0.48326006999358 0.0262681584609661 0.0225326048982474 7.28303750073381e-08 1.4230811488804e-35 0.541782813793771 0.450464819540508
LILRB1 -0.00557591479897098 1.19832557749531 -0.00146536684356566 -0.0416638839309903 0.276022411394691 0 0.969011444135484 0.112157824168567
CDK6 0.0098770535976078 0.419557758056142 0.0050668873531086 0.00603482581772442 7.99108646029535e-08 1.39671798992037e-19 0.917615876634978 0.853400825545457
CCL2 0.00728056411372287 0.267449922825386 0.0316994621473604 0.081856387122316 2.48026509131294e-06 5.90738217256666e-08 0.521115715339396 0.00652171054899275
ERBB2 0.0177861862635093 0.403111499198498 -0.0577622166067866 0.112870561162852 1.43069957653135e-09 4.28194034602545e-21 0.184467340848804 0.000117140321504039
VSIR 0.0154190686714115 0.503193521672946 0.0283531916752074 -0.00493376309014236 4.72429696325629e-08 2.5401804822942e-42 0.532244606336953 0.873473514194073
SLC39A6 -0.0092712118256943 0.916978240548384 0.0362002052598855 0.0937591251283366 0.514810837413157 3.20194995610156e-311 0.351687637117567 0.000413625369481664
ERBB3 0.00375373152752525 0.00491508137438213 0.0341837071399216 -0.00506394314175362 2.7843387110351e-07 0.930895074883717 0.559110581608414 0.883675789132447
SLPI 0.00530142916449396 -0.00421272508486647 0.0912629742522941 -0.0496238256858747 3.77732533378784e-09 0.945043723059283 0.0565341518190986 0.162756337798753
NOTCH1 -0.00909630987166843 1.03686239644237 -0.0057446850194292 0.0429533844842271 0.394686843895047 0 0.872216698080324 0.0983935188005686
HLA.E -0.126159142500273 1.04570055044058 0.05033190619284 0.1602463544567 9.62438115329782e-08 0 0.149931089134302 8.12085464312575e-12
LRP2 -0.137627459431279 1.03905902386623 0.0230899259680029 0.175434012770437 4.36666828931202e-08 0 0.479010203146207 6.36725721752662e-14
CDK7 0.0258105364936859 0.478588167285149 0.0551780088553374 0.0815838050772963 2.95996843667736e-07 1.97808315948723e-39 0.192925913070262 0.00509202032465282
CCL3 0.00414171986626654 0.97490732400563 -0.0664222706981362 0.0595479377870691 0.472965441986693 2.85283461366918e-199 0.098471821560172 0.044966640381462
ERBB4 0.00954785712851663 0.619809472000351 0.0420619187587291 0.128353427740626 0.0200359849178734 2.07830788050829e-58 0.361090621346311 1.56466621874696e-05
LST1 0.00746474516338576 0.287879864564098 0.00210617455025217 -0.0227735886300074 1.6789358568501e-08 1.33055695347062e-08 0.969106149058289 0.494765324334337
XBP1 -0.0826367622032997 1.04130863040536 -0.0575230528177466 0.184428038507349 0.00474533443651972 0 0.143173519292181 7.46972623311762e-13
ESR1 0.00396589909921234 0.253809822638854 0.205820893302657 -0.00706610829400811 0.000322061164465824 1.74036871081024e-06 9.43593056688355e-05 0.836267233160299
SNAI2 -0.0157113723625407 0.96313256040827 0.00837726180600509 0.199555440225191 0.00710408177087685 6.22491554222474e-292 0.837374402165256 9.91683041401935e-16
CCL4 -0.00652803470083179 1.278618671499 0.0246245670122556 0.0534663959884252 0.0131953038653604 0 0.524219776245542 0.0878103539794387
NR3C1 0.0644696609336539 0.568963004213381 -0.00611537261651645 0.0714073233784477 6.85311398193223e-09 1.74194963307503e-59 0.886156893104657 0.0132846455302594
XCL1 0.00524023286598391 0.34896332600286 0.0021455257737202 0.00297914941384138 1.78549241705891e-06 4.39172640413588e-13 0.95959707247114 0.930530528643828
CDKN2A 0.0100772919165846 0.643781918391006 0.11925387841637 0.111027988486042 0.0658690856357259 9.84851075963221e-87 0.0037463703964197 0.000143536081371649
SOX10 0.0065931805305446 0.00615607964988897 0.00260534253127198 0.0337599014498024 1.22462957759519e-10 0.907100386790331 0.956122580376936 0.331004317237864
LTF 0.00963000075486122 0.58128332483026 -0.0335774469100459 0.00331787866690772 2.92268037820309e-06 2.12622739198591e-44 0.457824831977343 0.912144062442195
HSPB1 -0.0492812798748315 0.94756755959188 -0.010586960785492 0.145237168726728 0.205807498652514 0 0.802075585234822 7.58372660223692e-08
CCL5 0.0107501079741329 0.463425784793871 -0.0474873381398815 -0.0221609580383206 1.1874211064233e-08 6.3846965157431e-29 0.342917439346167 0.47591553868954
LUM 7.26034967283934e-05 0.295105449550879 0.282487870940052 0.366194054815261 0.949940854052343 1.54089899347424e-11 1.78262213546553e-07 5.43055496712284e-52
FABP7 0.0303074905696152 0.186099986297666 -0.0612500752676436 0.0388570800909935 6.64389188121409e-21 2.65192351802188e-05 0.162213412272634 0.196738493177827
NUF2 0.00154698291018816 1.01509223111124 -0.020607156048858 -0.0149495311323821 0.525167220468233 0 0.60523827833584 0.597956356512248
HSPG2 0.00300938106213443 0.925982292076986 0.0722585232128384 -0.0472060254391468 0.352421852048233 3.44102061034127e-287 0.0939953012584726 0.11541344868215
OBP2B 0.00797117923690522 0.0277898373340366 -0.08254300812141 0.0211925271587082 9.68511046543903e-13 0.59434266569006 0.107257191585299 0.529525320727723
FAP 0.00557091768683437 0.731028468562359 -0.0554354784235523 0.0457975113393771 0.00187713554772112 1.19478838189032e-86 0.182080679562958 0.153286527413305
LYPD6B 0.0179793664325818 0.483995292597772 -0.00351800878205409 0.0365437421206155 1.73215042002259e-08 1.04069711750203e-36 0.933918679790116 0.229723470598146
ZEB1 -0.0186534403772217 1.04451199039595 0.0201926916410881 0.0151071503708127 0.321949198876088 0 0.565074591843698 0.538167175023952
CCNB1 -0.0630161050622193 1.27121100589628 -0.0298103495473683 0.0866234343157613 4.4577885204137e-12 0 0.229156627723604 6.60177243185549e-06
ICAM1 0.00647793823308185 0.79252179408833 0.00165060471904143 0.0648808928316396 0.0571510950331027 1.53552585616227e-108 0.971009130746012 0.0330538132751364
ICOS 0.00145119136936496 0.868889341669502 -0.0578273672689524 0.0385461197707635 0.165420903347996 7.4616025204685e-101 0.185870609801715 0.250739754193938
ORC6 0.00235811082815869 1.00705295800655 -0.0283523204292944 0.0251853187387421 0.69032883786592 0 0.477123938730422 0.375595853056733
LYZ -0.0216989214920764 1.3832104881181 -0.0366010848726005 0.0650945451128781 3.87464911068193e-05 0 0.3146785823681 0.0250741879258808
FASN -0.0960494524415172 0.941961696361706 0.0637810100894927 0.240081530022309 2.73764983933921e-08 0 0.0790266845392485 4.75275876335856e-23
ZNF571 0.0265074089509915 0.431795940862451 -0.0136521587058377 0.0379516220765075 1.84980230872299e-11 1.20857304309276e-26 0.747087822370583 0.206799086821594
CCND1 -0.367118298153775 1.04876556636321 -0.0633113538347648 0.188820281958552 0.000171669903681893 0 0.0675493150100121 6.21512098305916e-16
IFITM3 0.0182633617198188 0.630325733020687 0.0629572847782818 0.0191555668321129 6.94596573597809e-05 4.48218682799693e-74 0.139545584824321 0.512428711740126
PABPC1 -0.622174186564983 1.11027116003409 0.0134702378038611 0.229147062958264 1.16124900169323e-17 0 0.691255177551395 1.99717151986078e-25
CCNE1 0.0189807292501833 0.55614251971712 -0.0863639989517804 0.00201852954584515 2.03181781858842e-10 1.75784008976226e-49 0.0494026894297527 0.947024189698338
IGF1R 0.0266093363568163 0.753862143566952 0.0523899786261992 -0.00761230118537755 0.000999089240187869 2.49743198320156e-135 0.197447323207722 0.79573075155488
CCNE2 0.00329376831251816 0.844207940924279 -0.0110698547891547 0.0276265283864382 0.165476193226178 5.21193580186735e-177 0.792179454239461 0.372561806192984
IGFBP5 -0.0565811867018459 0.936489549902873 0.0869789407232125 0.179125821145776 0.00367768452283139 1.33850276861123e-165 0.0563485072958459 4.71118534808058e-10
