target intra.RMSE intra.R2 multi.RMSE multi.R2 p.RMSE p.R2
PBK 0.66528846219266 0.32325866183862 0.66487134811472 0.428830794908895 0.493324609934983 0.186971420294391
BANK1 0.693935234276229 0.0608499330309975 0.693846328668681 0.0840882848379976 0.498356775198045 0.294235698845788
CEACAM1 0.753281798524419 1.08451937575866 0.751710556530329 1.49276548618926 0.471224040269906 0.0558878636634343
TMEM45B 0.815427668117671 2.71208847179217 0.81445469534089 2.93947315781034 0.487096321918882 0.236224235694419
IL2RA 1.00841680427519 4.73968333856561 1.00746707656176 4.9163950272436 0.480239087667974 0.392672172687227
FAT1 1.16445505414516 3.10932289039226 1.16334649604254 3.29110512004466 0.477960989926743 0.321619139912088
GRB7 1.27009865372416 3.98609599858518 1.26736205449187 4.40110237208835 0.445560131219148 0.144879912916728
CTLA4 0.637866923793542 0.355031328328936 0.637637776859948 0.387173166190049 0.495531524007644 0.401833472813548
MYL9 3.34738510942217 16.1292748794314 3.32530484002096 17.2326597344982 0.00819409025615375 0.00793224919657056
ACTA2 2.60851402780665 17.1554285863392 2.57735303837275 19.1216040375021 0.0197965551258598 0.0127892790770616
RB1 0.927394062333886 0.413807636426774 0.926311731251939 0.646610701032405 0.482991018747254 0.0726485372867587
SOX18 1.1271177959045 9.63903382533256 1.12323743696559 10.2715737566286 0.451438984947047 0.18778863661666
KRT19 3.02065402517948 44.245366410329 2.93506444830197 47.3602869902321 4.50705987935736e-09 1.62016084605545e-08
CD14 1.02389993831399 2.39322129614475 1.02312869591393 2.53852295967257 0.48928668826485 0.361672227769146
PDCD1 0.79951067425547 1.7467568623147 0.797991917276081 2.11443974620825 0.471167946006054 0.0733748795872227
CD68 1.12963492328125 0.504849092732239 1.12930170063 0.564243252353278 0.494167442863834 0.343817381042007
MAPK13 1.96092819602831 1.18413075624664 1.95941745860215 1.33595340041116 0.448618059771112 0.19990634234472
ACTG2 0.90220491748561 46.888662524989 0.879306437440782 49.5405018329718 0.0718280501961086 0.0373186965254518
CENPF 1.21659368624949 11.2572864081007 1.20811711333277 12.4754964371887 0.374396549206247 0.116581599885603
BCL2 1.23907111745872 1.12181926028088 1.23816106033373 1.26584667709725 0.486449429722019 0.222263328852592
KRT5 1.27328917670328 9.03424983311098 1.26776650775528 9.82800971758556 0.387503836178368 0.145789111287807
IL32 2.37787945618704 6.99140951656994 2.35516988197269 8.75848109119432 0.109420017980377 0.00115795746094315
MYLK 3.18562431051873 12.7923054068328 3.15455134972703 14.4872065768248 0.00901840788114216 0.0095314558718059
FCGR3A 1.92591527085981 1.28600627577524 1.92298726800964 1.58516996600433 0.436507964982195 0.0840350427788756
PDPN 0.673382910192921 0.0386666833469695 0.673371390543449 0.0434374459361031 0.499791930139955 0.438266164205581
TMSB10 3.05430752452876 12.781013652549 3.03493279208664 13.8847305396303 0.0418795711600856 0.0431282397974427
GSN 2.61822000079371 11.6102153805043 2.60532009953971 12.4778523836275 0.237195053593943 0.0273815504637247
SOX4 2.90017647433515 12.3171407252703 2.87584580597129 13.7813691365044 0.0214172299174926 0.00549975198718923
CD69 0.819872418106389 0.263448477953244 0.819038765793352 0.465048700191397 0.481720523394198 0.040883757073515
CD163 1.21958186270606 9.67601153137078 1.21219771638972 10.76589533416 0.339010629460579 0.165030349590269
RPL13 2.72771761492595 0.190077169250572 2.72208970295986 0.598441887018489 0.397970436595744 0.000188928296689082
CTSL 2.30166640277284 11.2243401412239 2.29194165307711 11.9725864866661 0.276314599217556 0.0775267734425028
CEP55 0.96937719842253 3.21020535671063 0.967680997495043 3.54249522256185 0.468700467886055 0.289588264845612
IL3RA 1.06828220369054 2.99723045057849 1.06624539577332 3.37021815449055 0.444111382326961 0.137716002599337
ACTR3B 1.39265070239995 0.843442359341329 1.39144300712749 1.01458289358861 0.46678120098746 0.216560824936802
MAPK3 1.44386855255966 1.73385437974134 1.44295530740768 1.85622879346617 0.484729179707173 0.3546422980534
KRT7 2.91984063267918 43.0462480512179 2.89249081661637 44.1091197832371 0.0495121877036829 0.0523329213104797
FCN1 1.00038011745971 0.0602178063984449 0.999623995830249 0.177512447877732 0.488090641553071 0.0321963945274051
GZMB 0.649807937617971 0.0769724957927953 0.649567921149678 0.150280047355426 0.495038000813514 0.0736337048085692
BGN 2.66462604454745 27.696030115662 2.62632415781951 29.7595132318735 0.0108738858393821 0.00322732982240243
TP53 2.71489306752723 8.66992158332479 2.70918089717549 9.05379162586718 0.241685107262757 0.156921650065593
PDZK1IP1 1.78720368295684 1.06251511530638 1.78416667312201 1.39993081426742 0.422464448613677 0.105688886069432
SPDEF 2.29050599485464 32.9952078520492 2.27890611600203 33.668839014489 0.21835348668005 0.251616296403316
MYO10 1.641374353749 7.903053715664 1.63805503725993 8.27469902917111 0.399760484587073 0.261640749520076
CD7 0.713302092098977 0.576866050287522 0.71239058259686 0.817585317096587 0.486201953135169 0.155484998309603
CLDN4 1.17647717402516 4.44192136658112 1.17325677015634 4.96440340971696 0.443126530223274 0.168602774800018
IL7R 0.979987214334875 11.0302781950967 0.97173578522205 12.4844642444097 0.359038106974469 0.164650873327413
ADGRL4 0.716344001816324 1.55146113279163 0.715807888884218 1.71925112312258 0.491410707049825 0.344459420170693
CD19 0.83722243884812 0.239099076096094 0.836806902435304 0.347973359102129 0.492304255868788 0.129880433343296
RPL18 2.1642345528736 1.91070215302933 2.15970832958408 2.31893781138919 0.400748593631488 0.0600685204388108
FCRL5 0.912038038576057 21.8324250419106 0.909277997543116 22.295499682177 0.427785303083174 0.419909517049629
CXCR5 1.21720139100576 0.37406488403786 1.21528252223813 0.678134971652891 0.47834548680967 0.00144301036524475
MDM2 0.856705200372129 0.321065409263188 0.856444518402791 0.377517633165838 0.495696639252833 0.279555933594896
BICC1 1.23776772683554 1.20916257547223 1.23735740305427 1.2727189881047 0.489026273802441 0.399186233513401
SPP1 0.874048291894654 0.699204998309352 0.870768021466499 1.4621177664206 0.42621309256243 0.0127296721349334
KRT8 3.10645115227139 40.560161166602 3.05665846008143 42.451650651258 0.000368987689836688 0.000421476138427419
PECAM1 1.44385833192272 11.6925881408486 1.43878948553772 12.3093676016559 0.401489853939646 0.259019790549697
HIF1A 1.67354333459925 3.59838773421187 1.66914726932288 4.10289922548438 0.429276990176488 0.00394202270728678
CD74 3.49304414093357 29.8457243123235 3.28410422726296 37.9854674213216 4.52558407463089e-14 1.11405120611332e-13
TPM2 3.39513391384597 13.3313002608581 3.37698687146501 14.2546682233343 0.0230906414584236 0.0273509028434955
MYO5B 1.55365418074019 3.55772318963679 1.55155661090424 3.8198001682179 0.469688337258345 0.355614438109222
CLU 2.59227605900966 15.0475942265266 2.53687228139399 18.6389970441487 0.000931877132461135 1.42520128302096e-05
ISG15 2.71236169587673 0.61189334189332 2.62320776174232 7.03552666953956 0.000266082896026567 9.78514937263158e-14
AGR2 1.20276479086511 2.20268510255292 1.19975387908675 2.68920725780975 0.424889421961436 0.0511324098115597
BIRC5 0.576285645979217 0.890035825502622 0.576154563614856 0.928006332515455 0.498175505587005 0.458068382839341
RPSA 2.886436606718 3.18605965508769 2.87514369065694 3.94177702974151 0.166748563910834 0.0011499347785027
PGR 0.482576396607169 0.00888109677516735 0.482584703301246 0.00885028749347927 0.500129983017918 0.501813052103192
FGFR1 2.1083527441048 9.19130389771287 2.10398417092106 9.56594633317114 0.411247903525619 0.189367555226966
MELK 0.988883368919496 14.3039478666483 0.984975432888571 14.9771171783854 0.398525739570627 0.287577713326819
CD2 1.40686374676827 14.6304342060897 1.40005819016215 15.458381784407 0.230928089411008 0.100908051944124
LAG3 0.860901752266486 0.599830478715719 0.85977269767652 0.847588459571982 0.480964267655113 0.0477882033119907
CD79A 1.15422296729015 2.69098532207461 1.15204436752925 3.0606224415578 0.461199225205811 0.0841461371792102
CXXC5 1.22434563366752 1.11937116967052 1.22381897517891 1.20589448167464 0.489376805738773 0.331625106773385
HLA.A 1.43923704177201 3.12113423682144 1.43594774056045 3.56279587738629 0.437182972338105 0.10625890325607
STAT5A 1.15137299461241 0.525737259005061 1.15046447954542 0.681439210126189 0.477097900137616 0.192178417724555
TRAC 1.14183274004066 3.23694337422836 1.14008407311841 3.52451211522745 0.466734578767068 0.343064203625331
RRM2 0.759381618628036 1.90763349028226 0.758792353602503 2.06101488575799 0.488903237650513 0.377503130110099
COBL 1.39387074775393 4.92986734757382 1.38993794736631 5.46835372681466 0.419600031892824 0.158821895231744
MZB1 1.66148313122595 18.6323425704182 1.63094771307895 21.5960373560757 0.0963921355788235 0.00950447321703278
ISG20 1.56980074299618 2.70735057664073 1.56617894047629 3.15383013466833 0.439695541316444 0.106734668249382
AHR 1.25390175923589 1.60571001369328 1.25263831251622 1.8060656215911 0.478545195240976 0.272880210468414
MIA 0.674789569128435 0.0514725917488812 0.674774403585236 0.0514503334518512 0.499800996597658 0.500381391163369
FGFR2 1.46549445489003 6.18127846908144 1.46123602580246 6.71897157360101 0.428098082266493 0.268974948947739
PHGDH 1.7057969738582 2.77162916329549 1.69759205232375 3.7022233999119 0.356818068371675 0.000920644024196338
BLVRA 1.44825936496548 2.04348690231467 1.44479054820896 2.50977021945981 0.449319404060595 0.0495745741550646
LAMA1 1.15813267826954 0.791119218018944 1.15764523786645 0.87371910425472 0.492547203810551 0.30388046534097
CD79B 1.06876063727678 2.2808597656616 1.06651360965323 2.68687710505422 0.472830467397511 0.155530688483527
HLA.B 2.50012212871273 16.1307540338581 2.48392906690518 17.2107982350757 0.210360930642998 0.0220568353695403
NAT1 0.772870894019231 0.275352140259791 0.772644680303027 0.338854375141711 0.495888938753553 0.293126803342846
CD24 2.16395537049329 19.1547900962231 2.14330981581822 20.6856434367839 0.158866576304952 0.0374519224269758
TRDC 1.04333007029841 0.988360370016039 1.04119892743374 1.39579417606386 0.460864521693609 0.0274132263458358
PI3 0.702998253781278 0.981696856925207 0.702831197792574 1.02417190126841 0.49740950997181 0.459152613957402
ITGA6 1.20730989499063 20.0289375217834 1.19859096398732 21.1708303547508 0.286023446660591 0.0819781346163828
AIF1 0.881092405463846 0.0789749207239965 0.88088892411362 0.115033908010443 0.495064698230002 0.189938103162733
DCN 1.43163971826981 0.232333450110153 1.43003045145944 0.449598816543519 0.470607745415987 0.0118021851438072
COL1A1 2.39230867133714 52.7107040076093 2.37641371487123 53.3376421735955 0.125182557842165 0.139340337082869
FGFR4 1.67346930426991 20.855589096807 1.64591446344517 23.4434023552242 0.0809462650439013 0.00894532469926385
MKI67 1.17507977376693 17.2130575688708 1.1602708712642 19.2798630484206 0.210114324715733 0.00896464195049445
S100A14 1.45104988253914 2.96628099096651 1.44452461726796 3.83966268771673 0.345546007508973 0.00191716712896326
STMN1 1.66909481418052 1.9525923430091 1.6642889154328 2.51675635503061 0.321025722731123 0.027775570679178
BRAF 0.721879713829195 0.287011199379644 0.721615936694256 0.348253446130532 0.495899676577515 0.279427321848683
NCAM1 0.762342607065186 2.30846281532715 0.758680557641559 3.25246732787691 0.432461907951415 0.042078903731185
CD8A 0.839473060458846 0.257030690977513 0.839155450785761 0.324678939684124 0.494312019442303 0.297866122474481
CD274 0.662563409196072 0.0893943694312405 0.662200327958642 0.184374619195251 0.495610966665225 0.113873315035799
LAMC1 1.76110533259836 15.2411635054998 1.75495303269797 15.8427122242936 0.408933823161932 0.252548791059434
TSPAN1 1.251120830272 8.72858226053405 1.23998109550049 10.3333319502274 0.324322041440478 0.00828605201483151
PIK3CA 0.912830762735674 0.0540295198619478 0.912386493969819 0.139782095848594 0.48680028571253 0.0310071126501688
ITGAX 1.77939643303496 23.6693744355776 1.76445919171039 24.9452644683196 0.137954757943805 0.0407735942590007
HLA.C 1.32488256267602 1.8457200162405 1.32334419138761 2.07633532722912 0.470582115600441 0.256823518421446
NDC80 0.655602066351027 0.435465264904644 0.655034296199802 0.603263180515076 0.485531838255757 0.187839109353717
FN1 3.41518415304454 26.7554617743465 3.28757932608286 32.1264683100303 1.37198659257485e-07 8.11996928338037e-08
MLPH 1.66905837768107 29.8339716682169 1.66481239808207 30.185736525581 0.429547132005063 0.342184281482268
AKT1 2.203963245731 6.80053867811443 2.19962427150046 7.16788620702412 0.430291070431045 0.248052802480579
S100A4 1.58683578798756 1.78359432394132 1.58176658824754 2.40953202653105 0.33488119626833 0.000547183834946571
DERL3 1.60431586647583 8.17542271954272 1.59609295133816 9.10624727800531 0.296446222817675 0.114188149977881
COL1A2 2.26342467184082 51.2527952250267 2.25688220556563 51.5340092176665 0.360320610233445 0.343018655935915
C1QA 1.71695054659399 6.91893287257954 1.70937055778337 7.74055118223304 0.325904358942621 0.0445984216284936
TTC6 1.14303138388713 10.913535569447 1.13950364338933 11.4402130242275 0.459240520705957 0.231944388855318
PLEK 1.2812661460713 5.02798962404674 1.2781895655277 5.48319623224123 0.44833630738952 0.254331358887365
SULF1 1.73228092022541 5.05774178592689 1.72538586426996 5.80933079446161 0.326824650033418 0.00575649665946467
S100A8 0.654608778005849 0.0665277476264525 0.654516777393273 0.0919782522196733 0.498544138243852 0.260691773750742
CD34 1.46131343796457 29.1913353253574 1.45765036399463 29.544808847762 0.387615618244571 0.367391519562654
CD9 1.838757116131 6.32355400498704 1.83301872678794 6.90170960385791 0.391786048040139 0.0656211896532287
NDRG2 2.47025029274787 9.44184083929736 2.45924317832614 10.2443067913102 0.231669337847468 0.0536179630907123
JUN 2.98306991941283 5.9875183815758 2.95843245924603 7.53468406203183 0.0574311875007858 0.00125355589715829
FOS 3.17070379914934 9.66526092159451 2.96050148031398 21.2414794905398 5.43037917061771e-15 3.50710352244122e-14
MMP11 3.27411233625866 13.1292974072602 3.13760151126283 20.21933343445 2.53995334105997e-11 3.02874351839333e-10
EFNA5 0.876858118184052 0.317152340939347 0.876068078879388 0.486325460445124 0.479096647503192 0.10279246670138
TTYH1 0.617130647260538 0.590751953542098 0.616124371645191 0.955632621252916 0.478906887672684 0.132931759472217
LDB2 2.21121526274821 13.5092235859327 2.20196546064589 14.2329389235933 0.32963646216902 0.116628539643096
ALDH1A3 1.56291229431724 0.446346043169706 1.54752110091378 2.37790089627085 0.340609475221812 1.06131125368227e-05
HLA.DPA1 2.03568838276481 12.3304733044074 2.01976267848603 13.6954954945413 0.105828365126048 0.0234271342471532
PLVAP 1.67565364809591 23.4340706465529 1.6635338768458 24.5382359659124 0.296563862819355 0.106080759333189
C1QB 1.51398551220588 5.81229830661842 1.50985192258014 6.32256576040024 0.421150596878543 0.197394186613891
COL3A1 2.92593879181446 40.8950995441868 2.90579942745237 41.7071180647741 0.0731560956924798 0.0547270238508433
CD96 0.992477736019159 5.45451682977233 0.991320671893788 5.66999072508446 0.479263033018514 0.351538821724422
S100A9 1.48713592524751 2.36609338954863 1.47444896629221 4.02540383882052 0.175527258758286 8.11050631170215e-09
MMP12 0.598013900485539 0.478488862495914 0.597803702392778 0.544015340643551 0.495154844331299 0.30644857111073
FOXA1 2.27175803461253 26.8984941663446 2.26246210628266 27.492910457608 0.239968370204845 0.203236307580899
JUNB 3.47336053325847 12.4239030434493 3.43981885359742 14.1071252473371 0.000339736759032114 0.00010289258575638
NF1 1.42645892135713 2.07398507228391 1.42530755261261 2.23010915013272 0.482614628173604 0.258867531415778
TYMS 1.05004946739023 8.04922250630036 1.04694378639028 8.59936514266097 0.437387563077901 0.289426425599452
TAGLN 2.50908755265849 11.4903897772325 2.488561896837 12.9335091707997 0.225142598832078 0.0356211149023918
ANLN 1.28129455883512 10.7559477672368 1.27624992563734 11.4552065160014 0.411527276436923 0.230016742319766
EGFR 2.05503104192636 6.02039299219197 2.05189020941505 6.30645847862283 0.429116548871141 0.246003917383227
LGALS1 3.58965537121501 4.00759184932299 3.56109373201648 5.52839517055152 2.81336848544813e-05 3.15392982293614e-05
CD36 2.50765713969906 0.235505011849099 2.47351622775967 2.93297864124852 0.0642635610755409 5.39669333338339e-07
COL4A1 2.60130011813553 41.9606230773561 2.55524299248787 43.9937474869284 0.0125772090907759 0.012686612465258
CALCRL 1.38568698416623 0.675478412190813 1.38500070901345 0.772897549162017 0.474887161433756 0.196393174355558
POU2AF1 1.48726629208362 5.72800809519327 1.48465462529506 6.06021380965949 0.458552642491631 0.317077585397034
MMP9 0.628300552176102 0.0540895468845815 0.622017735037438 1.98556595635396 0.372817156670155 0.000592932164707056
UBE2C 0.869168419168631 3.41827754268238 0.868379503941851 3.58411072355586 0.489951160504849 0.411272333280288
SDC1 2.75680931614331 21.6153973792754 2.73734186170931 22.7176258215214 0.128673063476396 0.039446162392506
HLA.DRA 2.9037893721877 17.3354046069642 2.85751431978268 19.947080883608 0.00011968826163445 0.000303975567061307
CDC20 1.45478633139379 6.6027619862436 1.44397617555871 7.98819399720987 0.274934977724311 0.030906059362334
KIF23 0.891710446863906 2.22284593180437 0.890928906435247 2.39287346906997 0.484594388543034 0.352981998365041
AP1M2 0.929650373723702 3.44286823586443 0.928622870390224 3.65497139065317 0.482232160528316 0.332580647368991
TBX21 0.707133258497696 0.188691604884186 0.706771275582814 0.276960679854342 0.4918102747354 0.122979138307265
FOXC1 1.68808958929363 7.42841166545273 1.67773367010263 8.5596797367122 0.267202715878223 0.00404954474448526
NFKBIA 1.90779607566954 4.09767516319539 1.90227483046866 4.64968961583443 0.38186768572502 0.0440037284246518
CAPN13 0.996350809965366 6.4682930778747 0.993639901907828 6.97482039776703 0.449255795907056 0.263964051840416
EIF3E 1.57925813368174 1.01888470411436 1.57672672118394 1.33852588533973 0.457606239061092 0.0553275679841333
COL4A2 2.69791586066557 42.1151549493472 2.6287338005616 45.0463913217085 5.84583654053931e-06 3.65677423467049e-05
KIT 0.829052798409095 2.02812601232991 0.822507568719267 3.55759918511177 0.318158579167387 0.011283103366125
LGALS2 0.89411832481242 0.110781581628469 0.894048333537355 0.12513697040055 0.498661430189888 0.342806473906959
MS4A1 0.607922792202687 0.0898880482105158 0.607765739390288 0.124805229687566 0.497015949115849 0.248200904617852
UBE2T 1.06426023892656 1.66976545784109 1.06283728976067 1.9102561945835 0.471757018372708 0.279696738344066
CDC6 1.2544233315175 1.30592789692018 1.25380639259518 1.40340970980277 0.487338458996407 0.23364839097116
HLA.DRB1 1.50207621362132 6.80560101073548 1.49838541029005 7.26019845860303 0.436327902608501 0.266854402873828
SFRP1 2.31606246840361 4.18775006254383 2.31068360252904 4.63197849804577 0.390130241482122 0.101605548843519
CD38 0.852565908876891 0.244428432024909 0.852564362235889 0.24535288919288 0.499976524020599 0.493950206940982
PRLR 1.42069167823411 15.3689014979922 1.41639001340845 15.8881109893883 0.443056125139311 0.219554352058676
APOC1 2.05768295772324 3.79857467774465 2.03891644061625 5.53916438467674 0.212102028204298 7.95482584878327e-05
CCL2 0.765516830442294 0.0556509062403343 0.765047787508296 0.203281301365785 0.493661649796083 0.0131256294837335
FOXP3 1.64395110688429 1.95027159461888 1.63790471428718 2.66856313849831 0.417052940972398 0.0170053212518384
NKG7 1.1505315389372 3.83341465989357 1.14782786849864 4.28087728188694 0.463261306905402 0.251141670336558
MSR1 1.02713350135616 1.83326001315207 1.02649716855532 1.95354505692019 0.48986447306386 0.371800984551125
CDH1 1.6693033411859 30.4996620500576 1.66114721161485 31.1761923872048 0.296129664259779 0.160157015034994
TCF4 1.50416783483686 2.52884191570387 1.50224079903869 2.77878379520146 0.447999586088623 0.0734616621162466
HLA.DRB5 1.02364519544621 0.89825397942601 1.02249024399384 1.12655345697752 0.483980801901155 0.101724544714101
PTEN 0.963694901802691 0.766191665895852 0.962859900921314 0.934850477723396 0.483109758503248 0.239671764572967
COL4A5 1.43253828609276 3.34970861123401 1.42982262041281 3.71968015099234 0.459786426828664 0.237654569231145
KRAS 1.22533088366117 0.650769870749011 1.22456151724818 0.775254416393195 0.484436568033081 0.191086860392555
ELF5 1.32243879813266 2.05046854195843 1.32066653516676 2.30995382365347 0.47330542900528 0.289569253401865
SIAH2 1.65367110903832 2.46542469213252 1.65123297960729 2.75471458350041 0.460325008511961 0.0353459228479641
VIM 2.12886998920458 28.84787388193 2.11354764157959 29.872689990168 0.24894094078315 0.0560104812439983
LGMN 2.44915374817067 6.46806167199021 2.43923603829448 7.22362371250782 0.133795589372739 0.020977149618346
CD3D 1.64065406292395 4.99866254076327 1.63652587188328 5.47454865720058 0.422303418514901 0.176285434470253
APOE 2.87742346145969 14.5584746348943 2.83923226891521 16.8069424612647 0.000459503220846309 0.000623729239530039
FXYD3 1.63755677474632 13.6605895866192 1.63361525474795 14.07167037416 0.348827802365098 0.269739803079799
KRT10 0.443729384437785 0.0296811794909424 0.443741225265722 0.0269013472102164 0.500197649995851 0.565064748292146
CR2 0.488062122884643 0.0419361770599613 0.488032033275393 0.0610839559233289 0.499390409137764 0.215693722071144
PTPRB 1.00157692116137 11.7940148681108 0.999397383056519 12.1742091561267 0.442510508393553 0.355011987353336
MT2A 0.802391625967635 0.105459294408277 0.801946683194392 0.231537138232937 0.493759068207601 0.0890229801050682
CCL3 1.64148050114204 1.47497460577114 1.63356124245986 2.41472235554273 0.349975172080841 0.00574800901872618
NOTCH1 2.43709227522225 20.9391248709378 2.42348380999255 21.819289282122 0.165625614576106 0.0437271607273526
TCL1A 0.751315089059726 0.0144764029155742 0.751267621612746 0.0226954735872209 0.499225414928133 0.257159977468186
CDH11 2.25993669850071 14.3589305279545 2.25593818039776 14.660478117891 0.396124509767841 0.288884665622732
SKAP1 1.05786690077419 5.69169242921685 1.05711353200459 5.82030352822059 0.486369228040998 0.411370983679679
VSIR 1.21145044453921 3.32081854607121 1.21083546030438 3.4171594826045 0.486453960295231 0.38894670421596
HLA.E 3.02648597886798 26.0987961186796 2.99752654046549 27.506618565681 0.00135440403819217 0.00131440156995656
EPCAM 1.90726444594821 17.5440944636362 1.8967165913671 18.4557421092855 0.161955510146221 0.0169866324933929
KRT14 0.596454008232463 0.326064076582392 0.596096088904209 0.432107758002296 0.494123794348033 0.177945921101624
LILRB1 1.2083663573197 10.2515030952132 1.20660739014194 10.5165085683857 0.460438373076271 0.315572668086283
AR 1.60105406440813 20.2244396081464 1.59571067551422 20.7539247117803 0.362935025297959 0.193495109205178
PTPRC 0.912248731353325 0.767077738512958 0.912032204038901 0.814961242615235 0.494875069982996 0.429517601348727
GATA3 2.22643216298401 24.9596701582842 2.21322636591373 25.8421542905136 0.327449074967891 0.128943952604595
CD3E 1.22308725177723 20.0745800647355 1.21738068430167 20.8028138762347 0.412728621280722 0.228355369234298
CCL4 0.734823115394865 0.747099624728333 0.730002004403378 2.12507084220872 0.386727082756602 0.00102351327633363
TFEC 0.469579974540194 0 0.469566137096492 0.000171005927925849 0.499828627979693 0.171718198068957
CRABP2 2.87081685890076 17.1573100740152 2.84924776015463 18.3977786715802 0.065319025784104 0.0402975084299585
CDH3 1.10599985847336 0.416221840415913 1.1054318632421 0.508261864949441 0.490558102930229 0.240237724983241
SLC2A1 1.17750682049903 2.18095523305071 1.17556998869541 2.50574897249031 0.459938859462357 0.176194518942226
KRT15 0.965641368718263 4.74613035469663 0.963311608349873 5.20358425090827 0.45195289584113 0.123126417197495
MUC1 2.98194948191289 37.7148637635141 2.94393035725409 39.2939594096503 0.000231041952633588 0.00143228737816752
XBP1 3.28261972622311 31.6517173070074 3.24667806856797 33.1390192564829 0.0148363858460016 0.0206653716499479
NR3C1 1.42786959980653 1.82620185466402 1.4259854354459 2.08687930761779 0.471042373590177 0.218044376561598
LRP2 0.961430434131734 0.258846052745412 0.960859926133641 0.356637851597036 0.49097002837497 0.203455505950815
AURKA 1.12063214443713 3.05168576769781 1.11819190715363 3.47379598883248 0.459111160779304 0.176781501814783
HSPB1 3.45897984100478 16.7995620080589 3.41920709026124 18.7019691417471 6.23648031827294e-07 2.30865983025316e-05
GNG11 0.947590467968134 0.175257576107705 0.946964560890889 0.301280003724061 0.48750413449579 0.0575192257338515
PTTG1 0.902568672943448 1.20079324985361 0.901664069684341 1.39720716466913 0.488334295581788 0.149931277259198
KRT17 0.529671047999265 0.0220598088927748 0.529484670358661 0.0937648476364361 0.496223490306993 0.0714882602609971
ERBB2 2.29717272712998 15.1401612681386 2.29276108768077 15.4653695793726 0.392069988337627 0.230668772554242
CCL5 0.893841829826975 2.29191911992932 0.89010607141258 3.10581390450099 0.442044276233772 0.0236791500298627
MYB 1.06343789783412 11.7383339588174 1.05746970285278 12.7146969735526 0.365002157479091 0.205318316278542
CSRP2 1.5053396656843 6.45544516923408 1.49613108336145 7.58957127239319 0.325992640144811 0.0109784033921205
NUF2 0.600367746632181 0.123314316914915 0.600248585418288 0.152110283150847 0.496754303020864 0.33306684425376
CD3G 0.956699700077112 0.315661324457428 0.956426689044455 0.371785991843419 0.493088515937895 0.24050614339548
TFF1 1.17422940518066 0.271085195268015 1.17278321112507 0.491921525919388 0.479088990921784 0.00678882545013291
XCL1 0.890060189128115 0.408474531563406 0.889379516758917 0.555222042194269 0.490574051933909 0.131506988265804
SLC39A6 1.40711439051374 2.40111738431218 1.40549102765555 2.62355087559507 0.467821111927259 0.230563221017923
CDK4 2.30410425244886 2.40069736039438 2.30070101058416 2.69037559672429 0.44685321900045 0.1872188217925
AZGP1 2.27926547556034 30.6277477152257 2.24116158560228 32.9288289888482 0.0027647523971103 3.86683600526157e-05
GNLY 1.37094665764696 1.40999237519566 1.36635204532764 2.06627304650831 0.418143692099425 0.00170377175155323
LST1 1.63659944513695 0.459336917198141 1.63373704030122 0.805201481189449 0.43518617667098 0.00370789579535412
RAMP2 1.31981383303473 2.27016665106197 1.31811777980247 2.52314193792028 0.465155340715953 0.278401061120179
OBP2B 0.505699071537172 0.0329773575653791 0.505657563293265 0.0650106452450849 0.499215972571196 0.104784938365632
HSPG2 2.19844688228883 24.3083222565193 2.19393640586127 24.618093782158 0.398691387065116 0.351281537645656
KRT18 3.05126041726605 30.7364484006102 3.02166284846366 32.0733457217562 0.052455459572877 0.0376569805417123
CCNB1 1.20137513264851 4.96137406932385 1.19826248061322 5.44847318394298 0.449351857104483 0.309778205391499
SLPI 1.08906013451389 1.39711562604734 1.08451759097117 2.2185917932437 0.438307363281061 0.00422767106773774
MYBL2 1.91985603747094 14.9551007546718 1.88215155689147 18.2571844369595 0.00587963972026815 1.76108550135678e-05
ERBB3 1.6444150750479 24.7145958873804 1.64132590092757 24.9966415736567 0.443685291123758 0.425110405514788
CST3 1.28279055556536 0.204530806027472 1.28231822684513 0.292017583914618 0.486319153922625 0.125696235115994
TFF2 1.20121012042822 0.261672751040988 1.20017672937685 0.436018093466772 0.480876569785547 0.0368557334189836
ZEB1 1.98086307938871 4.38492043507733 1.97788442723567 4.67214043711125 0.432915255128271 0.119091360125121
ORC6 0.830899658807711 2.12880934859552 0.830172860299477 2.30297506482023 0.488783733483175 0.304791546956484
CD4 1.23580079028088 3.46704037705586 1.2335070683023 3.82593425929704 0.440689856870108 0.189308491144023
CDK6 0.778803942283946 0.0136193852010869 0.778740553763331 0.0410551284189209 0.498860651055879 0.124009597469834
LTF 1.08048319674912 2.2059081420015 1.06990935671243 4.13039669415627 0.35659403794156 2.53909765397306e-06
B2M 3.28134613852896 7.42892674448972 3.26069693304905 8.59021757566471 0.000250391468665632 7.90344786735303e-05
GPNMB 1.51028663685938 2.50563210097006 1.50733444484791 2.88920434532555 0.424697687105107 0.135465723657855
ICAM1 1.21002781434909 1.54296456136433 1.20296979260327 2.68947009933281 0.385153883695774 0.00411282099845744
SNAI2 1.62724557578053 2.56644923842613 1.62340360609482 3.02422858717952 0.435831932657392 0.0813542736715482
CCND1 1.92565756587158 9.53245214736654 1.90460105725991 11.4959051584526 0.0958990638858032 0.00149364257909025
ZNF571 3.03709029282345 11.8635543923848 3.03043225488087 12.2502746739799 0.243865490220495 0.255575042489422
TFF3 1.17134260470469 2.14678555537061 1.16928649558184 2.48532831806928 0.466154599663659 0.259398668832287
PABPC1 3.41628648255606 18.6242328361381 3.38560400318011 20.0790134033244 0.000125637174004779 5.03323326459173e-06
CDK7 1.37786079873566 2.19634223767383 1.37538225848508 2.54733326095998 0.41812534271965 0.150900070253981
GPR160 0.814087316597796 0.0513795012850615 0.813698172632722 0.159503185397746 0.491539005917457 0.0197015806168241
ERBB4 1.45037168318265 0.600636729075252 1.44804166673338 0.919596831562451 0.456613201404714 0.00560811430478955
LUM 2.60041905785653 0.85741711808513 2.57867965903733 2.50975751869779 0.0567069052131749 3.18848342139785e-07
MYC 1.80235726631983 6.71407117606562 1.79603724563093 7.37133274673412 0.283419481451901 0.104861231317359
CSTB 1.47819455729298 0.352447438959674 1.47802791973126 0.370666626692713 0.495294768937585 0.417395321078872
CD40 1.73104277385598 8.37356454056513 1.72746120706966 8.75111545650617 0.428510813174602 0.252620137109279
ICOS 0.992105441680072 0.515856355626978 0.99152317593397 0.633775960280899 0.489756830033865 0.220185860862309
BAG1 2.66638926905759 3.71669856541426 2.65643718116833 4.43219921547062 0.325998113725061 0.0164901240663752
CCNE1 0.772105708273901 0.776909294494521 0.771644066990946 0.922201513663408 0.492413653011339 0.27744382018249
SOX10 0.852886016728487 1.39436616064622 0.850624508812722 1.90829059644819 0.462412901182838 0.188578885667939
TFRC 0.974689833683474 0.486257887404474 0.974169762020998 0.592168948796749 0.484967793009698 0.219546918895065
ESR1 0.943098912402806 0.1135576058665 0.942868967060867 0.172040691224712 0.495291197129459 0.132374338343026
CDKN2A 1.48564759636182 4.03568169936858 1.48220852090326 4.47683526718568 0.454490984652337 0.124896121985894
LYPD6B 0.973293805949156 0.417778713770273 0.972723040456819 0.530649436384942 0.492249139146192 0.137049700230913
MYL6 3.41066096056012 12.7220917530224 3.40192284539554 13.1680952412216 0.207079388990253 0.193320372692881
CD40LG 1.25224519428105 0.512838083416881 1.25146858837306 0.638103348827191 0.483157400720543 0.214689036119345
CTCF 2.279214745563 8.50825882361615 2.27571723540941 8.78851713866908 0.436474557636032 0.281171161391073
CCNE2 0.926390795110564 0.232635757346965 0.926092458205302 0.290987570904274 0.494472348209083 0.225435528974981
IFITM3 2.57896910221404 2.69472777570183 2.56403148291181 3.81946810409606 0.227886007310305 0.000397600992952393
THEMIS 0.9719973095037 0.138928995449781 0.971370362660887 0.270676452768116 0.485109842780256 0.0631928531298138
LYZ 1.45675816907157 1.54537649245751 1.4508462299558 2.34127646592734 0.418529178301199 0.000865602981066858
FABP7 2.19824330981916 1.83067922882239 2.19584090843447 2.04403984071965 0.442345310081437 0.197671560565156
CD44 1.42955290248138 5.06571585587527 1.42441478790279 5.73620282744112 0.431185518873636 0.158566969681848
IGF1R 1.32839948646672 3.10126722508365 1.32750247576596 3.23442761383051 0.482400825718406 0.28397345422212
FAP 1.04526050667786 0.457329855800124 1.04462502227077 0.573988134162583 0.486636981474248 0.188587193710469
THY1 2.06805276767441 5.59851990020521 2.06125308508727 6.21577982892088 0.351984177832343 0.0442571624793986
CD5 0.972404589816624 7.14439116956039 0.971645244861358 7.29316596569719 0.48598145305945 0.448063086927896
IGFBP5 3.41930805400104 28.8975494502557 3.077294702775 42.4069762682891 7.63793410422559e-15 8.035677259246e-15
FASN 3.14336326033395 36.67934753113 3.11221629918015 37.9277476190724 0.0456718368900937 0.0496165612166641
TIMP1 3.35717773099404 14.5232787550549 3.29090711491448 17.8632631160413 3.47929676815015e-05 1.29812894435194e-05
CD63 3.01717356268403 4.76126723921583 3.00345859198384 5.62510622238208 0.0747353259961239 0.0190516480599685
